AU01,AU02,AU04,AU05,AU06,AU07,AU09,AU10,AU12,AU14,AU15,AU17,AU20,AU23,AU25,AU26,AU45
0.001596,-0.001394,0.000317,0.000308,0.001973,-0.002639,0.002194,0.001733,-0.000478,0.002004,0.002235,0.001477,-0.000540,-0.000360,0.004475,-0.001533,-0.000363
0.001637,-0.002282,0.001016,0.001124,0.002286,-0.003254,0.002865,0.003203,-0.000445,0.001334,0.002166,0.000978,-0.000603,-0.000551,0.005085,-0.001413,-0.000416
0.001393,-0.003385,0.001082,0.001420,0.001812,-0.003090,0.002101,0.004320,-0.000309,-0.000471,0.001183,0.000571,-0.000464,-0.000720,0.004581,-0.000813,-0.000262
0.000926,-0.004122,0.000706,0.001244,0.000623,-0.001708,0.000184,0.004797,-0.000046,-0.003100,0.000227,0.000006,-0.000411,-0.000997,0.003371,0.000274,0.000078
0.000580,-0.003925,0.000110,0.000415,-0.000889,0.000397,-0.002334,0.004584,0.000395,-0.005420,-0.000455,-0.000431,-0.000346,-0.001256,0.001544,0.001546,0.000662
0.000722,-0.002625,-0.000920,0.000024,-0.002536,0.003079,-0.005176,0.004039,0.000880,-0.007010,-0.001260,-0.000958,-0.000647,-0.001246,-0.000921,0.003306,0.001393
0.001702,-0.000739,-0.002314,-0.000219,-0.004058,0.004576,-0.007312,0.002570,0.001089,-0.007377,-0.002128,-0.001308,-0.000863,-0.000754,-0.003277,0.004575,0.002360
0.002825,0.001460,-0.003388,0.000158,-0.004996,0.006650,-0.008546,0.000690,0.001154,-0.006065,-0.002448,-0.001294,-0.001326,0.000174,-0.005318,0.005084,0.003129
0.003790,0.003442,-0.003055,0.001139,-0.004960,0.007901,-0.007486,-0.000717,0.000940,-0.003560,-0.002268,-0.001056,-0.001883,0.001328,-0.006368,0.004833,0.002794
0.003376,0.004025,-0.001038,0.002437,-0.003809,0.007168,-0.004113,-0.000936,0.000590,-0.000499,-0.001795,-0.001506,-0.002230,0.002371,-0.005893,0.004635,0.001448
0.001754,0.004232,0.002572,0.003998,-0.001678,0.004418,0.001360,0.000031,0.000348,0.002565,-0.001799,-0.003265,-0.002137,0.003093,-0.004977,0.004534,0.000144
-0.001058,0.003519,0.005853,0.004464,0.000255,0.001040,0.005852,0.001390,0.000154,0.004337,-0.003304,-0.004764,-0.001253,0.003537,-0.004190,0.004499,-0.001018
-0.004634,0.001785,0.008505,0.004645,0.001800,-0.001532,0.008714,0.002594,0.000010,0.004371,-0.004441,-0.006123,-0.000222,0.003286,-0.002249,0.003717,-0.001995
-0.007731,-0.000085,0.010249,0.003842,0.003355,-0.001397,0.009725,0.003331,0.000289,0.002396,-0.004866,-0.006847,0.001220,0.002130,0.000882,0.002052,-0.002779
-0.009170,-0.000915,0.010425,0.002952,0.004664,0.001543,0.008333,0.004491,0.000843,-0.000931,-0.004724,-0.007151,0.002292,0.000014,0.005203,0.001259,-0.003202
-0.008157,-0.000145,0.008518,0.001514,0.005177,0.005182,0.004860,0.004865,0.001519,-0.005376,-0.004382,-0.007081,0.003254,-0.002972,0.010812,0.000884,-0.003148
-0.005508,0.002167,0.004861,0.000119,0.004752,0.010843,-0.000289,0.004172,0.002181,-0.009819,-0.003619,-0.006568,0.003873,-0.006155,0.016383,0.000528,-0.002801
-0.000351,0.004629,0.001308,0.000598,0.003521,0.015899,-0.005491,0.002588,0.002522,-0.014238,-0.002136,-0.006455,0.002988,-0.010182,0.021207,-0.000348,-0.002783
0.005547,0.005886,-0.001558,0.001862,0.002080,0.019442,-0.009936,0.001031,0.002763,-0.018460,0.000077,-0.006462,0.000940,-0.014685,0.026238,0.000769,-0.003199
0.010414,0.006987,-0.003342,0.002980,0.001126,0.018646,-0.012491,0.000261,0.003222,-0.020894,0.002583,-0.006884,-0.001778,-0.018426,0.029497,0.004705,-0.003119
0.013509,0.008089,-0.005225,0.002834,0.000432,0.013327,-0.013507,0.000503,0.003496,-0.020446,0.003843,-0.006861,-0.004265,-0.019975,0.028954,0.010284,-0.002330
0.014092,0.008056,-0.006769,0.003358,-0.000067,0.003254,-0.012503,0.001377,0.003190,-0.015857,0.004466,-0.006094,-0.006110,-0.018278,0.025240,0.014164,-0.000813
0.012433,0.006383,-0.007876,0.003993,0.000411,-0.006368,-0.009236,0.002187,0.002620,-0.009306,0.003895,-0.004367,-0.006813,-0.013279,0.017317,0.015096,0.001164
0.008930,0.003570,-0.008426,0.003753,0.001437,-0.014045,-0.004908,0.003566,0.001797,-0.001789,0.002627,-0.002495,-0.005821,-0.005934,0.006219,0.014186,0.003619
0.004254,0.000296,-0.008282,0.000583,0.001953,-0.019403,-0.000241,0.004775,0.001292,0.006051,0.000605,-0.000161,-0.002710,0.002147,-0.005334,0.010867,0.006015
-0.001801,-0.002202,-0.008038,-0.006121,0.001636,-0.021540,0.004489,0.004967,0.000685,0.014073,-0.001946,0.003182,0.002832,0.010983,-0.017036,0.004980,0.007811
-0.006423,-0.004467,-0.006774,-0.011887,0.000478,-0.021800,0.008436,0.003605,-0.000082,0.020436,-0.004058,0.005266,0.007809,0.017632,-0.027707,-0.004680,0.009170
-0.009469,-0.007556,-0.004257,-0.016034,-0.001402,-0.017780,0.010748,0.000586,-0.000609,0.023031,-0.004848,0.006258,0.011224,0.020573,-0.033542,-0.013132,0.009758
-0.011815,-0.010871,-0.000531,-0.018666,-0.003384,-0.012633,0.011004,-0.002808,-0.000281,0.022173,-0.003176,0.006705,0.012502,0.020129,-0.034599,-0.018343,0.009446
-0.013097,-0.013580,0.002666,-0.019397,-0.004764,-0.006594,0.009764,-0.005204,0.000796,0.018947,0.000249,0.006742,0.011776,0.017060,-0.031236,-0.019594,0.008112
-0.014022,-0.014625,0.004704,-0.016711,-0.005474,-0.002560,0.007797,-0.005717,0.001901,0.016611,0.004505,0.006617,0.009813,0.013117,-0.023285,-0.018858,0.005692
-0.013978,-0.013373,0.005664,-0.010551,-0.004186,0.001191,0.006217,-0.005022,0.003140,0.014650,0.007904,0.006491,0.006674,0.009543,-0.014115,-0.016625,0.002699
-0.012736,-0.010111,0.004970,-0.002495,-0.001234,0.004247,0.004420,-0.003274,0.004101,0.013286,0.010142,0.005059,0.003431,0.006369,-0.005648,-0.013419,-0.000381
-0.010500,-0.006353,0.003711,0.006158,0.001513,0.007847,0.002258,-0.000574,0.005229,0.011947,0.010108,0.002979,0.000526,0.003508,0.001137,-0.009572,-0.003417
-0.008081,-0.002280,0.001758,0.011839,0.003526,0.011272,0.000230,0.002340,0.005722,0.011222,0.007252,0.001640,-0.000744,0.002045,0.005120,-0.005701,-0.006291
-0.004860,0.002050,-0.000091,0.015397,0.005134,0.012312,-0.001489,0.004842,0.005428,0.010268,0.002134,0.000650,-0.001070,0.001214,0.005693,-0.004128,-0.008032
0.000388,0.005781,-0.001065,0.016960,0.005951,0.012449,-0.002968,0.005764,0.004663,0.008759,-0.003995,-0.000014,-0.001131,0.000379,0.005112,-0.002745,-0.008126
0.005802,0.008482,-0.000632,0.015505,0.005779,0.009760,-0.004315,0.005224,0.003708,0.006362,-0.008622,0.000076,-0.001711,-0.000356,0.003484,-0.002107,-0.006863
0.010581,0.008448,0.000658,0.012024,0.004543,0.006578,-0.005510,0.003711,0.003164,0.002147,-0.010674,0.001021,-0.002642,-0.001479,0.002103,-0.001405,-0.004406
0.013000,0.006755,0.001324,0.007064,0.002311,0.002150,-0.006148,0.002511,0.002223,-0.001877,-0.009800,0.002295,-0.003647,-0.002420,0.001596,-0.001513,-0.001666
0.013513,0.005301,0.001893,0.000949,0.000552,-0.002853,-0.005608,0.001224,0.001358,-0.005970,-0.006965,0.003711,-0.004822,-0.002700,0.001376,-0.002074,0.001092
0.012480,0.004702,0.001147,-0.005720,-0.000356,-0.008693,-0.004430,-0.000317,0.000393,-0.008247,-0.003076,0.004383,-0.005559,-0.002669,0.000737,-0.003508,0.003152
0.010342,0.004332,-0.000262,-0.009866,-0.001105,-0.012259,-0.003136,-0.001828,-0.000456,-0.009671,0.000575,0.004262,-0.006255,-0.002562,-0.000854,-0.004444,0.004153
0.006662,0.002971,-0.001978,-0.012030,-0.001955,-0.012376,-0.001981,-0.002966,-0.001767,-0.010773,0.002887,0.003375,-0.006267,-0.002444,-0.003103,-0.004292,0.003929
0.001531,0.000965,-0.003602,-0.012254,-0.002361,-0.009846,-0.000191,-0.003388,-0.003556,-0.012255,0.004123,0.002079,-0.005127,-0.002330,-0.006159,-0.003097,0.002493
-0.002016,-0.000765,-0.004527,-0.010650,-0.002076,-0.006147,0.002223,-0.003704,-0.005101,-0.012852,0.004032,0.000856,-0.003231,-0.002336,-0.008708,-0.001656,0.000463
-0.004120,-0.001343,-0.004387,-0.008588,-0.001000,-0.002996,0.005046,-0.003764,-0.006255,-0.011932,0.003248,0.000123,-0.001354,-0.002267,-0.009319,-0.000489,-0.001701
-0.004596,-0.002121,-0.002568,-0.005748,0.000048,-0.000582,0.007247,-0.002721,-0.006107,-0.010243,0.001629,0.000088,0.000472,-0.002357,-0.007836,0.001259,-0.002812
-0.003836,-0.002731,-0.000445,-0.001630,0.000891,0.001567,0.008669,-0.000386,-0.005271,-0.007610,0.000454,0.000166,0.002038,-0.002053,-0.005569,0.003241,-0.003100
-0.001488,-0.001861,0.002387,0.001616,0.001432,0.003241,0.009318,0.002998,-0.004030,-0.005032,0.000822,0.000319,0.002972,-0.001344,-0.002600,0.004784,-0.002428
0.001632,0.001116,0.004821,0.003370,0.001245,0.003239,0.008841,0.006489,-0.002534,-0.001545,0.001507,0.000790,0.003413,-0.000242,0.000186,0.005584,-0.001064
0.005165,0.004408,0.006542,0.004111,0.000561,0.002463,0.007597,0.009075,-0.000854,0.002516,0.001702,0.001472,0.002663,0.001105,0.002291,0.006165,0.000755
0.006741,0.006481,0.007379,0.004460,-0.000422,0.002151,0.005520,0.009298,0.000306,0.006312,0.000917,0.001971,0.001452,0.002545,0.003740,0.006828,0.002404
0.005620,0.006801,0.006939,0.005651,-0.001643,0.003386,0.004218,0.007462,0.000466,0.008495,0.000570,0.001454,0.000215,0.004051,0.004178,0.008017,0.002941
0.002214,0.006031,0.005566,0.006716,-0.002684,0.006094,0.003635,0.003281,-0.000104,0.008730,0.000660,0.000435,-0.001382,0.005044,0.003768,0.007707,0.002218
-0.003521,0.004377,0.003247,0.006359,-0.002908,0.008640,0.003420,-0.003055,-0.001328,0.007044,0.000931,-0.000881,-0.003877,0.005194,0.003775,0.005735,0.000450
-0.009882,0.001373,0.001111,0.004723,-0.002696,0.008721,0.003225,-0.008897,-0.002214,0.004223,-0.000220,-0.001985,-0.006561,0.004599,0.003467,0.002748,-0.001574
-0.015079,-0.003148,-0.001084,0.003489,-0.001680,0.007892,0.002639,-0.013539,-0.002604,0.001119,-0.002321,-0.002755,-0.008826,0.003965,0.002727,-0.000100,-0.003765
-0.016927,-0.006727,-0.002810,0.002466,-0.000376,0.006224,0.001765,-0.015710,-0.002947,-0.002346,-0.003149,-0.003145,-0.009780,0.003743,0.002188,-0.002725,-0.005613
-0.015572,-0.007111,-0.003886,0.001548,0.000466,0.003178,0.000187,-0.014713,-0.002876,-0.006287,-0.002848,-0.002341,-0.009041,0.003708,0.002123,-0.004951,-0.006394
-0.010643,-0.006688,-0.003864,-0.000755,0.000637,-0.001063,-0.001998,-0.010825,-0.002047,-0.009656,-0.001994,0.000170,-0.006923,0.003473,0.002344,-0.006459,-0.005490
-0.004939,-0.006594,-0.003225,-0.004079,0.000485,-0.006002,-0.004533,-0.006955,-0.000959,-0.010901,-0.000904,0.003783,-0.003192,0.002959,0.002882,-0.007073,-0.003463
0.000688,-0.006866,-0.001784,-0.005184,0.000135,-0.010176,-0.005716,-0.003414,0.000039,-0.010144,0.000609,0.006474,0.001526,0.002410,0.003696,-0.006335,-0.001161
0.005475,-0.006742,0.000325,-0.004251,-0.000392,-0.010478,-0.005963,-0.000643,0.000466,-0.008005,0.002509,0.008038,0.006048,0.001345,0.004478,-0.004793,0.000781
0.007835,-0.005964,0.002327,-0.002601,-0.000783,-0.008512,-0.005899,0.000819,0.000155,-0.005705,0.004640,0.007516,0.008256,-0.000654,0.005031,-0.002880,0.002523
0.007748,-0.005000,0.003843,-0.000975,-0.001152,-0.005768,-0.005377,0.001977,-0.000315,-0.003790,0.005805,0.005640,0.008409,-0.003233,0.004192,-0.001140,0.003388
0.005686,-0.005755,0.004437,0.000104,-0.001227,-0.001949,-0.004799,0.002724,-0.000945,-0.001846,0.005299,0.002600,0.006500,-0.005975,0.002145,0.000701,0.003281
0.003332,-0.006282,0.003825,0.001643,-0.001211,0.002291,-0.003497,0.002919,-0.002070,-0.000137,0.003009,-0.001670,0.003669,-0.007409,-0.000747,0.002799,0.002271
0.000906,-0.005130,0.001575,0.003817,-0.001077,0.006302,-0.001870,0.003144,-0.003317,0.000728,0.000613,-0.006161,0.001139,-0.007666,-0.003444,0.004584,0.000216
0.000009,-0.002887,-0.001293,0.005925,-0.001180,0.009060,-0.001301,0.003927,-0.003886,0.000959,-0.002226,-0.008631,-0.000221,-0.006917,-0.005818,0.006090,-0.001694
0.000133,-0.000735,-0.004752,0.006798,-0.001353,0.010222,-0.001802,0.003814,-0.003512,0.001400,-0.004224,-0.008773,-0.000369,-0.005506,-0.007335,0.006871,-0.003183
0.000967,0.001454,-0.006694,0.007450,-0.001334,0.008718,-0.002209,0.003249,-0.002117,0.002292,-0.005622,-0.007510,0.000149,-0.003273,-0.006952,0.006793,-0.003929
0.002872,0.003369,-0.006773,0.008047,-0.001074,0.006309,-0.002555,0.002405,-0.000504,0.003826,-0.006101,-0.005196,0.000697,-0.000867,-0.004942,0.006124,-0.004391
0.005252,0.005566,-0.005101,0.007023,-0.000715,0.002295,-0.002844,0.001529,0.001120,0.005661,-0.005246,-0.003691,0.000221,0.000922,-0.001743,0.004975,-0.003822
0.006733,0.007994,-0.002353,0.003264,-0.000358,-0.002709,-0.002757,0.000838,0.002538,0.006358,-0.003139,-0.002382,-0.000881,0.002231,0.001833,0.003095,-0.002852
0.006358,0.009027,0.000934,-0.002999,-0.000017,-0.007184,-0.002233,0.000370,0.003278,0.005969,-0.000429,-0.001829,-0.002668,0.002928,0.004761,0.000606,-0.001363
0.004343,0.008647,0.003992,-0.009319,0.000087,-0.010503,-0.000377,-0.000092,0.003000,0.004475,0.000775,-0.002178,-0.004706,0.003672,0.006330,-0.002181,0.000453
0.000578,0.006878,0.005467,-0.013858,0.000065,-0.011125,0.002504,-0.000604,0.001629,0.002484,0.002088,-0.002799,-0.005879,0.003882,0.006779,-0.004639,0.001180
-0.003446,0.004829,0.005109,-0.014934,-0.000242,-0.011116,0.004834,-0.000819,-0.000410,0.001034,0.002326,-0.002433,-0.004937,0.003517,0.005230,-0.006574,0.001151
-0.006359,0.002800,0.002610,-0.012671,-0.000495,-0.008959,0.005974,-0.001444,-0.002026,0.000029,0.002712,-0.000555,-0.002892,0.002396,0.002364,-0.007116,0.000640
-0.007874,0.001318,-0.000321,-0.007193,-0.000687,-0.005727,0.005832,-0.001752,-0.002663,-0.000541,0.002866,0.002593,-0.000272,0.001135,-0.000535,-0.006585,0.000335
-0.007556,0.000211,-0.002274,0.001111,-0.000540,-0.002250,0.004421,-0.001255,-0.002672,-0.000850,0.002846,0.006058,0.001238,-0.000224,-0.002282,-0.004893,0.000096
-0.005201,0.000019,-0.002997,0.009209,-0.000237,0.000068,0.002065,-0.000442,-0.001702,-0.000747,0.002855,0.008059,0.001800,-0.001764,-0.002880,-0.002304,0.000254
-0.002014,0.001127,-0.002940,0.013559,0.000075,-0.000116,-0.000875,0.000213,-0.000249,-0.000721,0.002934,0.008533,0.001837,-0.003144,-0.002416,0.000105,0.000395
0.000809,0.002856,-0.002140,0.013527,0.000420,-0.001159,-0.003834,0.000363,0.001157,-0.001069,0.002629,0.006874,0.001771,-0.003957,-0.001396,0.001902,0.000779
0.002385,0.003505,-0.000926,0.009277,0.000461,-0.001406,-0.005641,0.000067,0.002230,-0.001970,0.001110,0.003750,0.001826,-0.003856,-0.000350,0.002458,0.001399
0.002499,0.002543,0.000420,0.003321,0.000374,0.000922,-0.006113,-0.000069,0.002724,-0.003378,-0.000436,0.000632,0.001854,-0.003327,0.000441,0.002539,0.001777
0.001556,0.001076,0.001424,-0.000958,-0.000253,0.001597,-0.005587,0.000259,0.002392,-0.003578,-0.002129,-0.001897,0.003435,-0.002552,0.000365,0.001678,0.001796
0.000810,-0.000385,0.001273,-0.003247,-0.000826,0.002602,-0.004740,0.000464,0.001540,-0.002964,-0.003431,-0.003803,0.005526,-0.002009,-0.000588,0.001646,0.001550
0.000399,-0.002364,0.000090,-0.002970,-0.001397,0.002960,-0.003844,0.000610,0.000482,-0.001809,-0.004099,-0.004492,0.008162,-0.001657,-0.002719,0.001937,0.001427
0.000556,-0.004659,-0.000189,-0.000726,-0.001690,0.004458,-0.002846,0.001501,-0.000801,-0.000745,-0.004146,-0.003920,0.009413,-0.001379,-0.004084,0.002721,0.001546
0.001508,-0.006675,0.000104,0.002625,-0.001783,0.004978,-0.001776,0.002307,-0.001461,0.000758,-0.003505,-0.002904,0.009246,-0.000810,-0.004679,0.003891,0.001981
0.003370,-0.007455,-0.000321,0.005499,-0.001680,0.003919,-0.000933,0.002387,-0.001727,0.002619,-0.002285,-0.002793,0.007599,-0.000012,-0.004267,0.004663,0.002193
0.004798,-0.007102,-0.001659,0.007018,-0.001179,0.001493,-0.000494,0.001360,-0.001745,0.004296,-0.001398,-0.003927,0.005491,0.000997,-0.002998,0.004909,0.002166
0.005179,-0.006559,-0.003606,0.004885,-0.000795,-0.000388,-0.000043,-0.000420,-0.001325,0.004758,-0.001187,-0.004972,0.002785,0.002174,-0.001959,0.004203,0.001384
0.004409,-0.006130,-0.005274,-0.000180,-0.000065,0.000263,0.000596,-0.001731,-0.000591,0.003584,-0.000966,-0.004446,-0.000624,0.003144,-0.001751,0.002713,0.000293
0.002742,-0.004778,-0.005442,-0.003230,0.000300,0.000522,0.001784,-0.001958,0.000204,0.002226,-0.000492,-0.002314,-0.003283,0.003914,-0.001311,0.000242,-0.000940
0.001359,-0.001859,-0.004355,-0.003789,0.000642,0.002410,0.002712,-0.001166,0.000634,0.001494,0.000037,-0.000787,-0.005953,0.004044,-0.000967,-0.001156,-0.002086
0.000193,0.001421,-0.002329,-0.002117,0.000873,0.002367,0.003239,-0.000122,0.000445,0.000749,0.000530,0.000261,-0.006728,0.003387,-0.000995,-0.002305,-0.002917
-0.000706,0.004222,0.001330,-0.000397,0.001055,0.004115,0.003611,0.001307,-0.000317,-0.000686,0.000775,0.002275,-0.005711,0.002104,-0.000655,-0.002573,-0.003322
-0.001875,0.006267,0.005712,0.000690,0.000903,0.003275,0.004029,0.002472,-0.001081,-0.001232,0.000628,0.005134,-0.003533,0.001111,-0.000007,-0.002454,-0.003093
-0.002224,0.007626,0.009204,0.001088,0.000435,0.002071,0.004314,0.002517,-0.001729,-0.001469,0.000492,0.006476,-0.001317,0.000275,0.001448,-0.002139,-0.002355
-0.003115,0.007792,0.010915,0.000773,-0.000065,-0.000071,0.003961,0.001009,-0.002302,-0.001428,0.000816,0.005252,0.001585,-0.000319,0.003751,-0.002228,-0.000886
-0.004095,0.006657,0.010599,-0.000822,-0.000441,-0.002540,0.002731,-0.001299,-0.002364,-0.002260,0.000998,0.002795,0.003465,-0.000656,0.004913,-0.002595,0.000290
-0.005269,0.003605,0.008066,-0.004079,-0.000334,-0.004217,0.000575,-0.004087,-0.001923,-0.004497,0.000938,0.001020,0.004125,-0.001043,0.004832,-0.003150,0.001224
-0.006163,-0.000501,0.004980,-0.006096,0.000146,-0.005516,-0.001705,-0.006281,-0.001077,-0.007561,0.000904,0.000513,0.003973,-0.001225,0.004333,-0.003630,0.001882
-0.005878,-0.004116,0.002004,-0.006131,0.000977,-0.004810,-0.003906,-0.007025,0.000057,-0.009485,0.000978,-0.000425,0.001128,-0.001486,0.003305,-0.002371,0.002144
-0.004032,-0.006319,-0.000798,-0.004423,0.001909,-0.004126,-0.005947,-0.007124,0.000983,-0.010185,0.001123,-0.001987,-0.001944,-0.001785,0.002582,-0.000953,0.002064
-0.000806,-0.007278,-0.003264,-0.001979,0.002779,-0.000864,-0.007407,-0.006566,0.001563,-0.009834,0.001227,-0.002739,-0.003783,-0.002007,0.002057,0.001585,0.001658
0.002130,-0.006871,-0.005307,-0.000062,0.003039,0.001242,-0.007528,-0.005490,0.001613,-0.007595,0.000672,-0.001784,-0.004723,-0.001488,0.001964,0.004428,0.000983
0.004869,-0.005284,-0.006943,0.000794,0.002209,0.002437,-0.006039,-0.004135,0.001423,-0.004720,0.000012,-0.000199,-0.005243,-0.001121,0.002267,0.007586,0.000015
0.006490,-0.002941,-0.008315,0.000576,0.000275,0.002071,-0.003172,-0.002919,0.001031,-0.001239,0.000702,0.000350,-0.004754,-0.000883,0.002932,0.009173,-0.000575
0.007000,-0.000145,-0.008875,0.000060,-0.001885,0.000592,0.000248,-0.001370,0.000572,0.002263,0.002328,0.000020,-0.004172,-0.000656,0.002633,0.008465,-0.001051
0.006147,0.001606,-0.009089,0.000336,-0.003939,-0.000281,0.003240,-0.000255,-0.000009,0.004914,0.003710,-0.000277,-0.003500,-0.000683,0.002263,0.005786,-0.001282
0.004164,0.002229,-0.008315,0.001594,-0.004787,-0.000691,0.005494,0.000609,-0.000686,0.006450,0.004611,-0.000024,-0.002250,-0.000664,0.001639,0.002048,-0.001201
0.001510,0.001937,-0.006320,0.003467,-0.004103,-0.000169,0.006806,0.001812,-0.001043,0.007193,0.004599,0.000146,-0.001767,-0.000842,0.000489,-0.000874,-0.001013
-0.000975,0.002039,-0.003253,0.005560,-0.002262,0.000600,0.006732,0.002677,-0.001162,0.007181,0.003743,-0.000072,-0.001213,-0.001067,-0.000320,-0.003545,-0.000621
-0.002768,0.002373,-0.000537,0.007350,0.000357,0.002966,0.005586,0.003372,-0.001155,0.006636,0.001998,-0.000515,-0.000074,-0.000985,-0.001748,-0.004687,-0.000053
-0.005105,0.002985,0.001451,0.008076,0.002980,0.006091,0.003674,0.003745,-0.001336,0.005657,-0.000697,-0.000924,0.001096,-0.000172,-0.002764,-0.004445,0.000673
-0.007206,0.003796,0.002914,0.007185,0.004631,0.008247,0.001606,0.004422,-0.001460,0.003879,-0.003272,-0.000954,0.002140,0.000401,-0.003477,-0.002214,0.001076
-0.008781,0.003834,0.002970,0.004142,0.004653,0.007987,0.000095,0.004969,-0.001202,0.001547,-0.004506,-0.001381,0.003021,0.000723,-0.002951,0.001047,0.001309
-0.009632,0.003366,0.002375,-0.001186,0.003374,0.004603,-0.001130,0.005704,-0.000562,-0.000981,-0.004403,-0.002055,0.003848,0.000696,-0.001642,0.003895,0.001402
-0.009502,0.002006,0.001334,-0.006066,0.000846,0.000630,-0.001801,0.005836,0.000066,-0.003339,-0.003355,-0.002738,0.004384,0.000789,0.000772,0.005624,0.001213
-0.007497,0.000136,0.000541,-0.009540,-0.001116,-0.003555,-0.002385,0.005138,0.000018,-0.003958,-0.001953,-0.002754,0.004910,0.001125,0.004613,0.005899,0.001083
-0.003822,-0.002215,0.000583,-0.011290,-0.001752,-0.006023,-0.002356,0.003598,-0.000324,-0.002476,-0.000328,-0.001209,0.005024,0.001629,0.008687,0.005201,0.000888
0.002100,-0.003518,0.002472,-0.013365,-0.000562,-0.006817,-0.001920,0.001273,-0.000796,0.000628,0.001084,0.001580,0.004622,0.002025,0.012737,0.003215,0.001916
0.008956,-0.003761,0.005591,-0.015863,0.002046,-0.003908,-0.000614,-0.000798,-0.000954,0.004614,0.001792,0.004566,0.004425,0.002073,0.013870,0.001193,0.006149
0.014362,-0.002844,0.010066,-0.017959,0.004773,0.003540,0.001326,-0.001617,-0.000821,0.008385,0.001520,0.006456,0.004227,0.000096,0.011826,-0.001097,0.015649
0.018843,-0.000794,0.014853,-0.019460,0.007183,0.013789,0.003462,-0.000510,0.000678,0.011074,0.000730,0.007374,0.003779,-0.006036,0.006240,-0.002663,0.030972
0.022001,0.000375,0.019505,-0.019103,0.008259,0.024992,0.005505,0.002128,0.004345,0.011697,0.000852,0.006977,0.002812,-0.016721,-0.000374,-0.003249,0.047300
0.023027,0.001731,0.022818,-0.018631,0.007641,0.032956,0.006539,0.006002,0.009328,0.010072,0.000840,0.005233,0.002456,-0.029054,-0.007332,-0.003134,0.060258
0.021003,0.003118,0.024020,-0.015712,0.005250,0.036223,0.007043,0.009841,0.014236,0.006275,0.000731,0.001979,0.002372,-0.038486,-0.013918,-0.002738,0.063337
0.016105,0.004324,0.022661,-0.009114,0.002278,0.031649,0.006946,0.012377,0.016075,0.002530,-0.000676,-0.001666,0.002981,-0.041342,-0.017484,-0.002406,0.052861
0.008515,0.004661,0.018175,0.001923,-0.001150,0.019489,0.006599,0.011547,0.014007,-0.000314,-0.002289,-0.002840,0.003238,-0.034643,-0.017263,-0.003346,0.026135
0.001271,0.004653,0.010239,0.011806,-0.003541,0.000625,0.005256,0.006540,0.007983,-0.002568,-0.004469,-0.001500,0.002236,-0.017873,-0.013424,-0.005908,-0.012733
-0.006835,0.003587,-0.000699,0.019811,-0.004616,-0.020813,0.003023,-0.001994,-0.000754,-0.004484,-0.006738,0.000599,0.000947,0.008049,-0.008731,-0.008387,-0.056670
-0.016298,0.002661,-0.012098,0.025279,-0.005392,-0.039347,0.000756,-0.010925,-0.011621,-0.006250,-0.008244,0.002292,-0.000830,0.037260,-0.004368,-0.010818,-0.093926
-0.024457,0.000641,-0.024525,0.026185,-0.005361,-0.052529,-0.001799,-0.018482,-0.021263,-0.008536,-0.008784,0.003028,-0.003416,0.061816,-0.000325,-0.011488,-0.112157
-0.029344,-0.001980,-0.034192,0.026142,-0.005118,-0.057137,-0.004709,-0.022554,-0.026127,-0.011823,-0.006035,0.002668,-0.008161,0.073528,0.003639,-0.010257,-0.110636
-0.029680,-0.004377,-0.040339,0.023005,-0.005068,-0.053759,-0.008053,-0.022682,-0.025568,-0.015441,-0.001546,0.000061,-0.012837,0.071232,0.006757,-0.007727,-0.089935
-0.025761,-0.005704,-0.041450,0.018589,-0.004992,-0.042036,-0.011382,-0.019163,-0.019865,-0.018233,0.004353,-0.004858,-0.015720,0.056764,0.008112,-0.005313,-0.057286
-0.020351,-0.005908,-0.036740,0.014455,-0.004642,-0.026265,-0.012266,-0.012348,-0.011930,-0.018488,0.009330,-0.010445,-0.015273,0.034607,0.008298,-0.002387,-0.020670
-0.014144,-0.005379,-0.026896,0.011687,-0.004502,-0.010213,-0.010263,-0.005241,-0.003557,-0.015063,0.012874,-0.013609,-0.013287,0.010103,0.008763,-0.000757,0.010402
-0.006125,-0.004324,-0.013931,0.007875,-0.004153,0.002669,-0.006919,-0.000173,0.003833,-0.009101,0.013339,-0.013614,-0.009977,-0.011999,0.009488,-0.000910,0.032554
0.000988,-0.004561,-0.001530,0.004709,-0.003777,0.011481,-0.004236,0.001419,0.009402,-0.002655,0.011706,-0.011595,-0.005256,-0.027053,0.007948,-0.000948,0.042579
0.004318,-0.004473,0.009132,0.001983,-0.003580,0.016283,-0.001844,0.000649,0.011170,0.003970,0.008945,-0.007681,0.000178,-0.033658,0.003077,-0.000861,0.042992
0.005413,-0.006210,0.014556,-0.002047,-0.002836,0.017005,0.000033,-0.000972,0.009861,0.009341,0.004492,-0.001946,0.005344,-0.032344,-0.003250,0.002116,0.039798
0.004295,-0.005881,0.015636,-0.004442,-0.001679,0.015017,0.001666,-0.001307,0.007369,0.012791,0.000255,0.005163,0.006931,-0.026668,-0.009513,0.007620,0.034001
0.002669,-0.004888,0.013420,-0.005937,-0.000515,0.010313,0.002660,0.000765,0.004614,0.013451,-0.003340,0.010555,0.005600,-0.018697,-0.014461,0.014548,0.027596
0.002162,-0.003002,0.009567,-0.006440,0.000321,0.005821,0.002428,0.004060,0.002143,0.011802,-0.005376,0.013172,0.004191,-0.010623,-0.017781,0.018420,0.021396
0.001319,-0.000368,0.005809,-0.006164,0.000994,0.003353,0.002505,0.008839,-0.000051,0.008878,-0.006563,0.013380,0.003767,-0.003429,-0.019644,0.019366,0.015523
0.001433,0.003001,0.003666,-0.006514,0.001394,0.002621,0.003786,0.012765,-0.001709,0.007693,-0.007563,0.012350,0.002341,0.001410,-0.018896,0.016618,0.009905
0.004065,0.006830,0.004879,-0.008024,0.001025,0.002219,0.005975,0.014143,-0.002360,0.008509,-0.009180,0.010459,0.000682,0.003606,-0.014527,0.009954,0.005421
0.007948,0.009267,0.007585,-0.009917,-0.000432,0.002898,0.006537,0.012450,-0.001893,0.008911,-0.008819,0.007012,-0.000536,0.003873,-0.007982,0.001432,0.001784
0.009803,0.009455,0.010070,-0.011971,-0.001934,0.004498,0.005438,0.007688,-0.001547,0.008638,-0.005833,0.002291,-0.001149,0.002788,-0.001276,-0.008218,-0.000970
0.010422,0.005540,0.010370,-0.013646,-0.002564,0.007058,0.003440,0.001600,-0.001282,0.007108,-0.002276,-0.001406,-0.001116,0.001437,0.003948,-0.014588,-0.002160
0.008960,0.002062,0.008247,-0.013370,-0.002037,0.010918,0.001852,-0.004367,-0.000811,0.004786,0.001150,-0.003053,-0.001624,0.000362,0.007908,-0.016862,-0.002522
0.005918,-0.002262,0.004831,-0.010304,-0.000458,0.013620,0.000694,-0.007678,0.000075,0.001322,0.004132,-0.003804,-0.002472,-0.000228,0.010651,-0.013901,-0.002905
0.002323,-0.005633,0.000797,-0.005795,0.001848,0.014186,-0.000279,-0.008655,0.001254,-0.003632,0.006388,-0.004198,-0.002221,-0.000573,0.012352,-0.009394,-0.003271
-0.001620,-0.007687,-0.003081,-0.000868,0.004666,0.014142,-0.001031,-0.006706,0.002881,-0.009469,0.006966,-0.004095,-0.001335,-0.000731,0.012081,-0.004022,-0.004016
-0.004654,-0.007881,-0.005701,0.002516,0.007348,0.013060,-0.001340,-0.003619,0.004224,-0.013312,0.005365,-0.003886,-0.000703,-0.001361,0.009934,0.001685,-0.003950
-0.004946,-0.006213,-0.004899,0.004458,0.008313,0.008956,-0.001199,-0.000190,0.005577,-0.013591,0.001720,-0.003399,0.000630,-0.002685,0.007024,0.006031,-0.002859
-0.003186,-0.003059,-0.001650,0.003537,0.006889,0.002399,-0.001776,0.003130,0.006742,-0.010876,-0.001709,-0.003762,0.002626,-0.004434,0.004217,0.008238,-0.001054
-0.001136,0.000296,0.001623,0.000370,0.004470,-0.004615,-0.003293,0.005676,0.006929,-0.005695,-0.003804,-0.005283,0.004873,-0.006039,0.002643,0.007664,0.000663
0.000103,0.001649,0.003843,-0.003428,0.001880,-0.010345,-0.004883,0.007573,0.006082,0.000004,-0.005061,-0.006157,0.006966,-0.006775,0.001376,0.005719,0.001705
0.000629,0.002716,0.004640,-0.005489,-0.000619,-0.012466,-0.005893,0.008243,0.004357,0.005150,-0.005814,-0.005703,0.008783,-0.006421,0.000800,0.002742,0.001759
0.001969,0.001527,0.004136,-0.004011,-0.002799,-0.011146,-0.005589,0.007744,0.001909,0.008889,-0.005992,-0.004063,0.010298,-0.004628,-0.000101,-0.000024,0.000841
0.003729,0.001478,0.001854,0.000104,-0.003835,-0.008275,-0.004212,0.005973,-0.000827,0.010280,-0.005396,-0.001555,0.011147,-0.001885,-0.000840,-0.003024,-0.000877
0.006003,0.002780,-0.001174,0.006012,-0.003598,-0.004879,-0.001926,0.003445,-0.002992,0.009163,-0.004602,0.001806,0.009685,0.001445,-0.002673,-0.005535,-0.003492
0.008309,0.005183,-0.004011,0.011612,-0.002201,-0.001637,0.000938,-0.000091,-0.004840,0.005950,-0.003560,0.004498,0.005766,0.005449,-0.005151,-0.006468,-0.006226
0.010360,0.007277,-0.004920,0.016555,-0.000671,0.000071,0.003330,-0.003782,-0.005515,0.001674,-0.001852,0.006485,0.001532,0.009203,-0.007721,-0.005224,-0.007585
0.010830,0.008542,-0.004454,0.018251,-0.000003,-0.000617,0.004619,-0.006414,-0.005069,-0.002576,0.000739,0.006392,-0.002640,0.011407,-0.009113,-0.003293,-0.007330
0.009286,0.008825,-0.003745,0.016145,-0.000321,-0.002822,0.004454,-0.007519,-0.003725,-0.005246,0.003505,0.004210,-0.005941,0.011626,-0.007662,-0.001076,-0.005247
0.003823,0.007294,-0.003384,0.010536,-0.001099,-0.005067,0.003164,-0.005055,-0.001913,-0.006689,0.005744,0.001317,-0.008764,0.009942,-0.004043,0.001032,-0.002030
-0.004441,0.003507,-0.003228,0.002623,-0.002201,-0.005756,0.001097,0.000082,0.000122,-0.007542,0.006339,-0.001263,-0.010208,0.006434,0.001506,0.002537,0.001564
-0.010769,-0.002460,-0.002644,-0.005374,-0.003569,-0.003757,-0.000795,0.005740,0.001538,-0.008334,0.005368,-0.003166,-0.010401,0.002608,0.006349,0.003190,0.004759
-0.014317,-0.007065,-0.002708,-0.011051,-0.004603,-0.000069,-0.002263,0.010298,0.001950,-0.009129,0.003478,-0.004089,-0.009418,-0.000977,0.010736,0.001963,0.006811
-0.014035,-0.008307,-0.002864,-0.013573,-0.004869,0.003351,-0.003046,0.012457,0.001644,-0.009343,0.000523,-0.003527,-0.008446,-0.003639,0.011761,-0.000307,0.007260
-0.010576,-0.006562,-0.002767,-0.013601,-0.003813,0.006216,-0.002984,0.011507,0.000588,-0.008835,-0.002635,-0.001307,-0.007835,-0.004233,0.009458,-0.003367,0.005796
-0.005421,-0.004633,-0.000390,-0.011142,-0.001538,0.008699,-0.002257,0.007410,0.000042,-0.007465,-0.005401,0.002183,-0.006318,-0.003221,0.003140,-0.005206,0.003051
0.000078,-0.003029,0.003229,-0.007266,0.001548,0.009674,-0.001502,0.001702,0.000022,-0.005551,-0.006867,0.005435,-0.003935,-0.001791,-0.004140,-0.006312,-0.000374
0.005258,-0.001340,0.006730,-0.003069,0.004637,0.008571,-0.000802,-0.005171,0.000726,-0.002719,-0.006176,0.007443,-0.000881,-0.000641,-0.009351,-0.006325,-0.003219
0.006855,0.000444,0.008386,0.000525,0.007090,0.006052,-0.000629,-0.010016,0.001788,0.002304,-0.003642,0.007378,0.001327,-0.000268,-0.011649,-0.005093,-0.004985
0.004708,-0.000032,0.008117,0.002548,0.008532,0.003059,-0.000313,-0.012343,0.003350,0.007652,-0.000066,0.005905,0.003328,-0.001253,-0.010530,-0.002676,-0.005563
0.001607,-0.001909,0.006948,0.002944,0.008489,0.000393,-0.000168,-0.012592,0.004615,0.011945,0.003961,0.003130,0.004496,-0.002465,-0.007774,0.000932,-0.005368
-0.001591,-0.003801,0.004239,0.003375,0.006823,-0.002018,-0.000102,-0.011373,0.004945,0.013614,0.007442,-0.000537,0.004826,-0.003855,-0.002099,0.003669,-0.004588
-0.003096,-0.002098,0.000205,0.003775,0.004100,-0.004545,0.000105,-0.009120,0.004005,0.013318,0.009045,-0.004575,0.004431,-0.004776,0.003240,0.005280,-0.003574
-0.002727,0.002139,-0.004700,0.004234,0.001227,-0.006213,0.000309,-0.006473,0.001691,0.011750,0.009108,-0.006971,0.003439,-0.004595,0.007709,0.006213,-0.002296
-0.001435,0.005332,-0.006876,0.004622,-0.001472,-0.005984,0.001057,-0.003868,-0.000669,0.009203,0.007276,-0.007357,0.003019,-0.003530,0.008630,0.006512,-0.001341
0.000544,0.006602,-0.006496,0.004865,-0.003673,-0.004121,0.001890,-0.001076,-0.002984,0.005579,0.003604,-0.005820,0.003633,-0.002270,0.006719,0.006547,-0.000609
0.003200,0.007045,-0.004485,0.004565,-0.004475,-0.002100,0.003036,0.001565,-0.004977,0.000763,0.000227,-0.003152,0.004634,-0.001004,0.003129,0.006325,0.000082
0.004846,0.007010,-0.002433,0.003587,-0.004075,-0.001000,0.003785,0.003683,-0.006633,-0.002170,-0.002885,-0.000931,0.005078,-0.000038,-0.000554,0.005567,0.000482
0.005261,0.005229,-0.000640,0.002313,-0.002598,-0.000501,0.004755,0.004883,-0.007305,-0.002679,-0.004332,0.000974,0.005071,0.000261,-0.003359,0.004688,0.000620
0.004981,0.002634,0.000919,0.001282,-0.000756,-0.000513,0.005293,0.005036,-0.007063,-0.001505,-0.003815,0.002095,0.004654,0.000642,-0.005082,0.003683,0.000271
0.003723,-0.000959,0.000583,0.001355,0.000693,-0.001282,0.005123,0.004127,-0.005819,-0.000796,-0.002648,0.002562,0.003805,0.000829,-0.004391,0.002616,-0.000283
0.002165,-0.002105,-0.000488,0.001324,0.001288,-0.002753,0.003979,0.002662,-0.004238,-0.001398,-0.001890,0.001939,0.003227,0.000925,-0.003101,0.000980,-0.001150
0.000775,-0.001931,-0.001989,0.001982,0.001152,-0.004050,0.001836,0.000762,-0.002558,-0.002396,-0.001308,0.000891,0.002687,0.000845,-0.001021,0.000131,-0.001478
-0.000255,-0.001206,-0.002340,0.003035,0.000416,-0.004885,-0.000551,-0.001677,-0.000458,-0.003603,-0.000534,0.000104,0.002207,0.000628,0.001768,-0.000304,-0.001541
-0.000492,-0.000526,-0.002045,0.004374,-0.000962,-0.004003,-0.002881,-0.003981,0.001681,-0.004549,-0.000050,0.000021,0.000918,0.000253,0.004837,0.000531,-0.001403
-0.000526,0.000544,-0.001144,0.005506,-0.002163,-0.001514,-0.004928,-0.005224,0.003490,-0.006152,0.001344,0.000307,-0.000856,0.000011,0.006434,0.002371,-0.001060
-0.000358,0.001886,-0.000537,0.005245,-0.002772,0.001311,-0.006242,-0.005605,0.004494,-0.007367,0.002240,0.000267,-0.002741,-0.000209,0.006727,0.003669,-0.000699
-0.000477,0.003001,0.000021,0.003430,-0.002411,0.004135,-0.006386,-0.004991,0.004838,-0.005992,0.003039,0.000385,-0.004829,-0.000562,0.005867,0.003362,-0.000192
-0.000063,0.003802,0.000537,0.000676,-0.001286,0.007050,-0.005261,-0.003496,0.004298,-0.002196,0.003877,0.000567,-0.005668,-0.000469,0.004090,0.000469,0.000179
0.000344,0.003653,-0.000902,-0.001927,0.000216,0.009186,-0.003155,-0.001201,0.003405,0.003020,0.003956,0.000884,-0.004912,-0.000367,0.002126,-0.003420,0.000492
0.000050,0.002928,-0.001846,-0.005005,0.001418,0.010316,-0.001186,0.002246,0.002230,0.006238,0.003148,0.000536,-0.002435,-0.000586,-0.000341,-0.007026,0.000786
-0.001075,0.000523,-0.001830,-0.007969,0.001869,0.010093,0.000539,0.006607,0.001206,0.006629,0.001433,-0.000845,0.001392,-0.001267,-0.002974,-0.009568,0.001503
-0.002502,-0.002607,-0.000696,-0.010477,0.001709,0.007646,0.002222,0.009826,0.000479,0.004583,-0.000640,-0.002397,0.005477,-0.002251,-0.004738,-0.010380,0.002497
-0.003303,-0.005942,0.000776,-0.012307,0.000859,0.005204,0.003741,0.011304,0.000127,0.002027,-0.003536,-0.003843,0.006671,-0.002981,-0.004709,-0.008920,0.002986
-0.004137,-0.008775,0.002549,-0.011133,-0.000106,0.003463,0.004035,0.011009,0.000427,-0.001057,-0.005362,-0.004894,0.005166,-0.003001,-0.003342,-0.005534,0.003062
-0.004304,-0.010565,0.003772,-0.008854,-0.000821,0.002632,0.003380,0.009352,0.000920,-0.004264,-0.005965,-0.005764,0.001956,-0.002352,-0.001101,-0.001451,0.002968
-0.004876,-0.010519,0.004460,-0.005924,-0.001095,0.001622,0.001823,0.006812,0.001647,-0.006410,-0.005558,-0.005812,-0.002576,-0.001194,0.001462,0.001208,0.002827
-0.004647,-0.009268,0.004538,-0.003002,-0.001078,0.001305,0.000173,0.003329,0.002057,-0.006867,-0.004247,-0.004418,-0.005942,0.000478,0.002810,0.001826,0.002538
-0.003738,-0.006181,0.003114,0.000161,-0.000887,0.000402,-0.001046,-0.000859,0.002017,-0.004804,-0.002601,-0.001659,-0.007299,0.001620,0.003273,0.001057,0.002148
-0.002097,-0.001669,0.001627,0.003251,-0.000546,-0.001072,-0.002280,-0.004292,0.001414,-0.001730,-0.000403,0.001517,-0.006281,0.001923,0.003157,0.000179,0.002005
-0.000490,0.002986,0.000340,0.005213,-0.000464,-0.004247,-0.003087,-0.005839,0.000579,-0.000291,0.002618,0.004093,-0.003232,0.001429,0.002879,-0.000444,0.002117
0.001158,0.007018,-0.000505,0.005577,-0.000435,-0.009262,-0.002410,-0.006339,-0.000728,-0.000481,0.005829,0.005933,0.001213,0.000129,0.001810,0.000538,0.001983
0.002929,0.009621,-0.000977,0.003651,-0.000503,-0.011966,-0.000374,-0.006486,-0.002308,-0.000693,0.006965,0.006275,0.003843,-0.001383,0.000195,0.003166,0.001223
0.004310,0.010700,-0.001474,0.003027,-0.000158,-0.012205,0.001822,-0.006437,-0.003437,-0.000721,0.006469,0.005338,0.004392,-0.002466,-0.000946,0.005889,0.000342
0.005394,0.010203,-0.001652,0.002313,0.000534,-0.010774,0.003252,-0.005824,-0.003990,-0.000495,0.005332,0.002928,0.002990,-0.002945,-0.001129,0.007857,-0.000323
0.004907,0.007860,-0.001822,0.001731,0.001407,-0.009013,0.003489,-0.004599,-0.003774,-0.000482,0.003414,-0.000230,0.000149,-0.002516,-0.000553,0.007905,-0.000744
0.003613,0.003658,-0.001629,0.001075,0.001967,-0.005571,0.003077,-0.003369,-0.002961,-0.000468,0.000929,-0.002854,-0.002539,-0.001301,-0.000358,0.006481,-0.000957
0.001624,-0.001266,-0.001404,0.000489,0.001962,-0.001844,0.002434,-0.002967,-0.001736,0.000056,-0.001811,-0.004353,-0.004826,0.000039,-0.000901,0.003700,-0.000960
0.000179,-0.004283,-0.001092,0.000434,0.001577,0.001758,0.001240,-0.002652,-0.000390,0.001440,-0.004488,-0.005542,-0.005474,0.001729,-0.001465,-0.000887,-0.000355
-0.001423,-0.005473,-0.000664,0.000411,0.000401,0.003419,-0.000721,-0.002100,0.000990,0.001913,-0.005829,-0.006233,-0.004537,0.003520,-0.001452,-0.006125,0.000715
-0.002448,-0.005004,0.000167,-0.000503,-0.000655,0.004455,-0.001861,-0.001059,0.002157,0.001570,-0.005783,-0.006312,-0.001743,0.004532,-0.001311,-0.009464,0.002374
-0.001558,-0.003809,0.002905,-0.003738,-0.001800,0.008958,-0.002494,0.000261,0.003324,0.002654,-0.005234,-0.005156,0.000322,0.002973,-0.002274,-0.010264,0.009150
0.001485,-0.001504,0.006222,-0.006786,-0.002197,0.015734,-0.002802,0.001931,0.006065,0.005650,-0.004212,-0.002529,0.001566,-0.004172,-0.004214,-0.008033,0.022989
0.006831,0.001610,0.010795,-0.007927,-0.002008,0.020484,-0.003273,0.003875,0.009581,0.010018,-0.002532,0.001319,0.001775,-0.015025,-0.005646,-0.003813,0.039424
0.014257,0.006625,0.014911,-0.004530,-0.001992,0.021347,-0.004865,0.005907,0.013128,0.014301,-0.000877,0.005826,0.002855,-0.026659,-0.006339,0.001177,0.055001
0.021824,0.011550,0.018942,0.001887,-0.002268,0.019595,-0.006421,0.008657,0.016304,0.017444,0.000416,0.010679,0.004340,-0.037221,-0.005638,0.006786,0.065820
0.027627,0.014726,0.021176,0.008677,-0.002616,0.014786,-0.006872,0.011004,0.018016,0.018885,0.001639,0.015320,0.005338,-0.044176,-0.005568,0.012001,0.067815
0.030424,0.017866,0.020120,0.014695,-0.002675,0.006190,-0.006280,0.013072,0.017820,0.017580,0.002569,0.016808,0.006179,-0.044366,-0.005377,0.013032,0.058893
0.028238,0.020095,0.014901,0.019280,-0.003235,-0.006448,-0.005727,0.013613,0.014687,0.012601,0.003324,0.014683,0.006940,-0.035919,-0.004410,0.010040,0.036890
0.020331,0.020566,0.005820,0.021381,-0.002893,-0.018448,-0.003955,0.012496,0.008568,0.003715,0.003862,0.008891,0.007883,-0.018468,-0.002187,0.004873,0.002745
0.009172,0.017086,-0.002892,0.017283,-0.002309,-0.024254,-0.001789,0.009990,0.000136,-0.005016,0.003634,0.001660,0.007251,0.004158,0.000081,-0.002388,-0.031450
-0.003215,0.010176,-0.010592,0.007049,-0.000739,-0.023926,0.000816,0.006784,-0.006627,-0.011309,0.002797,-0.005553,0.004438,0.022222,0.001139,-0.007966,-0.055347
-0.014361,0.000487,-0.015356,-0.005464,0.001583,-0.020841,0.003757,0.002661,-0.011875,-0.014178,0.001598,-0.010560,-0.000734,0.034122,0.002327,-0.010997,-0.068723
-0.020215,-0.005836,-0.017767,-0.013152,0.003004,-0.016608,0.004675,-0.002405,-0.015485,-0.013809,0.000090,-0.012938,-0.004792,0.040164,0.003997,-0.011235,-0.070292
-0.021389,-0.009769,-0.016346,-0.015759,0.003461,-0.011111,0.004066,-0.006418,-0.016584,-0.011269,-0.001685,-0.012203,-0.007641,0.039253,0.007044,-0.007981,-0.061375
-0.018749,-0.012484,-0.012482,-0.015654,0.003385,-0.004738,0.003407,-0.008428,-0.015821,-0.007105,-0.003493,-0.008606,-0.008782,0.032669,0.008883,-0.001040,-0.046151
-0.014098,-0.012904,-0.008180,-0.014543,0.002987,-0.000252,0.003064,-0.008075,-0.013007,-0.003452,-0.005134,-0.003837,-0.008201,0.023369,0.009362,0.006100,-0.027834
-0.009266,-0.012246,-0.005564,-0.012282,0.001843,0.001125,0.002181,-0.006571,-0.009549,-0.001485,-0.006002,0.000691,-0.006412,0.014163,0.008663,0.012692,-0.011143
-0.006843,-0.010967,-0.006155,-0.007786,0.000977,0.002396,0.001428,-0.004862,-0.006452,-0.002477,-0.005218,0.003385,-0.003142,0.007683,0.007113,0.017715,-0.000539
-0.007041,-0.011126,-0.007752,-0.002821,0.000174,0.005402,0.000136,-0.003508,-0.004630,-0.004494,-0.003840,0.003796,0.000097,0.004744,0.004991,0.018825,0.005335
-0.008504,-0.013090,-0.009252,0.000542,-0.000097,0.009452,-0.001124,-0.002323,-0.002843,-0.006234,-0.002131,0.002105,0.001913,0.002582,0.001158,0.016836,0.008462
-0.010834,-0.016339,-0.009931,0.002387,0.000200,0.012631,-0.001594,-0.002137,-0.001550,-0.007034,-0.000271,-0.000468,0.001806,0.000928,-0.002768,0.012555,0.008071
-0.011645,-0.017650,-0.009784,0.005004,0.000311,0.013993,-0.001957,-0.002824,-0.000673,-0.006051,0.001661,-0.002842,0.000453,0.000024,-0.006060,0.006540,0.006079
-0.010267,-0.016597,-0.007967,0.008827,0.000402,0.013360,-0.002129,-0.004021,0.000085,-0.003732,0.002998,-0.004158,-0.001606,-0.001289,-0.007575,-0.000155,0.003394
-0.006908,-0.013657,-0.005219,0.011926,0.000644,0.011372,-0.001462,-0.004428,0.000491,-0.000351,0.003449,-0.004320,-0.002997,-0.003011,-0.008271,-0.006163,-0.000084
-0.002461,-0.008611,-0.001841,0.011228,0.000690,0.007506,0.000206,-0.004278,0.000633,0.001386,0.002844,-0.003223,-0.003196,-0.003854,-0.008639,-0.011195,-0.003423
0.002314,-0.003754,0.002385,0.006520,0.000439,0.001723,0.002669,-0.003681,0.000522,0.001608,0.001653,-0.000836,-0.002434,-0.003627,-0.008314,-0.013617,-0.005410
0.005595,0.001745,0.005587,0.000306,0.000597,-0.002626,0.005670,-0.002994,0.000226,0.000435,0.000709,0.001387,0.000750,-0.002707,-0.007252,-0.013896,-0.006285
0.006016,0.007203,0.007543,-0.005368,0.001335,-0.005630,0.007452,-0.002383,-0.000339,-0.001005,-0.000583,0.002514,0.004904,-0.001491,-0.005136,-0.012965,-0.006219
0.004702,0.011857,0.008959,-0.010587,0.002322,-0.007271,0.007745,-0.001636,-0.001236,-0.001894,-0.001001,0.001099,0.008922,0.000549,-0.003265,-0.011860,-0.005863
0.000920,0.014338,0.009708,-0.014469,0.003461,-0.006540,0.006922,-0.001295,-0.002548,-0.002334,-0.000150,-0.002248,0.011992,0.003693,-0.000940,-0.010613,-0.007200
-0.003885,0.013231,0.009830,-0.017622,0.004247,-0.004016,0.005429,-0.000738,-0.003823,-0.000955,0.001779,-0.005472,0.013638,0.007078,0.001916,-0.009806,-0.009078
-0.008821,0.008975,0.009995,-0.017906,0.004766,-0.000508,0.005339,-0.000463,-0.004732,0.002059,0.003864,-0.007610,0.013582,0.009707,0.005412,-0.009399,-0.011031
-0.014040,0.001572,0.008529,-0.015057,0.005708,0.005023,0.006045,-0.000025,-0.005354,0.006308,0.005598,-0.008035,0.011724,0.011267,0.007290,-0.009505,-0.012976
-0.018174,-0.007628,0.005336,-0.012017,0.006288,0.011104,0.006969,-0.000717,-0.006420,0.007397,0.006482,-0.007151,0.007564,0.012517,0.006766,-0.010041,-0.014698
-0.021131,-0.018238,0.001681,-0.009651,0.005988,0.015666,0.008345,-0.002133,-0.008370,0.005500,0.006266,-0.004803,0.001498,0.013555,0.004839,-0.009565,-0.016125
-0.021890,-0.025667,-0.002657,-0.006337,0.005042,0.018579,0.009887,-0.004164,-0.010621,0.000427,0.005026,-0.002097,-0.005010,0.014956,0.002685,-0.008022,-0.017771
-0.021217,-0.027635,-0.007262,-0.002079,0.003984,0.017833,0.010022,-0.006238,-0.012554,-0.006506,0.001930,0.002001,-0.011329,0.015653,0.000796,-0.004975,-0.018335
-0.018699,-0.024211,-0.012033,0.002042,0.002372,0.012422,0.008184,-0.007377,-0.013329,-0.012875,-0.001625,0.004366,-0.016129,0.015419,-0.000451,-0.000871,-0.017008
-0.015424,-0.017317,-0.016805,0.006356,-0.000783,0.002712,0.003596,-0.007465,-0.012836,-0.017736,-0.003972,0.005629,-0.019387,0.016293,-0.000725,0.003539,-0.015655
-0.010210,-0.009163,-0.020613,0.009696,-0.005219,-0.010612,-0.003935,-0.006308,-0.011307,-0.019638,-0.005111,0.006677,-0.019851,0.017615,0.001108,0.007083,-0.013220
-0.003596,-0.001026,-0.020830,0.014026,-0.010600,-0.025364,-0.010340,-0.004621,-0.008426,-0.018047,-0.004789,0.008291,-0.017702,0.018257,0.005734,0.008994,-0.008792
0.002828,0.004976,-0.017639,0.019237,-0.014388,-0.035757,-0.015247,-0.002356,-0.004137,-0.012561,-0.003351,0.010847,-0.013466,0.017134,0.009790,0.009318,-0.002571
0.010075,0.008861,-0.011323,0.021533,-0.016277,-0.040559,-0.018692,-0.000461,0.001232,-0.006238,-0.002801,0.013671,-0.008864,0.014042,0.011825,0.007628,0.004382
0.016045,0.010272,-0.005042,0.020211,-0.016032,-0.038920,-0.019658,0.001290,0.005818,0.000680,-0.002981,0.015201,-0.004801,0.008758,0.011818,0.005331,0.009689
0.021461,0.011482,0.000412,0.016983,-0.013654,-0.031026,-0.017773,0.002580,0.009303,0.006434,-0.003785,0.014286,-0.002378,0.003290,0.009756,0.002980,0.012245
0.025232,0.014120,0.005407,0.013573,-0.008869,-0.018206,-0.013956,0.003225,0.011400,0.009721,-0.005355,0.012023,-0.001491,-0.003251,0.006390,0.001440,0.013274
0.026222,0.016544,0.008454,0.009334,-0.002137,-0.003054,-0.008775,0.003795,0.012858,0.011437,-0.007227,0.007447,-0.001321,-0.011901,0.002149,0.001731,0.013448
0.024163,0.017432,0.008456,0.004021,0.003125,0.009336,-0.004346,0.004297,0.013715,0.012245,-0.007683,0.002176,-0.002285,-0.019555,-0.002900,0.003557,0.012440
0.019611,0.015947,0.005243,-0.001455,0.006577,0.016037,-0.002123,0.004642,0.013487,0.011712,-0.006655,-0.003248,-0.003733,-0.024756,-0.007837,0.005939,0.010742
0.013304,0.012504,0.001819,-0.003853,0.007512,0.017177,-0.000710,0.004545,0.011858,0.010479,-0.003591,-0.007339,-0.004728,-0.026194,-0.010876,0.007196,0.009496
0.006736,0.007190,-0.000052,-0.003080,0.007046,0.014830,0.000187,0.003743,0.009394,0.008954,0.001560,-0.009475,-0.004355,-0.024781,-0.011917,0.007278,0.008884
0.001988,0.003439,0.001184,-0.003190,0.005825,0.008033,0.000382,0.003431,0.007151,0.006222,0.006031,-0.008957,-0.001839,-0.020962,-0.010736,0.005872,0.007476
-0.001262,0.001669,0.002864,-0.005122,0.004345,0.000266,0.000545,0.003839,0.005190,0.003363,0.009323,-0.006774,0.002024,-0.015034,-0.007337,0.004379,0.004126
-0.003547,0.002215,0.003952,-0.008237,0.003565,-0.005465,0.001469,0.004770,0.003927,0.001253,0.010819,-0.003822,0.005770,-0.006109,-0.003867,0.003549,-0.001628
-0.004803,0.005812,0.005123,-0.008849,0.003975,-0.006936,0.003024,0.005663,0.003194,-0.000520,0.010279,-0.001330,0.009331,0.003867,0.000520,0.002892,-0.008126
-0.006180,0.010254,0.005998,-0.007984,0.005715,-0.005045,0.005125,0.006082,0.003144,-0.001901,0.007829,0.000739,0.012982,0.011399,0.004054,0.002762,-0.013663
-0.007523,0.014177,0.005955,-0.006884,0.006896,-0.001341,0.006718,0.005561,0.003714,-0.002380,0.004291,0.002748,0.014821,0.015445,0.006216,0.003140,-0.016724
-0.008991,0.014870,0.003073,-0.005804,0.007026,0.002961,0.006983,0.003926,0.004322,-0.002182,0.000462,0.004139,0.013261,0.015385,0.007017,0.004297,-0.016280
-0.010449,0.011577,-0.000273,-0.003174,0.005697,0.008050,0.005951,0.001514,0.004181,-0.000728,-0.002938,0.004792,0.009316,0.012499,0.006047,0.004728,-0.011476
-0.010011,0.003999,-0.003394,0.000792,0.002944,0.013337,0.004132,-0.001939,0.003003,0.001396,-0.005235,0.004015,0.003610,0.006493,0.003772,0.003955,-0.002901
-0.006527,-0.002994,-0.004668,0.003719,-0.000528,0.013768,0.001826,-0.004457,0.000900,0.003321,-0.005804,0.002206,-0.000248,-0.002034,0.002312,0.001550,0.006630
-0.000548,-0.008586,-0.004261,0.004721,-0.004734,0.010027,-0.000824,-0.005652,-0.001289,0.004529,-0.004843,-0.000472,-0.001971,-0.010751,0.002394,-0.001520,0.015509
0.005309,-0.012201,-0.002897,0.004192,-0.007878,0.004822,-0.002841,-0.005807,-0.002825,0.005771,-0.003054,-0.003613,-0.002679,-0.016732,0.001954,-0.003303,0.020889
0.010080,-0.013182,-0.000637,0.004463,-0.009024,0.000345,-0.003889,-0.004925,-0.003707,0.006737,-0.001399,-0.007565,-0.002216,-0.018848,0.001743,-0.004538,0.022831
0.012625,-0.011713,0.002897,0.004132,-0.008234,-0.003588,-0.003488,-0.003743,-0.004178,0.006370,-0.000201,-0.010258,-0.000215,-0.017890,0.000098,-0.006621,0.021787
0.012665,-0.007974,0.007188,0.003052,-0.006442,-0.006185,-0.002161,-0.002653,-0.004121,0.004464,0.000479,-0.011222,0.002270,-0.014631,-0.002927,-0.009332,0.018261
0.010456,-0.003946,0.009901,0.001774,-0.004606,-0.007582,-0.000231,-0.002030,-0.004153,0.001424,0.000826,-0.010071,0.002903,-0.010256,-0.005588,-0.010542,0.013304
0.006721,-0.000893,0.011323,0.001004,-0.003203,-0.006866,0.001393,-0.001574,-0.004124,-0.001916,0.000583,-0.007320,0.002310,-0.005392,-0.007060,-0.010305,0.008583
0.002710,0.000615,0.010598,0.000101,-0.002247,-0.003534,0.002720,-0.001395,-0.004017,-0.005120,-0.000329,-0.003288,0.000512,-0.001077,-0.008012,-0.008747,0.005059
-0.000090,0.002234,0.008582,-0.001227,-0.000933,0.000027,0.004188,-0.000833,-0.003915,-0.006722,-0.000860,0.001222,-0.000429,0.001620,-0.007206,-0.006416,0.002829
-0.001726,0.003152,0.005659,-0.002738,-0.000303,0.002574,0.005281,0.000587,-0.003488,-0.006977,-0.000823,0.004854,-0.000098,0.002581,-0.005115,-0.003586,0.001741
-0.002624,0.003169,0.002459,-0.003661,0.000007,0.003890,0.006290,0.001317,-0.002351,-0.005931,-0.000472,0.007071,0.001186,0.002280,-0.003365,0.000461,0.000642
-0.002964,0.001943,-0.001683,-0.003037,0.000868,0.003835,0.006329,0.001579,-0.000846,-0.003588,-0.000595,0.006339,0.003401,0.001226,-0.001813,0.004742,0.000043
-0.003016,0.000379,-0.005295,-0.002177,0.002386,0.003073,0.005849,0.001243,0.000351,-0.001087,-0.001200,0.004736,0.005906,-0.000367,-0.002147,0.006956,-0.000091
-0.002388,-0.000660,-0.007493,-0.001587,0.003504,0.001812,0.004428,0.000691,0.001359,0.000914,-0.001465,0.002278,0.008045,-0.001916,-0.004345,0.006736,-0.000141
-0.001538,-0.001659,-0.007425,-0.000530,0.003677,0.000098,0.002606,-0.000340,0.001531,0.001666,-0.001134,-0.000312,0.007757,-0.003190,-0.006954,0.005331,-0.000575
0.000108,-0.003728,-0.005635,0.001058,0.002570,-0.001811,-0.000043,-0.001435,0.001219,0.001162,-0.000334,-0.003107,0.005194,-0.004413,-0.007247,0.004006,-0.000943
0.002177,-0.005347,-0.002878,0.001053,0.000495,-0.002279,-0.003358,-0.001990,0.000755,0.000075,0.000876,-0.004609,0.001513,-0.004866,-0.005175,0.003052,-0.000922
0.003960,-0.005730,0.000255,-0.001240,-0.000772,-0.001394,-0.005794,-0.001808,0.000373,0.000204,0.002178,-0.004898,-0.002546,-0.004323,-0.001488,0.002596,-0.000298
0.004819,-0.004946,0.003330,-0.003789,-0.001330,0.001228,-0.007106,0.000034,0.000112,0.000841,0.003063,-0.004017,-0.005951,-0.002520,0.002145,0.002799,0.000198
0.004211,-0.003764,0.006350,-0.006047,-0.001423,0.004093,-0.006710,0.001702,0.000218,0.001714,0.003674,-0.002280,-0.007975,-0.000195,0.005103,0.003399,0.000393
0.002144,-0.003154,0.007061,-0.007201,-0.000712,0.005550,-0.005589,0.003121,0.000367,0.002689,0.003328,-0.001015,-0.007982,0.002086,0.007473,0.004367,0.000470
-0.001428,-0.003091,0.005553,-0.007457,0.000599,0.005536,-0.003501,0.003858,0.000114,0.003435,0.001935,0.000388,-0.005952,0.003985,0.007507,0.004661,0.000635
-0.004567,-0.001611,0.002511,-0.006824,0.001388,0.003325,-0.001126,0.004063,-0.000258,0.003031,0.000169,0.001134,-0.002743,0.005310,0.005094,0.003805,0.000524
-0.007273,0.001051,-0.000218,-0.005245,0.001532,0.000329,0.001306,0.003347,-0.000821,0.001205,-0.001671,0.001180,0.000383,0.005982,0.001489,0.000362,0.000103
-0.008173,0.002419,-0.002100,-0.001512,0.000894,-0.001599,0.003280,0.001822,-0.001189,-0.001768,-0.002470,-0.000067,0.002304,0.004844,-0.001838,-0.003435,-0.000107
-0.007169,0.002060,-0.002901,0.001619,-0.000654,-0.000812,0.004111,-0.000217,-0.001337,-0.004919,-0.002549,-0.001100,0.002812,0.001507,-0.003526,-0.007562,0.000642
-0.004033,0.000026,-0.002938,0.002154,-0.002637,0.001331,0.003863,-0.002549,-0.001831,-0.006476,-0.001616,-0.002794,0.001984,-0.004386,-0.004006,-0.010456,0.003439
0.000520,-0.003154,-0.002242,0.001775,-0.004565,0.004499,0.002034,-0.004190,-0.002294,-0.007417,-0.000217,-0.003910,0.000854,-0.010798,-0.003478,-0.011745,0.006881
0.005268,-0.006574,-0.000914,0.000346,-0.005761,0.006268,-0.000750,-0.005379,-0.002215,-0.007091,0.001601,-0.004160,-0.000230,-0.016398,-0.001779,-0.011618,0.010006
0.008523,-0.010413,-0.000175,-0.001188,-0.005739,0.005610,-0.004417,-0.005352,-0.002048,-0.005513,0.003280,-0.002946,-0.000989,-0.020118,0.001098,-0.009215,0.011940
0.009663,-0.013569,-0.000445,-0.003039,-0.004725,0.002191,-0.007499,-0.004563,-0.001653,-0.002261,0.004222,-0.000158,-0.000850,-0.020938,0.003984,-0.004647,0.012256
0.009155,-0.013962,-0.001321,-0.004581,-0.003440,-0.004402,-0.009470,-0.003581,-0.000947,0.000700,0.004278,0.002791,0.000349,-0.018530,0.006022,0.001817,0.010080
0.006484,-0.010630,-0.002805,-0.005603,-0.001827,-0.012879,-0.009665,-0.002361,0.000174,0.003570,0.002987,0.005016,0.001690,-0.012477,0.007365,0.006525,0.005631
0.003003,-0.004372,-0.003194,-0.003762,0.000033,-0.016854,-0.007686,-0.000324,0.002296,0.005978,0.001649,0.005536,0.002090,-0.003468,0.006860,0.009841,-0.000472
-0.001246,0.003353,-0.002806,-0.000607,0.001961,-0.016479,-0.003657,0.001625,0.005088,0.007960,-0.000462,0.006189,0.001241,0.006197,0.005360,0.010276,-0.007326
-0.003868,0.011203,-0.001708,0.002981,0.002870,-0.011619,0.000992,0.003048,0.006573,0.009561,-0.001922,0.005487,-0.000687,0.013208,0.003098,0.009094,-0.011696
-0.005001,0.016782,-0.000042,0.006471,0.002798,-0.003535,0.004763,0.003542,0.006945,0.009799,-0.002093,0.004049,-0.001817,0.017044,0.001187,0.006123,-0.013440
-0.004453,0.020010,0.001974,0.008314,0.002752,0.004009,0.006766,0.003106,0.006711,0.008346,-0.001657,0.001927,-0.002522,0.018021,-0.000082,0.001431,-0.012923
-0.003984,0.018289,0.003564,0.008927,0.003062,0.009631,0.006593,0.002167,0.005530,0.005412,-0.000515,0.000492,-0.002755,0.016553,-0.000493,-0.003907,-0.010738
-0.003128,0.013580,0.004280,0.008744,0.003359,0.012474,0.004869,0.001082,0.003824,0.002292,0.000531,0.000343,-0.002793,0.013161,-0.000181,-0.008545,-0.007934
-0.002256,0.006946,0.004025,0.007438,0.003467,0.012113,0.001904,-0.000977,0.001659,-0.001450,0.001654,0.000959,-0.001419,0.008675,0.000833,-0.010070,-0.005545
-0.001846,0.000107,0.002278,0.006124,0.003452,0.008134,-0.001557,-0.003346,-0.000852,-0.004457,0.002401,0.001082,0.000038,0.004312,0.001999,-0.009452,-0.003835
-0.002294,-0.006237,0.000968,0.005542,0.003263,0.005676,-0.004237,-0.004377,-0.002565,-0.006090,0.003053,-0.000049,0.000753,0.001478,0.002778,-0.007021,-0.002941
-0.003806,-0.010904,-0.000395,0.005085,0.003015,0.002643,-0.005210,-0.003931,-0.003114,-0.006293,0.002625,-0.000846,0.000485,0.000464,0.002890,-0.002991,-0.003242
-0.004922,-0.012986,-0.001703,0.005181,0.001786,0.001288,-0.004395,-0.001639,-0.003431,-0.004909,0.001561,-0.001715,-0.001140,0.000189,0.001801,0.001437,-0.003668
-0.005735,-0.012157,-0.002743,0.005171,-0.000257,0.001608,-0.002165,0.001977,-0.003603,-0.002642,0.000671,-0.002332,-0.001465,0.000381,0.000229,0.005207,-0.003630
-0.005421,-0.007213,-0.002887,0.004131,-0.001773,0.001558,0.000327,0.005998,-0.003341,-0.000530,-0.001069,-0.003717,-0.000947,0.000996,-0.001407,0.006810,-0.002783
-0.004364,-0.002193,-0.002418,0.000576,-0.002341,0.000771,0.002991,0.009192,-0.002637,0.001195,-0.002936,-0.005003,0.000458,0.001850,-0.002983,0.006862,-0.001326
-0.002301,0.002934,-0.001907,-0.002573,-0.002170,-0.000922,0.005593,0.011490,-0.001608,0.002459,-0.005541,-0.004512,0.001763,0.001707,-0.004621,0.005007,0.000062
0.000566,0.007555,-0.002141,-0.005500,-0.001322,-0.003436,0.007554,0.011776,-0.000561,0.002831,-0.007960,-0.002485,0.003251,0.000647,-0.005694,0.003612,0.000930
0.004376,0.012003,-0.003006,-0.007399,-0.000013,-0.006376,0.007958,0.009593,-0.000016,0.002366,-0.009840,-0.000183,0.004383,-0.000840,-0.006288,0.002705,0.001705
0.007032,0.014486,-0.003485,-0.007827,0.001520,-0.007696,0.007051,0.005230,0.000269,0.001514,-0.010149,0.001689,0.005317,-0.002479,-0.005325,0.001496,0.002697
0.008275,0.014611,-0.003861,-0.007091,0.002723,-0.008217,0.004864,-0.000352,0.000486,-0.000186,-0.007951,0.003202,0.005579,-0.003972,-0.003308,0.000691,0.003844
0.007888,0.011424,-0.003802,-0.005123,0.002956,-0.006416,0.002513,-0.005669,0.000337,-0.001794,-0.004236,0.004340,0.004526,-0.005412,-0.002319,-0.000180,0.004463
0.005797,0.006024,-0.002332,-0.003977,0.002174,-0.000087,0.001042,-0.009100,-0.000390,-0.003415,0.000375,0.005203,0.003143,-0.006466,-0.001746,-0.001172,0.007148
0.003982,0.002798,0.002800,-0.002366,0.000512,0.008590,-0.000005,-0.010526,-0.000394,-0.004519,0.004626,0.003557,0.002027,-0.008714,-0.001504,-0.003607,0.015717
0.006503,0.002918,0.010621,-0.002045,-0.001802,0.017572,-0.000217,-0.009042,0.001823,-0.003797,0.008275,-0.000331,0.002725,-0.014970,-0.002740,-0.004726,0.033600
0.012142,0.005263,0.018465,-0.001261,-0.004236,0.024352,0.000371,-0.005084,0.005571,-0.000646,0.010303,-0.003202,0.004507,-0.024553,-0.005000,-0.005218,0.054967
0.021012,0.010037,0.025142,-0.000292,-0.006184,0.026941,0.001534,0.000399,0.009787,0.004381,0.010759,-0.004698,0.006297,-0.035302,-0.007338,-0.004583,0.073502
0.030780,0.016679,0.029108,0.000432,-0.006938,0.026665,0.002384,0.005849,0.013403,0.009678,0.008609,-0.004845,0.007614,-0.044033,-0.008819,-0.002802,0.084303
0.038223,0.024326,0.029554,0.002428,-0.006184,0.022875,0.002762,0.009628,0.015398,0.015182,0.004523,-0.003814,0.007502,-0.047938,-0.008563,-0.000736,0.083808
0.040977,0.030508,0.025567,0.005625,-0.005069,0.014895,0.001680,0.010982,0.014856,0.019041,0.000759,-0.001624,0.005629,-0.045566,-0.006799,0.001255,0.069107
0.036680,0.031175,0.016327,0.009899,-0.003476,0.001967,-0.000320,0.009186,0.010318,0.020163,-0.002305,0.001706,0.003507,-0.035421,-0.006060,0.003277,0.037902
0.024112,0.024220,0.003747,0.010844,-0.001660,-0.010435,-0.001786,0.004820,0.001450,0.017383,-0.004641,0.005875,0.000390,-0.016271,-0.005028,0.005001,-0.004386
0.005369,0.011906,-0.006886,0.009126,-0.000981,-0.020299,-0.003137,-0.001726,-0.009482,0.011088,-0.006051,0.008392,-0.002887,0.008039,-0.003513,0.005955,-0.046734
-0.011312,0.000185,-0.014093,0.005545,-0.001672,-0.027038,-0.003988,-0.007010,-0.018873,0.003084,-0.006762,0.008202,-0.004184,0.028121,-0.004274,0.008936,-0.072600
-0.025451,-0.011421,-0.019169,0.001611,-0.003085,-0.031538,-0.004229,-0.010507,-0.025163,-0.004024,-0.006677,0.006428,-0.003154,0.041707,-0.006214,0.013090,-0.081245
-0.033214,-0.020730,-0.020822,-0.002666,-0.004769,-0.033205,-0.004026,-0.012493,-0.027583,-0.009160,-0.005515,0.003381,-0.001039,0.047463,-0.008212,0.016524,-0.075424
-0.035703,-0.028140,-0.019897,-0.007502,-0.005669,-0.028148,-0.003615,-0.013470,-0.026789,-0.013196,-0.004711,0.000250,0.001770,0.046489,-0.008746,0.018229,-0.059873
-0.033599,-0.030585,-0.017274,-0.011435,-0.005421,-0.018020,-0.002666,-0.013885,-0.022989,-0.014404,-0.003609,-0.001963,0.003751,0.041313,-0.008448,0.017544,-0.039144
-0.028684,-0.028124,-0.013346,-0.013767,-0.004925,-0.007358,-0.002332,-0.013923,-0.017320,-0.013300,-0.003040,-0.002528,0.003248,0.033636,-0.007856,0.014355,-0.018842
-0.023121,-0.023476,-0.010707,-0.013293,-0.003259,0.000254,-0.002531,-0.014506,-0.011691,-0.011151,-0.002058,-0.000864,0.002677,0.026102,-0.008872,0.009001,-0.005586
-0.018471,-0.019021,-0.010080,-0.011498,-0.000564,0.004885,-0.002404,-0.015751,-0.006855,-0.009342,-0.000742,0.002561,0.001321,0.021963,-0.010587,0.001391,-0.001445
-0.016777,-0.016660,-0.009835,-0.009157,0.001876,0.009005,-0.002646,-0.016902,-0.003071,-0.008188,0.001213,0.006984,0.000317,0.022284,-0.012975,-0.007010,-0.005064
-0.015000,-0.013515,-0.008123,-0.006867,0.004263,0.012359,-0.002930,-0.015711,-0.000311,-0.007693,0.002912,0.010973,-0.000947,0.022944,-0.016502,-0.012946,-0.010700
-0.015380,-0.013698,-0.005595,-0.005278,0.007559,0.013677,-0.001854,-0.010814,0.002226,-0.006640,0.005012,0.013701,-0.001373,0.022588,-0.018705,-0.016094,-0.017488
-0.017697,-0.015499,-0.001709,-0.004609,0.011800,0.019457,0.000971,-0.002499,0.005661,-0.004671,0.007305,0.014492,-0.002851,0.019892,-0.018003,-0.016788,-0.024035
-0.021071,-0.019844,0.002855,-0.005300,0.016872,0.029501,0.005216,0.007443,0.007907,-0.003111,0.008401,0.013309,-0.005198,0.016082,-0.013269,-0.015602,-0.032295
-0.024080,-0.023875,0.006847,-0.006819,0.020942,0.040084,0.010328,0.016834,0.008909,-0.001660,0.009200,0.011296,-0.006797,0.012574,-0.005868,-0.013160,-0.040066
-0.026003,-0.024950,0.009272,-0.008299,0.021241,0.043714,0.014122,0.023149,0.007931,-0.000474,0.007739,0.008575,-0.008521,0.010741,0.003212,-0.010386,-0.046021
-0.025429,-0.022485,0.009090,-0.008709,0.018347,0.038783,0.015172,0.025299,0.004739,-0.000324,0.005018,0.005105,-0.009619,0.011045,0.013080,-0.007775,-0.049701
-0.020319,-0.016043,0.005087,-0.006675,0.012705,0.024459,0.013149,0.023298,0.000759,-0.002016,0.001395,0.000359,-0.010350,0.013399,0.022454,-0.005754,-0.048729
-0.012169,-0.006432,-0.002020,-0.001508,0.004604,0.005618,0.007235,0.017799,-0.002994,-0.004362,-0.001977,-0.004633,-0.009750,0.017607,0.028257,-0.003820,-0.040779
-0.000785,0.006980,-0.009313,0.007038,-0.004766,-0.016160,-0.002159,0.009264,-0.006294,-0.006786,-0.005285,-0.010074,-0.009365,0.021509,0.030212,-0.000927,-0.026717
0.008942,0.016535,-0.016101,0.016531,-0.013311,-0.040192,-0.011825,0.000541,-0.008188,-0.008436,-0.006567,-0.014950,-0.007836,0.023148,0.029716,0.001838,-0.008609
0.013796,0.022396,-0.020812,0.024364,-0.018788,-0.054089,-0.018949,-0.005226,-0.006862,-0.008827,-0.005841,-0.018378,-0.006215,0.019856,0.027689,0.004914,0.012775
0.014594,0.023195,-0.022400,0.027703,-0.019504,-0.056403,-0.022048,-0.007393,-0.003606,-0.008205,-0.003357,-0.019971,-0.005057,0.012708,0.024132,0.007788,0.030104
0.011953,0.020066,-0.020275,0.026307,-0.016014,-0.049112,-0.020787,-0.006616,0.001095,-0.007110,-0.000208,-0.019076,-0.003444,0.002252,0.018957,0.009944,0.042684
0.006826,0.015057,-0.015668,0.022038,-0.011845,-0.038146,-0.015901,-0.005327,0.005845,-0.005627,0.002203,-0.015860,-0.001108,-0.009184,0.012645,0.009237,0.048912
0.001784,0.009147,-0.009088,0.015400,-0.007359,-0.025476,-0.009496,-0.003635,0.009576,-0.003737,0.003366,-0.011697,0.001494,-0.019588,0.006997,0.005557,0.047392
0.000126,0.003822,-0.003169,0.007217,-0.003042,-0.014368,-0.002716,-0.000894,0.012232,-0.002638,0.002834,-0.007579,0.003722,-0.027821,0.002382,0.000244,0.039733
0.002856,0.000488,0.002128,-0.001036,0.000652,-0.004532,0.002210,0.002374,0.013602,-0.001366,0.001463,-0.003307,0.005264,-0.033335,-0.002053,-0.005094,0.028912
0.010090,0.000593,0.007218,-0.006738,0.003336,0.003131,0.004352,0.003576,0.013512,0.000461,-0.000948,0.000084,0.004875,-0.035656,-0.005559,-0.008961,0.017110
0.016987,0.001259,0.010643,-0.008286,0.004484,0.007389,0.004498,0.002965,0.011619,0.002973,-0.002951,0.002635,0.003218,-0.033965,-0.007543,-0.012304,0.006776
0.021703,0.002619,0.011943,-0.007168,0.004444,0.010115,0.003970,0.002227,0.009034,0.005406,-0.003963,0.004338,0.001690,-0.029965,-0.007198,-0.013347,0.000624
0.023972,0.003257,0.011281,-0.005889,0.004085,0.012574,0.003175,0.001844,0.006237,0.007579,-0.003393,0.005397,0.000090,-0.023980,-0.005054,-0.011871,-0.003741
0.022615,0.002999,0.009652,-0.005191,0.003984,0.014569,0.002784,0.001455,0.003688,0.008685,-0.001642,0.005327,-0.001453,-0.017544,-0.001772,-0.007569,-0.005694
0.017799,0.002287,0.008440,-0.003479,0.003260,0.015044,0.003234,0.000364,0.001540,0.008774,0.000135,0.004528,-0.002467,-0.011593,0.002016,-0.003343,-0.005592
0.011316,0.001227,0.008216,-0.001459,0.002323,0.013939,0.003879,-0.000695,0.000197,0.008606,0.001111,0.002819,-0.002554,-0.006376,0.005925,-0.000233,-0.004860
0.005524,0.000801,0.007831,-0.000880,0.001622,0.009441,0.004856,-0.000776,0.000011,0.008311,0.000670,0.001060,-0.002954,-0.003000,0.008886,0.001779,-0.003724
0.001663,0.000945,0.007895,-0.001205,0.001228,0.002942,0.005123,0.000458,0.000766,0.008317,-0.000568,0.000076,-0.003343,-0.001973,0.009847,0.003213,-0.002003
0.000403,0.001462,0.008145,-0.002063,0.001370,-0.003898,0.004717,0.001095,0.002125,0.008812,-0.002589,-0.000153,-0.003667,-0.002659,0.008940,0.004639,-0.000435
0.000159,0.002366,0.008163,-0.002237,0.001662,-0.008000,0.003835,0.001057,0.002990,0.009840,-0.004797,0.000390,-0.003867,-0.003710,0.006152,0.005081,0.001201
-0.000837,0.003297,0.006233,-0.002905,0.001938,-0.006192,0.003068,0.001374,0.002573,0.007323,-0.003846,0.000699,-0.002099,-0.003299,0.002503,0.004538,0.005045
-0.000966,0.004023,0.003756,-0.003512,0.001995,-0.003494,0.002070,0.001668,0.001913,0.004833,-0.002571,0.001316,-0.000564,-0.002492,-0.000635,0.003654,0.007571
-0.001244,0.004050,0.000785,-0.004231,0.001788,-0.000043,0.001308,0.001551,0.001004,0.002100,-0.000483,0.001577,0.000780,-0.001251,-0.002904,0.003258,0.008828
-0.001984,0.003256,-0.001454,-0.004060,0.001380,0.003929,0.000828,0.001050,-0.000097,-0.000672,0.001680,0.001366,0.001946,0.000074,-0.003966,0.002725,0.009163
-0.002709,0.001757,-0.002615,-0.003110,0.000852,0.007596,0.000507,0.000578,-0.001026,-0.003053,0.003344,0.000580,0.003231,0.001437,-0.003856,0.001961,0.008418
-0.002800,0.000664,-0.002946,-0.002522,0.000478,0.008896,0.000435,0.000322,-0.001477,-0.004336,0.004019,-0.000167,0.003451,0.002100,-0.002873,0.000982,0.006730
-0.002430,0.000005,-0.002332,-0.001800,0.000227,0.007788,0.000321,0.000453,-0.001398,-0.004287,0.003718,-0.000568,0.002686,0.001970,-0.001677,0.000165,0.004715
-0.001478,-0.000209,-0.001306,-0.000957,0.000106,0.004372,0.000173,0.000368,-0.000783,-0.002832,0.002354,-0.000515,0.001423,0.001224,-0.000596,-0.000179,0.002407
