AU01,AU02,AU04,AU05,AU06,AU07,AU09,AU10,AU12,AU14,AU15,AU17,AU20,AU23,AU25,AU26,AU45
-0.003098,-0.000164,-0.005894,-0.059117,0.027540,0.013226,0.018696,0.001783,0.035185,0.041681,-0.031288,-0.020090,-0.000072,-0.000031,0.028240,-0.025262,0.006846
-0.002272,-0.000248,-0.007211,-0.069394,0.033400,0.017701,0.022078,0.005162,0.044837,0.050508,-0.032887,-0.020913,0.000161,0.000246,0.035269,-0.030206,0.007763
-0.001556,-0.000743,-0.008703,-0.079127,0.039499,0.022327,0.025212,0.009384,0.055452,0.058858,-0.033379,-0.021401,0.000945,0.001030,0.043398,-0.035209,0.008388
-0.000595,-0.001364,-0.010175,-0.087920,0.045625,0.027138,0.029127,0.014480,0.066511,0.066347,-0.033239,-0.021824,0.002264,0.002141,0.051862,-0.039514,0.008883
-0.000101,-0.001207,-0.010703,-0.095929,0.052759,0.032085,0.032993,0.020383,0.078066,0.072878,-0.031391,-0.022478,0.003483,0.003137,0.060129,-0.043292,0.008704
0.000005,-0.001031,-0.011064,-0.102510,0.060455,0.036930,0.037655,0.027421,0.089462,0.080397,-0.027987,-0.022785,0.005822,0.004887,0.068091,-0.046420,0.007897
0.000203,-0.001923,-0.012104,-0.107593,0.068085,0.042232,0.041875,0.034452,0.101324,0.086800,-0.024381,-0.024906,0.008814,0.006371,0.077619,-0.048829,0.007034
0.000479,-0.003107,-0.013374,-0.110533,0.076382,0.046980,0.045910,0.041429,0.114039,0.092064,-0.020871,-0.026116,0.011911,0.007842,0.089598,-0.050851,0.006734
0.000765,-0.004019,-0.014644,-0.111415,0.084003,0.050510,0.050195,0.050308,0.125971,0.097814,-0.017244,-0.028195,0.015751,0.007848,0.101335,-0.052066,0.006459
0.000994,-0.005481,-0.016183,-0.109350,0.090980,0.053270,0.053801,0.058864,0.137298,0.102161,-0.011128,-0.029559,0.018898,0.007801,0.113782,-0.052451,0.006556
0.000962,-0.007455,-0.017639,-0.106828,0.098343,0.055884,0.056788,0.067051,0.147183,0.104761,-0.005746,-0.031519,0.022384,0.008310,0.125569,-0.051940,0.006916
0.000439,-0.010083,-0.018956,-0.103064,0.104304,0.057627,0.058690,0.074258,0.154926,0.105416,-0.001507,-0.032970,0.025270,0.008768,0.136099,-0.049829,0.007124
0.000016,-0.013101,-0.020813,-0.100410,0.109149,0.057203,0.060511,0.080797,0.161078,0.104384,-0.000002,-0.033828,0.027863,0.009093,0.146040,-0.046963,0.007142
-0.000108,-0.015688,-0.022448,-0.097793,0.112306,0.055924,0.061488,0.086558,0.165378,0.103266,0.001333,-0.034123,0.029823,0.008906,0.153932,-0.042007,0.006998
-0.000531,-0.019337,-0.023164,-0.094135,0.115135,0.057399,0.061968,0.091459,0.167746,0.100499,0.006193,-0.033781,0.031164,0.007857,0.159741,-0.034197,0.007056
-0.002046,-0.022258,-0.023429,-0.089677,0.116117,0.058336,0.060722,0.093630,0.167445,0.096106,0.011303,-0.033989,0.029579,0.005994,0.162992,-0.026041,0.007328
-0.004558,-0.025833,-0.023200,-0.087389,0.115674,0.059156,0.058788,0.094476,0.165090,0.090443,0.017118,-0.034268,0.027562,0.003467,0.163499,-0.018764,0.008106
-0.007539,-0.029891,-0.022609,-0.083873,0.114375,0.059073,0.056259,0.094935,0.160701,0.083589,0.023609,-0.034942,0.026671,0.001022,0.163148,-0.012437,0.008827
-0.010244,-0.034039,-0.021220,-0.079324,0.112128,0.058164,0.053115,0.093843,0.153765,0.075696,0.030118,-0.036317,0.025905,0.000030,0.159562,-0.006952,0.009620
-0.013327,-0.038714,-0.019951,-0.073479,0.109112,0.056211,0.050150,0.091470,0.146288,0.068492,0.033278,-0.035572,0.024621,-0.000413,0.153109,-0.002653,0.010496
-0.016837,-0.044299,-0.018374,-0.065891,0.105030,0.052792,0.046300,0.087922,0.137177,0.060882,0.036062,-0.033711,0.023078,-0.001885,0.147507,-0.000243,0.011689
-0.021152,-0.046957,-0.017714,-0.058715,0.100175,0.051067,0.042963,0.083433,0.127660,0.051742,0.036923,-0.031527,0.021369,-0.003924,0.140703,0.001069,0.012680
-0.026353,-0.048966,-0.016788,-0.051200,0.094930,0.049565,0.040389,0.079710,0.117533,0.044214,0.036549,-0.029392,0.019312,-0.006557,0.132306,0.003239,0.013494
-0.030104,-0.048892,-0.014759,-0.045574,0.088979,0.047247,0.037803,0.076395,0.107151,0.037344,0.035513,-0.026811,0.016485,-0.009505,0.122605,0.006263,0.014346
-0.032465,-0.047986,-0.012214,-0.043196,0.083059,0.043821,0.035029,0.070779,0.097150,0.032897,0.031566,-0.024989,0.013639,-0.012875,0.109974,0.010329,0.016350
-0.034241,-0.045822,-0.009344,-0.041217,0.076968,0.039338,0.031782,0.064500,0.087944,0.027346,0.027944,-0.021710,0.011591,-0.015566,0.098216,0.014931,0.018471
-0.035284,-0.042014,-0.007141,-0.038887,0.070318,0.033615,0.028395,0.059177,0.078300,0.022349,0.023291,-0.019923,0.009936,-0.016780,0.085490,0.016183,0.020354
-0.035748,-0.037680,-0.005472,-0.035853,0.064274,0.028091,0.024855,0.054113,0.069356,0.017747,0.019704,-0.016769,0.008654,-0.016362,0.072592,0.016236,0.022356
-0.036833,-0.034375,-0.004661,-0.036069,0.058466,0.024072,0.021774,0.049885,0.061440,0.014302,0.016204,-0.013422,0.007323,-0.015671,0.060959,0.016436,0.024502
-0.037217,-0.031771,-0.003927,-0.036300,0.052619,0.019975,0.019128,0.046660,0.054303,0.009878,0.012973,-0.010864,0.005046,-0.014913,0.050215,0.017358,0.026079
-0.037114,-0.028056,-0.003133,-0.035933,0.047257,0.015471,0.017027,0.043722,0.047505,0.005730,0.009731,-0.008305,0.003035,-0.013908,0.039626,0.018403,0.027498
-0.036167,-0.022831,-0.001358,-0.035506,0.042825,0.011550,0.015097,0.041356,0.041329,0.002237,0.006870,-0.004910,0.000488,-0.013153,0.028217,0.019016,0.028255
-0.035489,-0.018741,-0.000182,-0.034467,0.039109,0.009578,0.013835,0.039698,0.035883,0.000822,0.003487,-0.001555,-0.000012,-0.011340,0.017763,0.018744,0.028176
-0.033471,-0.015805,0.000057,-0.034225,0.035589,0.008541,0.012927,0.037596,0.031419,0.000074,0.000932,-0.000282,-0.000429,-0.009958,0.009539,0.017499,0.027608
-0.030753,-0.012781,0.000677,-0.032922,0.033534,0.007307,0.012965,0.035727,0.028278,-0.000251,-0.000017,0.000223,-0.000585,-0.008442,0.004732,0.015436,0.026297
-0.027833,-0.009108,0.003074,-0.029068,0.031322,0.005523,0.013633,0.036420,0.025944,-0.000730,-0.002149,0.000565,-0.000270,-0.007715,0.001781,0.012544,0.024701
-0.024800,-0.006073,0.005325,-0.024358,0.029305,0.004166,0.014384,0.036585,0.024114,-0.001464,-0.005563,0.001450,-0.000314,-0.006583,0.001068,0.008430,0.023140
-0.020638,-0.003209,0.007540,-0.020392,0.028218,0.003217,0.015097,0.037271,0.022329,-0.002536,-0.009302,0.001421,-0.000442,-0.004852,0.000643,0.004781,0.022083
-0.017079,-0.001330,0.010062,-0.017759,0.026711,0.002063,0.015093,0.037479,0.020539,-0.004402,-0.011041,0.001852,-0.000977,-0.003165,0.000241,0.003828,0.020840
-0.015320,-0.000601,0.011038,-0.016422,0.025191,0.000660,0.014948,0.037378,0.018616,-0.006706,-0.012549,0.001644,-0.001628,-0.001760,0.000290,0.002745,0.019251
-0.013527,-0.000037,0.011418,-0.016906,0.022994,-0.000004,0.013999,0.036035,0.016838,-0.006828,-0.011055,0.001447,-0.002246,-0.000698,0.000458,0.001945,0.016572
-0.010725,0.000451,0.012275,-0.017635,0.021503,-0.000710,0.013369,0.034440,0.014963,-0.006775,-0.008495,0.001252,-0.003153,-0.000023,0.001008,0.001406,0.014034
-0.007618,0.002150,0.013723,-0.015995,0.020332,-0.001859,0.012683,0.033594,0.013166,-0.006750,-0.006434,0.000561,-0.005616,0.000389,0.002367,0.001039,0.012199
-0.004669,0.004500,0.015182,-0.015891,0.019368,-0.001639,0.011961,0.032707,0.011514,-0.006589,-0.005024,0.000115,-0.008709,0.001439,0.003873,0.000838,0.011192
-0.002597,0.007518,0.016474,-0.014228,0.018622,-0.000676,0.011375,0.032087,0.010151,-0.005636,-0.004093,-0.000021,-0.009553,0.001936,0.006087,0.000642,0.010320
-0.000775,0.010628,0.018998,-0.012105,0.018273,-0.000049,0.011937,0.031203,0.008302,-0.003559,-0.003422,-0.000035,-0.009767,0.002472,0.008481,0.000555,0.009775
-0.000024,0.013313,0.021059,-0.009441,0.017826,0.000006,0.012830,0.030047,0.006750,-0.001334,-0.002193,0.000205,-0.009529,0.002999,0.010607,0.000385,0.009375
0.000347,0.013495,0.023079,-0.006090,0.017415,0.000128,0.012448,0.028577,0.005156,-0.000173,-0.001173,0.001276,-0.008890,0.003591,0.012597,0.000251,0.008950
0.001081,0.013931,0.024227,-0.003238,0.016991,0.001130,0.012361,0.026716,0.003430,-0.000082,-0.000438,0.002821,-0.008123,0.004196,0.014767,0.000735,0.008135
0.002084,0.014180,0.024953,-0.001566,0.016574,0.002469,0.012563,0.025380,0.001909,-0.000175,-0.000083,0.004337,-0.006590,0.005226,0.015681,0.000512,0.007227
0.004228,0.014734,0.026557,-0.000644,0.015910,0.004105,0.011880,0.022826,0.000784,-0.000478,-0.000000,0.005894,-0.005240,0.006210,0.017268,0.000349,0.006301
0.007625,0.017088,0.028067,-0.000371,0.015080,0.005548,0.011208,0.019176,0.000262,-0.000372,0.000002,0.006532,-0.004513,0.006216,0.017319,0.000165,0.005779
0.010951,0.018472,0.029666,-0.000265,0.014119,0.007448,0.010145,0.013336,0.000037,-0.000859,0.000007,0.006878,-0.003806,0.006132,0.017101,-0.000019,0.004968
0.013602,0.019504,0.030538,-0.000151,0.013021,0.008052,0.008804,0.009783,0.000000,-0.001288,0.000000,0.007474,-0.003222,0.006047,0.016317,-0.000642,0.004085
0.016969,0.021389,0.030544,-0.000003,0.012022,0.009659,0.007402,0.006404,-0.000054,-0.001751,0.000007,0.008239,-0.002610,0.006380,0.015021,-0.000878,0.003511
0.019142,0.023369,0.029518,0.000025,0.010359,0.011057,0.006207,0.003465,-0.000160,-0.002155,0.000069,0.008520,-0.001896,0.006619,0.013888,-0.000467,0.002801
0.021157,0.024270,0.028020,0.000008,0.008411,0.012106,0.005359,0.001833,-0.000255,-0.003195,0.000241,0.007443,-0.000801,0.006713,0.011798,-0.000026,0.002472
0.020357,0.024409,0.026111,0.000001,0.006754,0.012253,0.004415,0.000675,-0.000238,-0.004484,0.000530,0.005379,-0.000181,0.006602,0.009783,0.000043,0.002274
0.019097,0.024177,0.024332,-0.000004,0.005323,0.012284,0.003438,0.000064,-0.000243,-0.005580,0.000891,0.004437,-0.000052,0.006374,0.006125,0.000333,0.002451
0.017289,0.022519,0.022469,-0.000199,0.004026,0.013918,0.002425,-0.000118,-0.000310,-0.005947,0.000796,0.004736,0.000001,0.006414,0.002849,0.000580,0.002614
0.016210,0.021008,0.020643,-0.001353,0.002949,0.015354,0.001664,-0.000823,-0.000488,-0.005935,0.000668,0.005965,0.000068,0.006534,0.000562,0.000759,0.003838
0.016742,0.020909,0.018633,-0.003165,0.001599,0.016525,0.001771,-0.001898,-0.000486,-0.006499,0.000840,0.007202,0.000766,0.006505,-0.000076,0.001102,0.004360
0.017008,0.020698,0.017677,-0.002342,0.000736,0.017406,0.001932,-0.002946,-0.000287,-0.007639,0.001065,0.006670,0.002148,0.006033,-0.001222,0.001407,0.004390
0.016942,0.019326,0.015853,-0.001584,0.000226,0.017489,0.002112,-0.004599,-0.000118,-0.009195,0.000703,0.005725,0.003975,0.005648,-0.002113,0.001083,0.004287
0.016225,0.017064,0.013835,-0.001027,0.000017,0.017729,0.002303,-0.005148,-0.000064,-0.010275,0.000333,0.004717,0.005151,0.005582,-0.003029,0.001079,0.004626
0.014963,0.014566,0.012767,-0.001046,-0.000022,0.015416,0.002209,-0.004655,-0.000046,-0.011800,-0.000005,0.003895,0.005566,0.005438,-0.003257,0.003352,0.005350
0.012447,0.011322,0.011494,-0.002600,-0.000016,0.013275,0.002028,-0.002183,-0.000073,-0.012543,-0.000475,0.002466,0.005166,0.005016,-0.003657,0.006280,0.006978
0.008996,0.007416,0.008477,-0.006545,-0.000038,0.011037,0.001417,-0.001162,-0.000020,-0.010348,-0.000444,0.001488,0.005363,0.004561,-0.004614,0.008628,0.008069
0.006346,0.005667,0.005616,-0.010843,-0.000094,0.007863,0.000633,-0.000776,-0.000009,-0.008341,-0.000294,0.001073,0.005390,0.004327,-0.005051,0.008342,0.008534
0.003982,0.004237,0.004313,-0.013148,-0.000337,0.003728,0.000129,-0.000418,0.000000,-0.007764,-0.000403,0.000313,0.004966,0.004033,-0.004557,0.007932,0.007768
0.002940,0.003262,0.003071,-0.015122,-0.000690,0.001150,-0.000046,-0.000115,0.000048,-0.007574,-0.000176,-0.000025,0.003428,0.002746,-0.004062,0.007420,0.007087
0.001543,0.002628,0.001052,-0.016312,-0.001020,0.000067,-0.001110,0.000013,0.000175,-0.007083,-0.000341,-0.001161,0.001665,0.001824,-0.003943,0.007076,0.005816
0.000647,0.000960,0.000200,-0.017350,-0.001390,-0.000558,-0.001545,0.000275,0.000186,-0.006838,-0.000554,-0.002029,0.000536,0.000822,-0.002703,0.006659,0.004914
0.000054,0.000157,-0.000045,-0.017695,-0.001776,-0.002939,-0.001411,0.000908,0.000059,-0.005981,-0.000465,-0.002561,0.000299,0.000248,-0.001254,0.006652,0.004163
-0.000089,-0.000294,-0.000896,-0.017412,-0.001991,-0.005945,-0.001604,0.001437,0.000003,-0.003299,-0.000387,-0.003069,0.000251,-0.000006,-0.000285,0.007499,0.003477
-0.000877,-0.002611,-0.002430,-0.016841,-0.001959,-0.007929,-0.002136,0.000776,-0.000096,-0.001487,-0.000209,-0.003054,0.000119,-0.000410,0.000011,0.007921,0.002736
-0.002486,-0.006931,-0.004426,-0.016574,-0.001790,-0.010023,-0.002891,0.000303,-0.000534,-0.000655,-0.000098,-0.002621,0.000119,-0.001042,0.000188,0.007334,0.002248
-0.003574,-0.010430,-0.005800,-0.013900,-0.001551,-0.012309,-0.004537,0.000040,-0.001651,-0.000406,-0.000067,-0.000651,0.000118,-0.001870,0.000748,0.007147,0.001821
-0.005485,-0.011406,-0.007159,-0.010290,-0.001657,-0.015138,-0.005690,-0.000006,-0.002204,-0.000237,-0.000009,-0.000789,0.000043,-0.003718,0.001452,0.007726,0.001016
-0.005434,-0.012542,-0.008249,-0.007108,-0.001678,-0.016111,-0.006573,-0.000501,-0.002265,-0.000175,0.000132,-0.000926,-0.000007,-0.006201,0.001918,0.007579,0.000344
-0.006241,-0.013561,-0.009235,-0.004570,-0.001399,-0.017619,-0.007442,-0.001199,-0.002056,-0.000474,0.000559,-0.000812,-0.000249,-0.009197,0.002149,0.007731,0.000032
-0.005744,-0.012205,-0.010389,-0.002304,-0.001078,-0.016391,-0.008196,-0.001698,-0.001977,-0.000832,0.000879,-0.000068,-0.000976,-0.011521,0.002689,0.009865,-0.000030
-0.005463,-0.010675,-0.011773,-0.000990,-0.001057,-0.014977,-0.009227,-0.002175,-0.001644,-0.001200,0.001129,0.000129,-0.002152,-0.013722,0.004525,0.012789,-0.000273
-0.005098,-0.011076,-0.013203,-0.000238,-0.001194,-0.013024,-0.009961,-0.002338,-0.001323,-0.001809,0.001342,0.000656,-0.001016,-0.015584,0.006004,0.015102,-0.000652
-0.005763,-0.013305,-0.014738,-0.000000,-0.001360,-0.011675,-0.010533,-0.002561,-0.000795,-0.002609,0.001522,0.000974,-0.000365,-0.017371,0.007532,0.016474,-0.001160
-0.006635,-0.014211,-0.016286,0.000343,-0.001529,-0.009059,-0.011388,-0.002994,-0.000260,-0.003273,0.001632,0.000613,-0.000147,-0.019828,0.007772,0.017378,-0.001645
-0.005362,-0.016528,-0.017977,0.000581,-0.001842,-0.007743,-0.012375,-0.004348,-0.000047,-0.003348,0.001561,0.000304,-0.000009,-0.021660,0.007664,0.016607,-0.002533
-0.003973,-0.017731,-0.019354,0.001004,-0.002090,-0.006398,-0.013601,-0.005595,-0.000077,-0.003404,0.000984,0.000017,0.000057,-0.022429,0.007563,0.015750,-0.002349
-0.002048,-0.016957,-0.020459,0.001436,-0.002966,-0.006451,-0.014459,-0.007400,-0.000202,-0.004094,0.001005,-0.000038,0.000868,-0.022692,0.007366,0.016666,-0.002223
-0.000881,-0.015831,-0.022201,0.003847,-0.003942,-0.006276,-0.015078,-0.010625,-0.000515,-0.005158,0.001323,-0.000100,0.002059,-0.023072,0.007346,0.017725,-0.002379
-0.000122,-0.015863,-0.025623,0.007346,-0.005299,-0.006633,-0.015397,-0.014693,-0.000942,-0.006762,0.001375,-0.000024,0.003387,-0.023094,0.007429,0.017272,-0.002369
-0.000000,-0.016568,-0.030086,0.009918,-0.007246,-0.005891,-0.015156,-0.019121,-0.002415,-0.005581,0.001517,0.000000,0.005799,-0.022910,0.006155,0.017438,-0.002139
0.000087,-0.016927,-0.034245,0.012485,-0.008973,-0.005467,-0.013347,-0.022627,-0.004603,-0.005001,0.000338,-0.000063,0.008267,-0.022290,0.005134,0.020722,-0.001640
0.000477,-0.017019,-0.037789,0.012304,-0.009412,-0.004131,-0.010221,-0.023700,-0.007022,-0.005334,-0.000013,-0.000239,0.009889,-0.021356,0.001759,0.024276,-0.000364
0.001902,-0.016317,-0.041923,0.011197,-0.009531,-0.000699,-0.005336,-0.023335,-0.009404,-0.003943,-0.000668,-0.000038,0.011985,-0.018759,0.000136,0.026852,0.000165
0.003684,-0.015309,-0.045341,0.010554,-0.009545,0.000064,-0.002234,-0.023111,-0.011804,-0.002816,-0.002044,0.000092,0.013808,-0.013362,-0.000227,0.028722,0.002416
0.005190,-0.011655,-0.046460,0.010202,-0.010011,0.000802,-0.000506,-0.022108,-0.014185,-0.001731,-0.004402,0.000332,0.017309,-0.008329,-0.001850,0.030179,0.004800
0.007615,-0.008200,-0.046555,0.010144,-0.010163,0.002177,0.000000,-0.020624,-0.016394,-0.001415,-0.005096,0.000097,0.019627,-0.003736,-0.004684,0.031124,0.007734
0.010564,-0.004115,-0.046561,0.010712,-0.010148,0.003814,0.000333,-0.018532,-0.018346,-0.000335,-0.006200,0.000000,0.021132,-0.000803,-0.007247,0.030643,0.010175
0.014985,-0.000765,-0.045796,0.012892,-0.011678,0.004144,0.000477,-0.017159,-0.020069,-0.000681,-0.007500,-0.000003,0.022263,-0.000001,-0.008867,0.028826,0.013632
0.019864,0.000011,-0.045250,0.015611,-0.013997,0.001511,0.000291,-0.016474,-0.021554,-0.001223,-0.008025,-0.000019,0.024988,0.000652,-0.010434,0.027255,0.018494
0.025137,0.001021,-0.044812,0.017739,-0.016491,0.000256,0.000187,-0.015706,-0.022461,-0.001093,-0.008638,-0.000069,0.027789,0.002203,-0.013625,0.029642,0.024765
0.030113,0.003006,-0.042013,0.018318,-0.018820,0.000010,0.000222,-0.016618,-0.022930,-0.000876,-0.008929,-0.000657,0.029804,0.004110,-0.016343,0.031588,0.031456
0.035235,0.005915,-0.038521,0.018383,-0.020162,-0.000058,0.000227,-0.017255,-0.020375,-0.000655,-0.009703,-0.002795,0.029441,0.006286,-0.017102,0.031475,0.038244
0.040285,0.010348,-0.031321,0.013035,-0.017498,0.000347,0.000382,-0.016586,-0.016137,-0.000563,-0.010468,-0.004095,0.025263,0.009319,-0.015475,0.029970,0.042522
0.044160,0.015357,-0.024018,0.009398,-0.015460,0.001563,0.000789,-0.015722,-0.012351,-0.000429,-0.010660,-0.005830,0.021267,0.013145,-0.014143,0.027900,0.043139
0.048502,0.020387,-0.017331,0.008447,-0.013101,0.003697,0.002065,-0.014645,-0.008910,-0.000894,-0.008718,-0.007050,0.017653,0.016410,-0.011931,0.025619,0.042378
0.050468,0.025720,-0.010758,0.007373,-0.010527,0.006637,0.003614,-0.013400,-0.006515,-0.002081,-0.006348,-0.007689,0.014024,0.018024,-0.009857,0.024433,0.041056
0.051329,0.031526,-0.006085,0.006648,-0.008031,0.011372,0.004921,-0.011584,-0.004742,-0.003035,-0.004467,-0.007380,0.010933,0.019321,-0.006278,0.022823,0.039417
0.049226,0.035263,-0.002467,0.005202,-0.005727,0.016789,0.005933,-0.009327,-0.003017,-0.001974,-0.002859,-0.005994,0.008324,0.020080,-0.002967,0.021207,0.037375
0.043698,0.034840,-0.000426,0.004323,-0.003868,0.022640,0.006871,-0.006765,-0.002013,-0.000835,-0.000548,-0.003141,0.006778,0.019411,-0.000809,0.019399,0.034841
0.038051,0.030978,0.000115,0.002645,-0.002301,0.025498,0.007687,-0.004367,-0.001101,-0.000250,0.000057,-0.001114,0.005092,0.018568,-0.000008,0.018062,0.029098
0.032700,0.028515,0.002030,0.001951,-0.001392,0.028232,0.007522,-0.002477,-0.000101,-0.000343,0.000606,-0.001176,0.002334,0.018207,0.000445,0.016706,0.022678
0.028608,0.025074,0.005794,0.000889,-0.000918,0.027115,0.006000,-0.001516,0.000232,-0.000311,0.001501,-0.001537,0.000505,0.017538,0.001633,0.014118,0.013591
0.024223,0.021845,0.010769,0.000440,-0.000728,0.025143,0.004098,-0.000767,0.001086,-0.000346,0.002542,-0.002948,-0.000033,0.016487,0.003517,0.008488,0.006850
0.016305,0.016625,0.017690,0.000042,-0.000461,0.019189,0.002536,-0.000419,0.002361,-0.000376,0.004374,-0.002650,-0.000547,0.015031,0.006262,0.004472,0.002518
0.009319,0.011338,0.023880,-0.000000,-0.000311,0.013591,0.000969,-0.000336,0.004090,-0.000458,0.006489,-0.001371,-0.002102,0.012639,0.009933,0.001278,0.000315
0.003845,0.006683,0.024054,-0.000152,-0.000146,0.008785,0.000217,-0.000052,0.006230,-0.000419,0.008977,-0.000455,-0.004772,0.010149,0.014166,-0.000007,-0.000214
0.000640,0.002580,0.021939,-0.001102,-0.000210,0.005719,-0.000091,0.000007,0.006076,0.000025,0.010882,-0.000021,-0.006787,0.007543,0.017184,-0.002597,-0.002335
-0.000190,0.000678,0.019678,-0.003860,-0.000289,0.003460,-0.000656,0.000037,0.005438,0.001337,0.011339,0.000013,-0.009389,0.005173,0.018857,-0.006977,-0.006678
-0.003107,-0.000036,0.017342,-0.007430,-0.000331,0.001838,-0.001462,0.000142,0.004805,0.003056,0.011169,0.000167,-0.012997,0.003538,0.015134,-0.012059,-0.013357
-0.007239,-0.001235,0.014625,-0.011616,-0.000311,0.001692,-0.001644,0.000985,0.003445,0.005124,0.010806,0.001092,-0.015271,0.002357,0.011277,-0.017522,-0.021525
-0.012965,-0.004736,0.011864,-0.016753,-0.000229,0.001582,-0.002003,0.002289,0.002300,0.007186,0.010023,0.002288,-0.016437,0.001202,0.007476,-0.020827,-0.030517
-0.021355,-0.008914,0.010319,-0.021548,-0.000105,0.000749,-0.002284,0.003798,0.001388,0.010054,0.008873,0.003534,-0.014513,0.000181,0.004464,-0.023832,-0.038835
-0.032151,-0.015871,0.008718,-0.025544,-0.000015,0.000179,-0.002421,0.005701,0.000558,0.012154,0.008413,0.003615,-0.012471,-0.000004,0.002480,-0.025595,-0.044797
-0.041995,-0.022757,0.006706,-0.026915,0.000025,-0.000008,-0.002096,0.007051,0.000060,0.016532,0.007974,0.003740,-0.010360,-0.000220,0.001564,-0.028148,-0.050851
-0.046738,-0.025527,0.004702,-0.021543,-0.000001,-0.000494,-0.002896,0.008298,-0.000024,0.019425,0.006153,0.004727,-0.008227,-0.000812,0.001309,-0.030718,-0.051718
-0.048858,-0.028598,0.002668,-0.015684,-0.000324,-0.003348,-0.005152,0.008947,-0.000149,0.021740,0.003824,0.005910,-0.005233,-0.001665,0.000919,-0.033895,-0.050395
-0.048571,-0.028680,0.001199,-0.010436,-0.001502,-0.008457,-0.008473,0.009752,-0.000389,0.022881,0.002107,0.007167,-0.003027,-0.003046,0.000125,-0.032815,-0.046099
-0.046828,-0.026885,0.000331,-0.006272,-0.003784,-0.016292,-0.011237,0.010253,-0.000870,0.023564,0.001851,0.007528,-0.001440,-0.005046,-0.000175,-0.031159,-0.040888
-0.044694,-0.023839,-0.000000,-0.002468,-0.006960,-0.027387,-0.014060,0.010481,-0.000476,0.023053,0.001494,0.005724,-0.000720,-0.007596,-0.001013,-0.031384,-0.035212
-0.042462,-0.021120,0.000052,-0.002553,-0.006506,-0.028016,-0.015665,0.011153,-0.000027,0.021550,0.001006,0.002933,-0.000944,-0.009036,-0.001359,-0.029785,-0.030552
-0.039577,-0.017515,0.000291,-0.002268,-0.006207,-0.029123,-0.015298,0.010964,0.000170,0.017960,0.000541,0.001351,-0.001188,-0.008927,-0.001924,-0.029112,-0.026831
-0.034984,-0.013793,0.000637,-0.000507,-0.005930,-0.028935,-0.013512,0.010453,0.001045,0.012852,0.000196,0.000497,-0.002035,-0.008026,-0.002086,-0.027955,-0.023179
-0.029453,-0.009997,0.001569,0.000002,-0.005780,-0.030319,-0.012152,0.009918,0.002480,0.008153,-0.000052,0.000073,-0.003228,-0.006877,-0.002362,-0.026092,-0.022006
-0.022059,-0.006463,0.002134,0.001050,-0.005455,-0.029276,-0.011364,0.009760,0.003738,0.004408,-0.000741,-0.000104,-0.004173,-0.005745,-0.001734,-0.026440,-0.020357
-0.016135,-0.001821,0.003564,0.003860,-0.004542,-0.025384,-0.010345,0.009656,0.004623,0.003394,-0.001718,-0.000607,-0.004640,-0.004923,-0.000854,-0.026845,-0.017946
-0.010736,-0.000147,0.005054,0.008400,-0.003658,-0.021452,-0.009131,0.009414,0.003760,0.003073,-0.000587,-0.000555,-0.004913,-0.006272,-0.000022,-0.024339,-0.015632
-0.006147,-0.000005,0.006868,0.012329,-0.002837,-0.020424,-0.007535,0.008576,0.002909,0.002763,-0.000518,-0.000353,-0.005480,-0.007695,0.000419,-0.019172,-0.014396
-0.002459,0.000022,0.009122,0.018187,-0.002283,-0.019411,-0.006031,0.007308,0.004572,0.001261,-0.000442,-0.001194,-0.007369,-0.005306,0.001135,-0.013927,-0.014289
-0.000152,0.000351,0.011730,0.023507,-0.002196,-0.019968,-0.004774,0.006371,0.006467,0.000184,-0.000436,-0.003004,-0.009210,-0.003169,0.001649,-0.011368,-0.016351
0.000807,0.001740,0.012834,0.030022,-0.002580,-0.020124,-0.003494,0.005286,0.007102,-0.000138,-0.000212,-0.006638,-0.010945,-0.001602,0.002611,-0.010326,-0.018189
0.002664,0.002522,0.014419,0.034719,-0.002938,-0.021964,-0.002250,0.002913,0.007409,-0.001410,0.000040,-0.007792,-0.011390,-0.000408,0.003781,-0.009511,-0.019920
0.005588,0.002847,0.015072,0.041298,-0.003804,-0.022979,-0.001215,0.001224,0.007773,-0.004783,0.000316,-0.007949,-0.012294,-0.000030,0.004697,-0.009639,-0.021334
0.008856,0.003660,0.016278,0.045856,-0.004391,-0.024664,-0.000360,0.000415,0.008024,-0.008462,0.001153,-0.008729,-0.011795,0.000068,0.005289,-0.009515,-0.022617
0.012511,0.003908,0.015940,0.049841,-0.005772,-0.024456,-0.000768,0.000003,0.007072,-0.010320,0.001902,-0.007352,-0.010728,0.000578,0.006256,-0.009671,-0.024062
0.017114,0.005007,0.015390,0.049744,-0.007343,-0.023780,-0.001130,-0.000873,0.006874,-0.008533,0.002443,-0.007737,-0.009611,0.002032,0.006675,-0.008241,-0.026728
0.019064,0.004916,0.013836,0.050499,-0.008894,-0.022921,-0.000755,-0.002085,0.005325,-0.006887,0.003172,-0.007631,-0.009512,0.004496,0.005339,-0.006936,-0.028813
0.022608,0.005163,0.012003,0.047206,-0.010233,-0.022216,-0.000463,-0.002880,0.004756,-0.006069,0.002804,-0.007316,-0.010155,0.008533,0.003955,-0.005447,-0.031183
0.024244,0.003830,0.010715,0.046930,-0.011031,-0.021080,-0.000676,-0.003638,0.002993,-0.005053,0.003463,-0.006824,-0.009765,0.010689,0.003028,-0.004134,-0.032284
0.026943,0.005039,0.010162,0.043383,-0.011264,-0.019602,-0.001000,-0.004757,0.002086,-0.004787,0.002687,-0.006926,-0.008428,0.012324,0.002258,-0.003016,-0.033114
0.028110,0.002932,0.008922,0.039574,-0.010668,-0.017997,-0.001424,-0.006513,0.001383,-0.004408,0.002084,-0.007148,-0.008384,0.013522,0.001346,-0.001591,-0.033377
0.028793,0.001968,0.007108,0.035822,-0.009649,-0.017197,-0.000329,-0.008565,0.000736,-0.004735,0.001618,-0.007873,-0.008077,0.014134,0.000117,-0.000196,-0.033220
0.029595,0.001147,0.005309,0.033301,-0.008748,-0.016243,-0.000003,-0.010590,0.000604,-0.004300,0.000848,-0.008935,-0.007851,0.014260,0.000000,0.000325,-0.032556
0.029805,0.000530,0.003743,0.030589,-0.007571,-0.013239,0.000210,-0.011372,0.000694,-0.003777,0.000112,-0.010007,-0.006797,0.014172,-0.000104,0.002318,-0.032055
0.030394,0.000100,0.001714,0.027754,-0.006396,-0.010218,0.000590,-0.011937,0.000855,-0.003100,-0.000111,-0.010892,-0.006131,0.014332,-0.000370,0.005105,-0.031154
0.031614,0.000026,0.000346,0.023426,-0.005061,-0.007639,0.000863,-0.011393,0.000998,-0.002277,-0.000398,-0.010491,-0.004937,0.014114,-0.000734,0.008546,-0.029916
0.031571,0.000066,-0.000000,0.019956,-0.004505,-0.005398,0.001550,-0.009989,0.001060,-0.001889,-0.000682,-0.009751,-0.002757,0.013701,-0.001326,0.010289,-0.028098
0.030448,0.000152,-0.000293,0.016312,-0.004444,-0.004344,0.002350,-0.009304,0.000720,-0.002339,-0.001160,-0.010085,-0.000806,0.013035,-0.001952,0.014077,-0.025782
0.028855,0.000501,-0.001905,0.012951,-0.004473,-0.003802,0.003093,-0.009908,0.000419,-0.003761,-0.001676,-0.010056,-0.000002,0.012486,-0.002936,0.015929,-0.023897
0.026978,0.000918,-0.004564,0.010151,-0.004459,-0.002885,0.003697,-0.010875,0.000187,-0.004666,-0.001725,-0.010006,0.000104,0.012489,-0.004836,0.017726,-0.021750
0.025019,0.001150,-0.007658,0.007314,-0.004423,-0.001416,0.003100,-0.011115,0.000220,-0.004971,-0.002289,-0.009505,0.000088,0.013137,-0.007392,0.017955,-0.021393
0.023812,0.001231,-0.011028,0.005308,-0.004316,-0.000523,0.002279,-0.010366,0.000270,-0.005225,-0.003530,-0.009451,0.000021,0.013622,-0.010106,0.015591,-0.020639
0.021986,0.002843,-0.012739,0.005118,-0.004285,-0.000007,0.001823,-0.008960,0.000119,-0.004880,-0.004429,-0.009205,-0.000001,0.013784,-0.011063,0.012358,-0.019152
0.020931,0.005638,-0.013612,0.004689,-0.004351,0.000208,0.001547,-0.007392,-0.000081,-0.004577,-0.003559,-0.009524,-0.000053,0.013338,-0.009201,0.010968,-0.017271
0.019985,0.007393,-0.013734,0.003595,-0.004632,0.000319,0.001431,-0.005396,-0.000842,-0.004012,-0.004597,-0.009265,-0.000208,0.012858,-0.007320,0.011224,-0.014463
0.019027,0.008613,-0.013291,0.001739,-0.004513,0.000480,0.001280,-0.003319,-0.001120,-0.003720,-0.003561,-0.008113,-0.000559,0.013749,-0.008500,0.012908,-0.012384
0.018412,0.010719,-0.011155,0.000546,-0.004292,0.000169,0.001253,-0.001487,-0.001527,-0.003772,-0.002601,-0.004130,-0.000458,0.014437,-0.009650,0.013181,-0.010285
0.017390,0.012557,-0.009285,0.000594,-0.003964,0.000071,0.001108,-0.000254,-0.001906,-0.004189,-0.001672,-0.001062,-0.000406,0.015036,-0.009577,0.012712,-0.008241
0.016203,0.015151,-0.006782,0.000644,-0.004154,0.000001,0.001084,-0.000224,-0.002474,-0.004421,-0.000458,-0.000374,-0.000543,0.015756,-0.007121,0.012085,-0.006589
0.015077,0.017629,-0.004087,0.000238,-0.004366,0.000369,0.001498,-0.000267,-0.003232,-0.005795,-0.000060,-0.000445,-0.000715,0.015826,-0.005502,0.010536,-0.004302
0.013691,0.020146,-0.002695,0.000026,-0.004583,0.000570,0.001913,-0.000254,-0.004171,-0.006147,0.000054,-0.000504,-0.000060,0.014724,-0.003840,0.008738,-0.002253
0.009671,0.019851,-0.002216,-0.000013,-0.005325,0.000587,0.001392,-0.000429,-0.005892,-0.006156,0.000051,0.000014,0.000165,0.012779,-0.002101,0.005030,-0.000283
0.006708,0.017840,-0.001816,-0.000408,-0.006385,0.000442,0.000857,-0.001278,-0.006839,-0.005262,0.000002,0.000220,0.001706,0.011568,-0.001325,0.002450,-0.000016
0.002220,0.014191,-0.001662,-0.000538,-0.007303,0.000302,0.001283,-0.001553,-0.009185,-0.002311,0.000000,0.000386,0.004437,0.009225,-0.000033,0.000279,0.000410
0.000371,0.010889,-0.002499,-0.002218,-0.008389,0.000625,0.001699,-0.001785,-0.010149,-0.000853,-0.000016,0.000585,0.007287,0.007243,0.000211,-0.000111,0.001115
-0.001558,0.006789,-0.002905,-0.003329,-0.009358,0.000928,0.001850,-0.001020,-0.012967,-0.000001,0.000006,0.002158,0.010341,0.004459,0.001604,-0.001355,0.003735
-0.005395,0.003514,-0.003156,-0.006533,-0.010109,0.001886,0.001618,-0.000380,-0.015405,0.001143,-0.000012,0.005487,0.013506,0.002090,0.002676,-0.003783,0.006375
-0.010431,0.000334,-0.004374,-0.010521,-0.010244,0.003251,0.001245,-0.000193,-0.018164,0.003987,0.000000,0.009287,0.015499,0.000616,0.003399,-0.006659,0.009254
-0.016322,-0.000324,-0.005475,-0.014784,-0.010335,0.005582,0.001416,-0.000001,-0.020846,0.007539,0.000100,0.013128,0.017223,0.000005,0.002906,-0.008210,0.012557
-0.021248,-0.002662,-0.006175,-0.018829,-0.010262,0.007208,0.001340,0.000028,-0.022987,0.010770,0.000142,0.016347,0.017590,-0.000465,0.002079,-0.009164,0.016304
-0.026754,-0.005182,-0.006651,-0.022984,-0.009856,0.010468,0.000963,0.000098,-0.025374,0.014018,0.000147,0.019344,0.016715,-0.002171,0.001348,-0.008638,0.019707
-0.030950,-0.006368,-0.008625,-0.026233,-0.009527,0.014088,0.000251,0.000046,-0.027245,0.015652,0.000050,0.021009,0.016801,-0.003926,0.000456,-0.007917,0.022595
-0.034263,-0.009251,-0.011240,-0.031000,-0.009045,0.017687,0.000000,0.000131,-0.028045,0.017191,-0.000010,0.022251,0.017663,-0.006370,0.000064,-0.006789,0.024822
-0.036811,-0.011060,-0.012498,-0.033548,-0.008196,0.020887,-0.000068,0.000258,-0.028260,0.019628,-0.000184,0.023270,0.020382,-0.008662,-0.000059,-0.006670,0.026222
-0.038908,-0.012401,-0.013103,-0.034915,-0.007360,0.023233,-0.000239,0.000639,-0.027585,0.020400,-0.000575,0.024689,0.023354,-0.011746,-0.000421,-0.005136,0.027709
-0.040924,-0.014186,-0.015204,-0.035784,-0.006807,0.024837,-0.000601,0.000339,-0.026964,0.020750,-0.001259,0.027002,0.025578,-0.014622,-0.001426,-0.004766,0.027552
-0.043459,-0.015751,-0.017270,-0.036178,-0.005867,0.025851,-0.001175,0.000011,-0.026091,0.021491,-0.000791,0.028661,0.026765,-0.017096,-0.003091,-0.003854,0.027551
-0.045711,-0.018265,-0.018749,-0.036316,-0.005029,0.030042,-0.002636,-0.000066,-0.025525,0.022548,-0.000222,0.029231,0.026973,-0.019620,-0.005300,-0.003036,0.027282
-0.047814,-0.020783,-0.020889,-0.035839,-0.004154,0.033483,-0.004052,-0.000403,-0.024849,0.023055,-0.000030,0.027162,0.026324,-0.021793,-0.007419,-0.001536,0.026564
-0.048762,-0.022711,-0.023059,-0.032812,-0.003536,0.034806,-0.005227,-0.000871,-0.024325,0.022913,-0.000010,0.024395,0.025324,-0.023755,-0.008559,-0.000087,0.024642
-0.049088,-0.023276,-0.024940,-0.029361,-0.003083,0.034557,-0.006023,-0.001345,-0.023783,0.022447,-0.000000,0.020773,0.023381,-0.025444,-0.010259,0.000178,0.022458
-0.049621,-0.023127,-0.025022,-0.026018,-0.003389,0.033937,-0.006737,-0.001188,-0.022368,0.021820,0.000006,0.016827,0.021361,-0.026820,-0.012753,0.000730,0.021184
-0.048968,-0.023633,-0.024005,-0.024384,-0.003424,0.032767,-0.007550,-0.000860,-0.020725,0.020834,0.000303,0.013453,0.018077,-0.027599,-0.016457,0.001754,0.019647
-0.045791,-0.022295,-0.019863,-0.022588,-0.003069,0.029576,-0.008283,-0.000847,-0.019360,0.018385,0.000735,0.011790,0.015736,-0.028067,-0.020116,0.003967,0.018080
-0.041401,-0.020479,-0.014542,-0.021072,-0.002306,0.025773,-0.009119,-0.001219,-0.017665,0.015534,0.001624,0.011080,0.016110,-0.028074,-0.024500,0.006969,0.016309
-0.035804,-0.016952,-0.009568,-0.019171,-0.001850,0.021927,-0.009581,-0.002643,-0.015730,0.012072,0.002836,0.009635,0.015571,-0.027809,-0.026284,0.011362,0.015436
-0.027926,-0.013246,-0.003305,-0.017928,-0.001552,0.020126,-0.010139,-0.005214,-0.015172,0.008471,0.004188,0.006769,0.014660,-0.026783,-0.027925,0.016676,0.016458
-0.017206,-0.006711,-0.000426,-0.013422,-0.002234,0.013702,-0.011641,-0.009408,-0.014790,0.004828,0.004000,0.003634,0.014544,-0.025922,-0.029101,0.022751,0.017815
-0.007855,-0.002676,0.000091,-0.005617,-0.003474,0.004363,-0.013749,-0.014275,-0.014350,0.001660,0.001566,0.000958,0.015017,-0.025215,-0.030667,0.024903,0.021908
-0.001826,-0.000528,0.001575,-0.000590,-0.005583,0.000280,-0.016262,-0.019622,-0.014526,0.000013,0.000142,-0.000002,0.016223,-0.025237,-0.032505,0.026360,0.028238
-0.000000,0.000001,0.005082,0.000514,-0.007764,-0.000901,-0.018123,-0.024504,-0.014894,-0.000610,-0.000189,-0.001517,0.015854,-0.025517,-0.030915,0.027090,0.035243
0.002026,0.000663,0.008363,0.001541,-0.009338,-0.002461,-0.018386,-0.028729,-0.015161,-0.003559,-0.000230,-0.005672,0.015281,-0.025596,-0.029612,0.027661,0.040103
0.004687,0.003492,0.012713,0.001837,-0.010048,-0.004585,-0.017834,-0.029982,-0.016194,-0.008889,-0.000006,-0.007557,0.015020,-0.024433,-0.028591,0.027182,0.046168
0.007087,0.006607,0.018402,0.000116,-0.009257,-0.003305,-0.015957,-0.029743,-0.017887,-0.011958,0.000053,-0.007195,0.015191,-0.023444,-0.028921,0.026567,0.052614
0.009364,0.009090,0.022960,-0.000555,-0.008624,-0.002508,-0.013306,-0.028958,-0.020718,-0.014228,0.000771,-0.006040,0.016661,-0.022296,-0.025380,0.024971,0.058360
0.011276,0.010988,0.027783,-0.002601,-0.008412,-0.001243,-0.010382,-0.027515,-0.023792,-0.014968,0.003169,-0.003048,0.017257,-0.021248,-0.021645,0.024642,0.062919
0.013151,0.011644,0.032842,-0.006304,-0.008537,-0.001458,-0.007692,-0.025245,-0.027594,-0.015412,0.006027,-0.000773,0.016759,-0.020436,-0.016544,0.023820,0.063848
0.014987,0.013426,0.037074,-0.010493,-0.009958,-0.001826,-0.005545,-0.019684,-0.032453,-0.015131,0.009102,-0.000008,0.015743,-0.019936,-0.013795,0.023152,0.061533
0.018089,0.017854,0.039287,-0.013722,-0.011937,-0.001803,-0.004698,-0.015143,-0.037600,-0.016888,0.011865,0.000155,0.015412,-0.019422,-0.010088,0.023485,0.055397
0.019940,0.021563,0.038124,-0.017938,-0.014611,-0.001461,-0.004646,-0.012030,-0.041591,-0.020781,0.013851,0.000352,0.015006,-0.019531,-0.006417,0.023494,0.048211
0.020898,0.025112,0.036191,-0.019278,-0.016633,-0.001480,-0.004468,-0.010218,-0.045206,-0.022858,0.015519,0.000615,0.015429,-0.019470,-0.003501,0.021414,0.040231
0.021537,0.028997,0.033397,-0.020075,-0.018569,-0.000859,-0.004186,-0.007833,-0.047954,-0.024589,0.017438,0.001055,0.015572,-0.019657,-0.001686,0.019886,0.032494
0.021697,0.030229,0.030283,-0.020104,-0.020443,-0.000370,-0.003399,-0.006188,-0.050377,-0.025800,0.019031,0.002774,0.014477,-0.019572,-0.000758,0.018406,0.024477
0.022312,0.031554,0.026429,-0.019152,-0.021931,-0.000112,-0.002609,-0.005147,-0.051936,-0.026820,0.021557,0.004621,0.011061,-0.019398,-0.000376,0.016986,0.017578
0.022543,0.030927,0.022011,-0.018131,-0.023550,0.000001,-0.002033,-0.004949,-0.053321,-0.028640,0.023804,0.006104,0.008359,-0.019817,-0.000347,0.015390,0.011375
0.021741,0.029929,0.016819,-0.017210,-0.025009,0.000124,-0.000963,-0.004676,-0.055031,-0.030231,0.025020,0.006383,0.006195,-0.019963,-0.000172,0.013282,0.006453
0.019643,0.028537,0.011827,-0.015301,-0.026594,0.000695,-0.000271,-0.004098,-0.057147,-0.030513,0.020906,0.007557,0.004498,-0.020880,-0.000208,0.014318,0.002534
0.016906,0.028123,0.006856,-0.013269,-0.027693,0.001712,-0.000001,-0.003380,-0.058411,-0.030227,0.016930,0.010125,0.002365,-0.022215,-0.000593,0.013724,0.000327
0.013906,0.027050,0.003142,-0.009464,-0.029854,0.002642,0.000112,-0.003313,-0.059318,-0.029891,0.014331,0.012682,0.000196,-0.023770,-0.002175,0.012116,-0.000174
0.010965,0.024671,0.000738,-0.006204,-0.032104,0.003263,0.000488,-0.003933,-0.059748,-0.030751,0.013459,0.016015,-0.000640,-0.026061,-0.004517,0.008923,-0.002216
0.009592,0.022299,0.000029,-0.003729,-0.033600,0.003607,0.001249,-0.005078,-0.059855,-0.032878,0.013901,0.019474,-0.004248,-0.028572,-0.006675,0.006059,-0.007374
0.008550,0.020387,-0.000145,-0.002356,-0.034567,0.004006,0.002552,-0.006802,-0.059115,-0.034538,0.014357,0.023509,-0.007009,-0.031103,-0.010104,0.003305,-0.016524
0.008024,0.018655,-0.001099,-0.001065,-0.034940,0.004932,0.004463,-0.009974,-0.057749,-0.037344,0.014397,0.027310,-0.010073,-0.033180,-0.013652,0.000825,-0.028442
0.008327,0.017430,-0.003003,-0.000279,-0.035273,0.007012,0.005052,-0.013716,-0.057311,-0.039671,0.013335,0.030895,-0.013834,-0.033872,-0.018521,-0.000000,-0.038234
0.011682,0.018893,-0.004279,0.000191,-0.037417,0.006028,0.004737,-0.019974,-0.059716,-0.040695,0.010866,0.030594,-0.018664,-0.024795,-0.030754,-0.002678,-0.045034
0.016843,0.020469,-0.006436,0.003192,-0.040663,0.003168,0.003338,-0.026909,-0.061434,-0.041696,0.007754,0.027809,-0.021970,-0.016914,-0.048303,-0.008282,-0.040998
0.022173,0.021395,-0.009074,0.011826,-0.044306,0.000917,0.001702,-0.034690,-0.062336,-0.042151,0.004731,0.024305,-0.024977,-0.011233,-0.066930,-0.015334,-0.035115
0.027039,0.021874,-0.011910,0.027363,-0.047360,-0.000011,0.000408,-0.042426,-0.062782,-0.041895,0.002202,0.020492,-0.029446,-0.007125,-0.085345,-0.021449,-0.028906
0.031662,0.021885,-0.014316,0.037834,-0.048590,-0.000665,0.000035,-0.048908,-0.062465,-0.040933,0.000794,0.016947,-0.033612,-0.003984,-0.103089,-0.027157,-0.024118
0.035933,0.023496,-0.015560,0.049240,-0.048166,-0.002617,-0.000054,-0.053945,-0.061758,-0.040215,0.000296,0.014991,-0.036725,-0.001365,-0.120730,-0.033149,-0.019105
0.038502,0.026031,-0.014810,0.049885,-0.045797,-0.001249,-0.000081,-0.057023,-0.060162,-0.038842,0.000019,0.012863,-0.038364,-0.000105,-0.136927,-0.038362,-0.013934
0.040075,0.028223,-0.012577,0.047849,-0.042754,-0.000282,-0.000021,-0.059154,-0.058287,-0.037042,-0.000028,0.011116,-0.039390,0.000261,-0.147633,-0.044694,-0.009032
0.040802,0.029828,-0.009769,0.044912,-0.039363,0.000181,0.000033,-0.060383,-0.056093,-0.034651,-0.000069,0.010152,-0.040536,0.001769,-0.156004,-0.048379,-0.005107
0.040801,0.029476,-0.006974,0.041351,-0.035791,0.000963,0.000303,-0.060563,-0.054583,-0.031721,-0.000028,0.009767,-0.041072,0.004273,-0.160370,-0.051390,-0.002495
0.040111,0.028631,-0.004588,0.037931,-0.032791,0.001261,0.000943,-0.057492,-0.052405,-0.028006,-0.000001,0.009264,-0.040041,0.007446,-0.163897,-0.053350,-0.000808
0.039379,0.026876,-0.002493,0.035081,-0.029712,0.001033,0.001105,-0.053530,-0.050211,-0.023996,0.000016,0.008651,-0.038378,0.010590,-0.163027,-0.052515,-0.000226
0.038758,0.026095,-0.001137,0.031631,-0.027089,0.001292,0.000667,-0.049613,-0.047469,-0.022004,0.000094,0.006916,-0.036118,0.013027,-0.158995,-0.050823,-0.000034
0.036869,0.024845,-0.000480,0.029195,-0.024337,0.000779,0.000289,-0.045543,-0.044542,-0.019669,0.000236,0.005225,-0.033103,0.015156,-0.152335,-0.049148,0.000003
0.034390,0.023733,-0.000212,0.025979,-0.021896,0.000572,0.000038,-0.041148,-0.041682,-0.016955,0.000466,0.003202,-0.029623,0.017142,-0.143994,-0.046691,0.000048
0.031371,0.021812,-0.000039,0.022742,-0.019157,0.000372,0.000002,-0.036166,-0.038179,-0.013894,0.000791,0.001773,-0.026046,0.019009,-0.133882,-0.043101,0.000066
0.029046,0.020017,-0.000000,0.019733,-0.016201,0.000196,-0.000016,-0.030932,-0.034066,-0.010825,0.001462,0.000380,-0.023332,0.020720,-0.122926,-0.038851,0.000108
0.026576,0.017543,0.000010,0.016499,-0.013284,0.000181,-0.000040,-0.026321,-0.029496,-0.008818,0.002411,-0.000020,-0.020287,0.021491,-0.111521,-0.034330,0.000063
0.023700,0.014925,0.000045,0.013149,-0.010509,0.000162,0.000004,-0.021410,-0.025201,-0.006735,0.002979,-0.001245,-0.016798,0.021828,-0.098458,-0.029940,0.000097
0.019640,0.012158,0.000108,0.010059,-0.008141,0.000629,0.000136,-0.016152,-0.021159,-0.004142,0.001493,-0.003391,-0.013220,0.020068,-0.085346,-0.025212,0.000134
0.015425,0.010156,0.000078,0.007224,-0.005898,0.001543,0.000509,-0.011141,-0.016942,-0.001839,0.000334,-0.004285,-0.009909,0.017926,-0.071272,-0.021003,0.000192
0.011677,0.008044,0.000049,0.005359,-0.004264,0.001496,0.000401,-0.007254,-0.013202,-0.000277,-0.000001,-0.004918,-0.007620,0.015259,-0.057640,-0.016390,0.000598
0.008091,0.005892,0.000025,0.003792,-0.002935,0.000780,0.000292,-0.004399,-0.009743,0.000024,-0.000703,-0.004281,-0.005339,0.011982,-0.044008,-0.012084,0.001341
0.005193,0.003947,0.000075,0.002305,-0.001710,0.000214,0.000243,-0.002212,-0.006530,0.000261,-0.000346,-0.003177,-0.003204,0.008340,-0.029982,-0.007875,0.001283
0.002729,0.002139,0.000351,0.001084,-0.000839,-0.000005,0.000263,-0.000701,-0.003604,0.000877,-0.000071,-0.001873,-0.001688,0.004809,-0.017024,-0.004177,0.000847
0.000935,0.000698,0.000553,0.000406,-0.000234,-0.000265,0.000281,-0.000214,-0.001267,0.000329,0.000060,-0.000729,-0.000527,0.001784,-0.006033,-0.001530,0.000370
