AU01,AU02,AU04,AU05,AU06,AU07,AU09,AU10,AU12,AU14,AU15,AU17,AU20,AU23,AU25,AU26,AU45
0.000882,0.004108,-0.004406,0.007906,0.018147,-0.002265,-0.007442,0.015498,0.019496,-0.006533,-0.009788,-0.017729,0.013032,0.000328,-0.012544,-0.020049,-0.002945
0.002031,0.005180,-0.002443,0.008511,0.023032,0.002880,-0.006094,0.020201,0.023482,-0.006479,-0.009629,-0.019875,0.015258,-0.000410,-0.012704,-0.021084,-0.001546
0.003102,0.006116,0.000296,0.007508,0.029257,0.009047,-0.004750,0.025175,0.028631,-0.005674,-0.009355,-0.023834,0.017230,-0.001417,-0.010833,-0.023399,-0.000104
0.004390,0.006916,0.003874,0.006528,0.034859,0.016499,-0.003180,0.030312,0.033688,-0.004868,-0.008967,-0.027300,0.018216,-0.001925,-0.008306,-0.025317,0.001272
0.005576,0.006879,0.007441,0.005876,0.040492,0.024144,-0.002205,0.035448,0.038831,-0.005046,-0.008645,-0.030272,0.018997,-0.002371,-0.005163,-0.027784,0.002581
0.006506,0.006587,0.010792,0.005224,0.045755,0.031201,-0.001495,0.039968,0.043592,-0.005149,-0.008194,-0.033792,0.019495,-0.002230,-0.001592,-0.028817,0.003863
0.007217,0.004158,0.012494,0.004571,0.050966,0.035640,-0.001091,0.043871,0.048316,-0.004881,-0.007355,-0.037155,0.019882,-0.002054,0.003880,-0.029201,0.005075
0.007978,0.001819,0.014090,0.003711,0.056262,0.039646,-0.001627,0.048115,0.052764,-0.004088,-0.006408,-0.040003,0.019736,-0.001319,0.010309,-0.029209,0.006088
0.008759,0.000669,0.016686,0.003283,0.060994,0.044722,-0.002126,0.051963,0.056557,-0.002726,-0.005892,-0.042656,0.019677,-0.000647,0.016346,-0.028957,0.006663
0.011264,-0.000475,0.019112,0.002422,0.064995,0.049250,-0.002357,0.055263,0.059968,-0.001104,-0.005680,-0.044666,0.019424,-0.000125,0.020987,-0.028610,0.007208
0.013531,-0.001678,0.022141,0.001994,0.069086,0.052639,-0.001838,0.058598,0.062595,0.000224,-0.006363,-0.046651,0.019779,0.000339,0.025263,-0.027856,0.008784
0.015135,-0.003473,0.025756,0.001789,0.072257,0.055525,-0.001217,0.061149,0.064613,0.001525,-0.006778,-0.048201,0.019877,0.000471,0.029162,-0.026330,0.010248
0.016384,-0.005212,0.029053,0.001550,0.075596,0.059807,-0.000372,0.062929,0.065842,0.002442,-0.006275,-0.049037,0.019619,0.000599,0.032731,-0.024229,0.011756
0.017438,-0.004020,0.032031,-0.000466,0.077906,0.063755,0.001185,0.064735,0.066303,0.003262,-0.005402,-0.049149,0.019111,0.000688,0.035996,-0.021765,0.013141
0.020714,-0.002993,0.034321,-0.002975,0.079132,0.067084,0.002787,0.065911,0.066090,0.004185,-0.004474,-0.047915,0.018263,0.001276,0.038958,-0.020774,0.014402
0.022388,-0.001376,0.034903,-0.006304,0.078702,0.067573,0.002466,0.067237,0.064806,0.005010,-0.004980,-0.044648,0.016387,0.001966,0.039528,-0.021140,0.013895
0.023292,-0.000372,0.034255,-0.009535,0.077416,0.066708,0.002031,0.067771,0.062757,0.005892,-0.006161,-0.041789,0.013452,0.002785,0.039660,-0.020548,0.012988
0.023684,0.000965,0.033728,-0.015576,0.075437,0.064486,0.002525,0.067016,0.060369,0.006576,-0.007344,-0.039249,0.010774,0.003715,0.040411,-0.020095,0.011714
0.024855,0.002326,0.034279,-0.021105,0.072634,0.059796,0.002651,0.065140,0.057039,0.007262,-0.008479,-0.036993,0.008002,0.005002,0.040827,-0.018650,0.010417
0.025193,0.003181,0.034640,-0.024324,0.068828,0.053314,0.001550,0.062589,0.053194,0.006081,-0.008931,-0.034297,0.005341,0.006277,0.041082,-0.017117,0.008952
0.025036,0.003422,0.034354,-0.026737,0.064429,0.045768,0.000563,0.059134,0.049201,0.004634,-0.009487,-0.031380,0.002954,0.007363,0.040876,-0.015785,0.007418
0.024768,0.004199,0.035431,-0.027845,0.059885,0.037758,0.000620,0.054984,0.044374,0.002977,-0.010706,-0.028570,0.001077,0.008262,0.040611,-0.013786,0.006127
0.024422,0.004431,0.035952,-0.027107,0.055838,0.033670,0.000911,0.050619,0.039014,0.001674,-0.012163,-0.025351,-0.000182,0.008212,0.039712,-0.011648,0.004921
0.023329,0.003474,0.036341,-0.025455,0.051544,0.030780,0.000895,0.046009,0.033749,0.000209,-0.013434,-0.022751,-0.001067,0.008075,0.038088,-0.009746,0.003717
0.021343,0.002470,0.035814,-0.021994,0.047344,0.026848,0.001067,0.041851,0.028249,-0.001187,-0.014353,-0.019784,-0.000335,0.007877,0.034675,-0.006475,0.002543
0.019774,0.000154,0.034684,-0.018901,0.043421,0.022283,0.001746,0.037787,0.022847,-0.001923,-0.014240,-0.016392,0.000791,0.007557,0.030807,-0.003879,0.001234
0.018124,-0.001066,0.032696,-0.017589,0.039595,0.021568,0.002830,0.033859,0.018147,-0.002490,-0.012797,-0.013438,0.001791,0.006512,0.026460,-0.001477,0.000734
0.017602,-0.002196,0.031210,-0.016020,0.035086,0.020813,0.004441,0.031277,0.013422,-0.003023,-0.011160,-0.010734,0.002058,0.005439,0.021597,0.000394,0.000856
0.015575,-0.001932,0.029072,-0.014762,0.031688,0.019410,0.006235,0.029415,0.009534,-0.003618,-0.010849,-0.009214,0.002214,0.004353,0.016909,-0.000214,0.000947
0.014318,-0.000675,0.027662,-0.013543,0.030392,0.019530,0.008509,0.028344,0.007004,-0.003466,-0.010182,-0.009535,0.002550,0.002986,0.013745,-0.003044,0.001087
0.012791,0.001132,0.027688,-0.012470,0.028551,0.021230,0.011293,0.027472,0.004846,-0.003265,-0.009364,-0.009552,0.002318,0.002244,0.011648,-0.004793,0.001196
0.011079,0.002241,0.027569,-0.010965,0.026850,0.023384,0.013372,0.026651,0.003061,-0.004262,-0.008627,-0.007882,0.002064,0.001438,0.010283,-0.006251,0.001274
0.009013,0.003166,0.027114,-0.009333,0.024405,0.023646,0.014974,0.024852,0.001558,-0.005500,-0.008064,-0.007557,0.001770,0.001149,0.009584,-0.005992,0.001121
0.006266,0.000246,0.023867,-0.007051,0.022215,0.021574,0.015433,0.022612,0.000498,-0.006416,-0.007199,-0.007113,0.001878,0.001368,0.010631,-0.006082,0.000425
0.003351,-0.001209,0.021240,-0.003206,0.020392,0.019195,0.014528,0.021397,-0.000431,-0.006983,-0.005994,-0.006506,0.001834,0.002103,0.012779,-0.006862,-0.001188
0.000383,-0.001641,0.018815,0.001029,0.018640,0.019236,0.012681,0.020326,-0.001244,-0.006879,-0.004707,-0.005674,0.001972,0.002971,0.014778,-0.007595,-0.003125
-0.000765,-0.001906,0.016261,0.004519,0.016702,0.018316,0.011418,0.019037,-0.001428,-0.006356,-0.003543,-0.004625,0.001796,0.003360,0.016087,-0.008240,-0.004818
-0.000372,-0.002336,0.014226,0.008138,0.016294,0.016746,0.010806,0.018185,-0.000784,-0.005956,-0.003385,-0.004513,0.002344,0.003793,0.017073,-0.008377,-0.004226
-0.000405,-0.002731,0.012819,0.012031,0.015606,0.014684,0.010026,0.017023,0.000113,-0.004849,-0.003266,-0.004213,0.002494,0.003791,0.016616,-0.008028,-0.003528
-0.000942,-0.004797,0.010359,0.014971,0.015026,0.013272,0.008019,0.016047,0.001103,-0.004046,-0.002725,-0.004037,0.001642,0.003809,0.014794,-0.008915,-0.002152
-0.001134,-0.002853,0.007751,0.015066,0.013555,0.011987,0.006612,0.015883,0.002147,-0.003214,-0.001990,-0.003973,0.000496,0.003972,0.012865,-0.009545,-0.000742
-0.000060,-0.001322,0.005278,0.014580,0.011925,0.010145,0.005895,0.016343,0.002698,-0.002241,-0.001517,-0.004675,-0.000616,0.004715,0.011355,-0.011592,0.000673
0.001925,0.001451,0.003783,0.013312,0.010114,0.008296,0.004892,0.017726,0.003166,-0.001327,-0.001081,-0.003577,-0.002527,0.006036,0.009932,-0.013547,0.001539
0.003740,0.002842,0.001773,0.012092,0.008487,0.005311,0.004315,0.017523,0.003434,-0.000926,-0.000907,-0.000676,-0.004634,0.007071,0.009496,-0.013845,0.001647
0.006126,0.004225,-0.000233,0.009649,0.007821,0.002369,0.004117,0.017152,0.003429,-0.000536,-0.000665,0.002031,-0.005482,0.008677,0.010064,-0.013051,0.000367
0.008686,0.006839,-0.001027,0.006984,0.006996,-0.000858,0.004057,0.017082,0.003119,-0.000099,0.000090,0.003511,-0.005047,0.010125,0.012032,-0.012162,-0.000985
0.011316,0.009148,-0.000627,0.006387,0.005963,-0.005475,0.002790,0.017081,0.002728,-0.000749,0.000751,0.004658,-0.005369,0.010712,0.014144,-0.013260,-0.001561
0.013697,0.012480,0.000983,0.005629,0.005208,-0.010919,0.001396,0.016733,0.002391,-0.001487,0.000172,0.005313,-0.005089,0.011185,0.016100,-0.014719,-0.002133
0.015973,0.015567,0.002812,0.007192,0.004487,-0.016805,0.001404,0.015733,0.003326,-0.001139,-0.001090,0.004541,-0.005608,0.013304,0.017732,-0.015585,-0.002433
0.017985,0.018660,0.002774,0.010025,0.004098,-0.021128,0.000977,0.013902,0.005250,0.000278,-0.002422,0.003195,-0.006381,0.016019,0.018725,-0.015595,-0.003499
0.021099,0.020637,0.003271,0.013062,0.003734,-0.022556,0.000521,0.011583,0.008156,0.002161,-0.002987,0.001019,-0.006823,0.018810,0.019137,-0.015158,-0.004638
0.023767,0.022154,0.005720,0.017185,0.004270,-0.022918,0.000063,0.008828,0.010908,0.003899,-0.003482,-0.001533,-0.007313,0.021215,0.018864,-0.014266,-0.005453
0.026740,0.019935,0.008093,0.022878,0.004759,-0.022814,-0.000021,0.005120,0.013883,0.003731,-0.004045,-0.003892,-0.007918,0.023707,0.019989,-0.013012,-0.006212
0.030856,0.017786,0.010565,0.029455,0.004539,-0.025295,0.000835,0.001391,0.016532,0.002829,-0.004552,-0.006686,-0.009251,0.025837,0.022332,-0.011082,-0.007153
0.035027,0.015944,0.014076,0.035231,0.004311,-0.027327,0.001743,-0.001822,0.018185,0.001733,-0.004168,-0.009583,-0.011390,0.029161,0.024151,-0.009452,-0.007926
0.037595,0.014091,0.016954,0.040026,0.004501,-0.028908,0.002678,-0.005298,0.019589,-0.000833,-0.003805,-0.013293,-0.013574,0.032173,0.024974,-0.010455,-0.008877
0.041712,0.012951,0.020212,0.045334,0.005575,-0.029418,0.004465,-0.008364,0.020865,-0.003179,-0.003571,-0.016326,-0.015406,0.035562,0.025351,-0.013886,-0.010297
0.044814,0.012959,0.024260,0.049616,0.006613,-0.029699,0.007269,-0.010791,0.022167,-0.004715,-0.003438,-0.018696,-0.016824,0.039604,0.026130,-0.015872,-0.012125
0.048510,0.014044,0.027952,0.054151,0.007614,-0.030292,0.009940,-0.012180,0.023241,-0.005910,-0.003687,-0.020127,-0.017996,0.043074,0.026970,-0.016448,-0.013736
0.052515,0.015032,0.031231,0.057954,0.008097,-0.032316,0.012027,-0.013571,0.024261,-0.007219,-0.004530,-0.021957,-0.018847,0.045765,0.028021,-0.016032,-0.015389
0.055309,0.013889,0.033115,0.061434,0.008468,-0.034310,0.013348,-0.014903,0.025697,-0.008414,-0.005478,-0.023174,-0.019102,0.048396,0.029795,-0.016059,-0.017533
0.056435,0.014153,0.033459,0.065897,0.008574,-0.035329,0.013841,-0.016269,0.026567,-0.009610,-0.005624,-0.023442,-0.018772,0.050161,0.032035,-0.016664,-0.020533
0.055568,0.015043,0.032983,0.067924,0.009169,-0.034630,0.013434,-0.017426,0.027058,-0.010197,-0.005254,-0.022669,-0.018173,0.051030,0.033052,-0.016449,-0.023307
0.053975,0.015868,0.032410,0.069079,0.009130,-0.033604,0.013209,-0.018684,0.027442,-0.010625,-0.005458,-0.021446,-0.018127,0.050977,0.034262,-0.014392,-0.025488
0.051334,0.013559,0.029913,0.069327,0.009852,-0.031878,0.012804,-0.020009,0.028497,-0.010531,-0.005420,-0.020265,-0.017842,0.051268,0.035095,-0.010861,-0.026255
0.048407,0.011723,0.026660,0.069784,0.010348,-0.029884,0.011958,-0.021628,0.029378,-0.009407,-0.004552,-0.017090,-0.016409,0.050813,0.034397,-0.007292,-0.026846
0.045184,0.007865,0.022405,0.068489,0.009956,-0.026986,0.010003,-0.022801,0.029861,-0.008261,-0.003857,-0.013774,-0.015787,0.049810,0.032366,-0.006277,-0.026590
0.043507,0.005441,0.018614,0.065267,0.008671,-0.024013,0.007611,-0.024150,0.029996,-0.007168,-0.003492,-0.011367,-0.017344,0.047757,0.029791,-0.006080,-0.025661
0.040499,0.002504,0.016102,0.062997,0.007070,-0.021034,0.005145,-0.025397,0.029061,-0.006034,-0.003420,-0.010166,-0.018668,0.045838,0.027748,-0.005504,-0.024380
0.038363,0.001792,0.013577,0.059504,0.005399,-0.017886,0.002817,-0.026163,0.027327,-0.003727,-0.003006,-0.007868,-0.019587,0.043067,0.025267,-0.004854,-0.023614
0.034703,0.000873,0.010788,0.054942,0.003774,-0.014666,0.001362,-0.027761,0.025025,-0.001790,-0.002181,-0.003331,-0.019814,0.040200,0.023582,-0.003428,-0.022998
0.032690,0.000049,0.008023,0.050437,0.003303,-0.012977,-0.000626,-0.028968,0.022360,0.001292,-0.000486,0.002214,-0.019051,0.037000,0.021671,-0.001516,-0.022687
0.030527,0.001208,0.004415,0.045128,0.002826,-0.011721,-0.002524,-0.028907,0.019855,0.004309,0.001648,0.007008,-0.015985,0.033754,0.020691,0.000579,-0.021450
0.028650,0.002223,0.002042,0.039704,0.001972,-0.011633,-0.005637,-0.028174,0.016577,0.007797,0.003763,0.011062,-0.013457,0.029565,0.018895,0.001006,-0.019299
0.025461,0.002122,0.000271,0.033485,0.001010,-0.012314,-0.008636,-0.025629,0.013294,0.011000,0.004678,0.014704,-0.009984,0.024753,0.016908,0.001542,-0.016572
0.020870,0.000754,-0.001283,0.027625,0.000254,-0.012627,-0.010780,-0.023183,0.011094,0.014975,0.004043,0.017454,-0.006405,0.021121,0.014398,0.002259,-0.013934
0.015681,-0.000110,-0.004781,0.021577,0.000226,-0.012136,-0.013139,-0.021720,0.009878,0.019512,0.003307,0.019292,-0.003408,0.017841,0.012037,0.003812,-0.012052
0.011317,0.001248,-0.008500,0.016645,0.000282,-0.010333,-0.014727,-0.021097,0.009148,0.024831,0.002754,0.020870,-0.000373,0.014513,0.009861,0.005385,-0.010752
0.006575,0.003074,-0.010268,0.012350,0.000732,-0.006843,-0.016132,-0.019857,0.008451,0.030017,0.001440,0.021181,0.001887,0.011024,0.008031,0.006350,-0.009174
0.001672,0.002694,-0.012352,0.009763,0.000979,-0.003110,-0.017695,-0.018694,0.008269,0.032661,0.000197,0.021256,0.002854,0.007868,0.007442,0.005661,-0.006619
-0.001033,0.002174,-0.013266,0.009771,0.000621,-0.003391,-0.018735,-0.017333,0.008008,0.034144,-0.000482,0.022331,0.003237,0.004920,0.008330,0.005400,-0.004374
-0.002536,0.001952,-0.012699,0.009399,-0.000370,-0.004472,-0.019497,-0.015812,0.006702,0.036690,-0.000163,0.023678,0.002800,0.004170,0.009103,0.005192,-0.002586
-0.003942,0.001293,-0.012707,0.009298,-0.001359,-0.005198,-0.020045,-0.015787,0.005106,0.037128,0.000229,0.024662,0.003157,0.003574,0.009135,0.004313,-0.001471
-0.003940,0.000480,-0.011924,0.008673,-0.001866,-0.005057,-0.019941,-0.015422,0.003527,0.036865,0.000275,0.025701,0.003863,0.003623,0.008714,0.001159,-0.001257
-0.004016,0.000272,-0.010441,0.007915,-0.002335,-0.005013,-0.018400,-0.014618,0.001885,0.036455,-0.000045,0.026459,0.004512,0.004576,0.008108,-0.001572,-0.001782
-0.002817,0.001406,-0.007665,0.007937,-0.002235,-0.003957,-0.016331,-0.012740,0.000390,0.035278,-0.000833,0.025910,0.005103,0.005408,0.006565,-0.002479,-0.002091
-0.004807,0.002695,-0.004664,0.008375,-0.001914,-0.003309,-0.014365,-0.010230,-0.001360,0.032751,-0.002326,0.024258,0.005424,0.006235,0.004879,-0.003485,-0.000973
-0.006361,0.003838,-0.001718,0.008468,-0.000535,-0.003871,-0.012179,-0.006092,-0.002234,0.029855,-0.005795,0.018891,0.005664,0.005960,0.004215,-0.006471,-0.000100
-0.007776,0.002731,-0.001019,0.008402,0.001055,-0.004835,-0.010740,-0.002408,-0.002568,0.026974,-0.008391,0.014087,0.005890,0.005640,0.004416,-0.009422,-0.000256
-0.009266,0.002775,-0.000340,0.006469,0.003045,-0.005004,-0.009206,0.001349,-0.002099,0.025623,-0.008490,0.009816,0.006705,0.004784,0.003636,-0.011306,-0.000764
-0.009996,0.004390,0.000566,0.004976,0.004489,-0.005491,-0.007824,0.004922,-0.001386,0.023946,-0.008844,0.005539,0.006784,0.004057,0.002824,-0.011617,-0.001067
-0.011282,0.003370,-0.000093,0.003292,0.005807,-0.005033,-0.007274,0.008182,-0.000065,0.022448,-0.009221,0.001185,0.005834,0.005572,0.005730,-0.012170,-0.001881
-0.012673,0.003209,-0.001450,0.003383,0.006874,-0.006294,-0.006941,0.010774,0.001666,0.021036,-0.010818,-0.001847,0.006060,0.007425,0.008310,-0.012583,-0.002838
-0.013812,0.002391,-0.003807,0.003591,0.008015,-0.005657,-0.004795,0.011704,0.003184,0.019237,-0.012234,-0.004104,0.006324,0.009759,0.009752,-0.014036,-0.003921
-0.014063,0.001818,-0.006394,0.003564,0.009033,-0.004823,-0.002747,0.011811,0.004112,0.016873,-0.012019,-0.006885,0.004610,0.011513,0.008534,-0.016028,-0.004689
-0.013765,0.000171,-0.008411,0.004827,0.009697,-0.003334,-0.001610,0.010622,0.004963,0.014233,-0.012055,-0.009748,0.004044,0.013664,0.007415,-0.017000,-0.006656
-0.010873,0.002251,-0.010550,0.005450,0.009933,-0.002356,-0.000625,0.008434,0.005494,0.012401,-0.012245,-0.010728,0.004222,0.013903,0.003649,-0.017007,-0.010059
-0.008820,0.000713,-0.012451,0.005223,0.010349,-0.001091,0.000672,0.006249,0.005935,0.010146,-0.011704,-0.011334,0.004218,0.014204,0.000122,-0.016421,-0.013243
-0.008963,0.000549,-0.013877,0.003762,0.010929,0.000687,0.002004,0.003878,0.005869,0.007374,-0.009910,-0.012405,0.002344,0.011980,-0.005242,-0.016385,-0.013510
-0.012388,0.001325,-0.015904,0.001024,0.011476,0.003725,0.003270,0.001594,0.006216,0.004003,-0.007982,-0.014788,0.001675,0.008816,-0.010389,-0.017488,-0.012296
-0.015186,0.002878,-0.017932,-0.003326,0.011738,0.005774,0.002711,0.002173,0.006946,0.001419,-0.006055,-0.017337,0.001039,0.006129,-0.014671,-0.019436,-0.011036
-0.012313,0.002040,-0.021332,-0.007391,0.011689,0.003990,0.000479,0.003688,0.009484,0.000820,-0.004073,-0.019658,0.000599,0.006048,-0.018033,-0.021832,-0.010401
-0.010333,-0.002893,-0.024039,-0.013860,0.011589,0.002669,-0.001263,0.005087,0.011604,0.000137,-0.002327,-0.020980,0.000904,0.005608,-0.021499,-0.023654,-0.009879
-0.014341,-0.007830,-0.026651,-0.020812,0.013193,0.002753,-0.001379,0.007578,0.013212,-0.001610,-0.000499,-0.021630,0.001058,0.002622,-0.024423,-0.024173,-0.007812
-0.018935,-0.008921,-0.028965,-0.025756,0.014721,0.003080,-0.001155,0.010814,0.014458,-0.003877,0.000934,-0.022940,0.001085,-0.000477,-0.025891,-0.024139,-0.006097
-0.023762,-0.008283,-0.030875,-0.030197,0.016214,0.004240,-0.000889,0.015098,0.015487,-0.006322,0.002003,-0.023950,0.001075,-0.002862,-0.026399,-0.022591,-0.004099
-0.027714,-0.007336,-0.032993,-0.032277,0.016897,0.006384,-0.001551,0.019444,0.016583,-0.009015,0.003011,-0.024735,-0.000543,-0.004975,-0.025776,-0.023316,-0.001301
-0.026501,-0.006380,-0.035216,-0.033481,0.016087,0.007147,-0.002886,0.021988,0.018305,-0.008928,0.004524,-0.021784,-0.001923,-0.005213,-0.024954,-0.023680,-0.002120
-0.023992,-0.006365,-0.037620,-0.034480,0.014532,0.005381,-0.004212,0.024114,0.019653,-0.007135,0.006119,-0.017717,-0.004281,-0.004625,-0.025596,-0.025183,-0.003256
-0.025502,-0.006481,-0.039557,-0.037738,0.012983,0.003496,-0.004499,0.025802,0.019635,-0.006091,0.008327,-0.014469,-0.006674,-0.006003,-0.025782,-0.026823,-0.000742
-0.027326,-0.006873,-0.040607,-0.041173,0.012356,0.003746,-0.003795,0.029001,0.019344,-0.005996,0.010382,-0.010959,-0.008844,-0.007248,-0.025827,-0.027009,0.001251
-0.028337,-0.007135,-0.041227,-0.044484,0.011591,0.005599,-0.002410,0.032710,0.018308,-0.007164,0.012462,-0.007634,-0.010797,-0.008851,-0.024302,-0.026939,0.002735
-0.028818,-0.007123,-0.040486,-0.048324,0.011155,0.009204,-0.000476,0.037048,0.016786,-0.008802,0.014247,-0.004379,-0.012143,-0.010441,-0.023300,-0.024311,0.004116
-0.033179,-0.005770,-0.039895,-0.051981,0.010853,0.013687,0.002804,0.040784,0.014750,-0.010841,0.014694,-0.002471,-0.013223,-0.011677,-0.022122,-0.019396,0.006475
-0.037883,-0.002743,-0.039047,-0.055205,0.011400,0.016269,0.005888,0.045868,0.012503,-0.012311,0.012819,-0.003924,-0.013498,-0.013599,-0.020865,-0.015604,0.008207
-0.041067,-0.001445,-0.037827,-0.058585,0.012054,0.018531,0.007559,0.050333,0.010886,-0.013430,0.010906,-0.005143,-0.013678,-0.015255,-0.019814,-0.012407,0.009231
-0.043735,-0.000451,-0.036089,-0.061187,0.012455,0.019891,0.009062,0.053243,0.010006,-0.013029,0.011285,-0.006009,-0.013221,-0.017425,-0.018829,-0.010074,0.010839
-0.044588,0.001830,-0.033233,-0.062215,0.012531,0.021696,0.010425,0.055662,0.009544,-0.012300,0.012182,-0.006351,-0.012696,-0.019412,-0.017892,-0.008175,0.013095
-0.043140,0.005387,-0.029702,-0.060340,0.011751,0.022966,0.010933,0.058067,0.009350,-0.011112,0.013921,-0.008025,-0.012967,-0.019560,-0.012378,-0.008034,0.014659
-0.041135,0.011064,-0.024030,-0.056015,0.010568,0.022294,0.011216,0.059965,0.009599,-0.009704,0.013398,-0.008413,-0.013387,-0.019112,-0.006395,-0.009125,0.016354
-0.038575,0.016459,-0.020091,-0.049984,0.009494,0.021263,0.012955,0.059644,0.009425,-0.008365,0.011782,-0.008047,-0.014030,-0.017240,-0.001160,-0.010425,0.017553
-0.036870,0.023575,-0.015852,-0.042852,0.008430,0.019971,0.014836,0.057955,0.008613,-0.006862,0.011927,-0.006582,-0.014644,-0.014457,0.001436,-0.011425,0.018935
-0.034599,0.024919,-0.012662,-0.035408,0.007322,0.020949,0.016671,0.055466,0.007651,-0.005064,0.011749,-0.004839,-0.013782,-0.011365,0.003076,-0.010945,0.018176
-0.032418,0.024941,-0.010977,-0.028129,0.007207,0.020848,0.018958,0.051411,0.006610,-0.003812,0.011147,-0.002231,-0.011199,-0.009291,0.001811,-0.009861,0.016308
-0.029688,0.021376,-0.009230,-0.021350,0.007613,0.020329,0.021022,0.047448,0.005422,-0.002821,0.009289,0.000724,-0.007700,-0.007197,0.000526,-0.007562,0.014037
-0.032205,0.022411,-0.007247,-0.014308,0.007966,0.022596,0.022355,0.043033,0.003706,-0.004549,0.007668,0.002898,-0.005933,-0.007105,-0.002914,-0.004618,0.014149
-0.037569,0.023207,-0.005969,-0.009035,0.008001,0.026438,0.023505,0.037771,0.001580,-0.005604,0.005823,0.003590,-0.004186,-0.009508,-0.006515,-0.002804,0.015627
-0.042425,0.022700,-0.004555,-0.005390,0.007855,0.030004,0.023913,0.034526,0.000028,-0.007471,0.003998,0.004145,-0.001494,-0.012193,-0.010026,-0.002906,0.017003
-0.040014,0.021426,-0.003977,-0.001617,0.006141,0.030985,0.022380,0.030460,0.000103,-0.007067,0.001938,0.004382,0.000017,-0.012582,-0.013478,-0.005270,0.018160
-0.036669,0.018162,-0.001692,0.002097,0.004285,0.029311,0.019943,0.025698,0.000237,-0.006468,0.000601,0.002778,0.001344,-0.013308,-0.016867,-0.007552,0.018907
-0.039352,0.015953,0.000224,0.004911,0.003262,0.027037,0.017392,0.021978,0.000082,-0.006545,-0.000756,0.001322,0.002043,-0.016559,-0.020905,-0.008220,0.020880
-0.042306,0.014737,0.001933,0.006246,0.002309,0.024499,0.014746,0.019197,0.000041,-0.006271,-0.001937,-0.001052,0.002595,-0.020117,-0.024678,-0.008830,0.022524
-0.045782,0.010932,0.003997,0.007081,0.001649,0.023232,0.012350,0.016718,-0.000012,-0.006365,-0.001763,-0.001674,0.003304,-0.022900,-0.028475,-0.009504,0.024615
-0.048880,0.006655,0.006226,0.011561,0.000839,0.022845,0.009340,0.014066,0.000038,-0.005268,-0.001687,-0.001383,0.003981,-0.025859,-0.031643,-0.011023,0.026872
-0.046787,0.002385,0.007103,0.016332,-0.001071,0.022811,0.005586,0.009966,0.000714,-0.001468,-0.001710,0.001427,0.006365,-0.026678,-0.033559,-0.011809,0.025176
-0.044464,-0.003653,0.006548,0.020951,-0.003053,0.022128,0.001544,0.005579,0.001234,0.001809,-0.002146,0.004231,0.009019,-0.026911,-0.036725,-0.013965,0.023291
-0.044960,-0.009577,0.005942,0.022786,-0.005375,0.020868,-0.002798,0.001652,0.000666,0.003821,-0.002672,0.004986,0.010448,-0.027671,-0.039637,-0.015665,0.025271
-0.046847,-0.016750,0.005042,0.020183,-0.006786,0.018223,-0.006513,-0.002110,-0.000251,0.004300,-0.003195,0.005165,0.012184,-0.028088,-0.042669,-0.013967,0.027226
-0.048009,-0.026757,0.003923,0.017013,-0.008229,0.015583,-0.010497,-0.003481,-0.001235,0.002915,-0.003206,0.004872,0.013562,-0.028968,-0.044145,-0.012316,0.028649
-0.048819,-0.037268,0.002717,0.012800,-0.009530,0.011758,-0.014601,-0.003596,-0.002489,0.001379,-0.003200,0.004560,0.014869,-0.030098,-0.045012,-0.010304,0.029608
-0.048750,-0.046054,-0.000490,0.005564,-0.010318,0.008631,-0.017878,-0.003582,-0.003735,-0.000104,-0.003888,0.003257,0.016191,-0.031009,-0.046524,-0.005795,0.029632
-0.048294,-0.052567,-0.004322,-0.001517,-0.011773,0.004029,-0.020738,-0.003415,-0.005083,-0.001001,-0.004541,0.001967,0.017118,-0.031207,-0.048289,-0.000521,0.028021
-0.043926,-0.053278,-0.007929,-0.009241,-0.014017,-0.001203,-0.022997,-0.003150,-0.005951,-0.000229,-0.005109,0.001739,0.018394,-0.030727,-0.050213,0.003399,0.025618
-0.039933,-0.053566,-0.010840,-0.017333,-0.016324,-0.009771,-0.024978,-0.005108,-0.006567,0.000509,-0.005846,0.000927,0.018377,-0.030254,-0.051118,0.006024,0.023580
-0.034707,-0.052990,-0.012445,-0.028138,-0.019017,-0.019557,-0.027701,-0.007612,-0.006735,0.001740,-0.006655,0.001640,0.019002,-0.029632,-0.051776,0.009339,0.022028
-0.028631,-0.050044,-0.013757,-0.036310,-0.022428,-0.029955,-0.030016,-0.009373,-0.006880,0.003031,-0.006766,0.002096,0.019550,-0.028646,-0.051260,0.012074,0.020252
-0.021927,-0.045272,-0.012794,-0.044013,-0.025821,-0.039151,-0.032438,-0.011086,-0.006941,0.004399,-0.006638,0.003533,0.019720,-0.027583,-0.050214,0.013341,0.019018
-0.014870,-0.039966,-0.012758,-0.050343,-0.028867,-0.047612,-0.033747,-0.012398,-0.007195,0.005400,-0.006489,0.004159,0.019288,-0.025672,-0.048263,0.014391,0.017606
-0.009769,-0.031797,-0.011496,-0.055489,-0.031329,-0.055545,-0.034391,-0.014892,-0.007626,0.006614,-0.006206,0.005086,0.019031,-0.022831,-0.045783,0.015306,0.016431
-0.005314,-0.028611,-0.012778,-0.060350,-0.033441,-0.060223,-0.034409,-0.016474,-0.007595,0.007785,-0.005266,0.005963,0.018833,-0.019597,-0.043369,0.015448,0.014456
-0.001855,-0.027025,-0.014118,-0.064006,-0.033763,-0.062181,-0.032868,-0.018382,-0.007794,0.008118,-0.004503,0.006449,0.019240,-0.016350,-0.040432,0.014425,0.011857
0.001855,-0.027387,-0.015614,-0.067002,-0.033401,-0.062892,-0.030742,-0.018819,-0.007890,0.008082,-0.004848,0.007028,0.020086,-0.013747,-0.037185,0.014384,0.008991
0.003681,-0.023875,-0.015319,-0.069581,-0.032550,-0.062156,-0.028773,-0.018879,-0.008000,0.006684,-0.006055,0.006859,0.019740,-0.011025,-0.033509,0.014984,0.006157
0.005320,-0.020411,-0.015255,-0.071913,-0.032428,-0.060791,-0.026501,-0.019130,-0.009159,0.006531,-0.007384,0.006687,0.019094,-0.010260,-0.029417,0.015925,0.003868
0.006635,-0.018292,-0.013697,-0.073486,-0.031938,-0.058208,-0.023866,-0.019343,-0.010209,0.004841,-0.007710,0.006589,0.019258,-0.010345,-0.025249,0.015836,0.001676
0.008413,-0.016555,-0.012084,-0.074769,-0.033161,-0.053236,-0.020146,-0.019493,-0.011234,0.002421,-0.008196,0.007332,0.018195,-0.010549,-0.021023,0.014595,0.000418
0.010004,-0.013663,-0.009480,-0.074131,-0.034414,-0.050712,-0.015861,-0.020582,-0.012909,-0.000563,-0.008141,0.006351,0.017059,-0.010702,-0.016579,0.014310,-0.001150
0.010930,-0.007625,-0.006801,-0.072475,-0.036354,-0.049436,-0.011649,-0.022258,-0.015279,-0.003312,-0.007850,0.005036,0.015356,-0.010938,-0.012791,0.015774,-0.002791
0.011224,0.000028,-0.002000,-0.069396,-0.038710,-0.047711,-0.007413,-0.024431,-0.018483,-0.004273,-0.007514,0.003848,0.013648,-0.009402,-0.009799,0.020279,-0.005015
0.012194,0.005524,0.003148,-0.063852,-0.041218,-0.043529,-0.001066,-0.026675,-0.023016,-0.003680,-0.006903,0.004998,0.012682,-0.007958,-0.008257,0.022984,-0.007713
0.012276,0.011896,0.008876,-0.055260,-0.043498,-0.037888,0.006298,-0.028506,-0.028656,-0.001452,-0.006777,0.007525,0.013391,-0.007392,-0.007240,0.026411,-0.010891
0.012366,0.018398,0.014851,-0.045295,-0.045087,-0.029643,0.014590,-0.029768,-0.034960,0.000529,-0.006234,0.010682,0.015184,-0.006956,-0.004626,0.031076,-0.013624
0.011277,0.024460,0.020448,-0.033441,-0.047315,-0.019638,0.022555,-0.030605,-0.042093,0.001478,-0.006293,0.013921,0.017018,-0.006624,-0.001951,0.035041,-0.015702
0.010401,0.030171,0.025161,-0.021094,-0.049815,-0.010229,0.028634,-0.032136,-0.049169,0.001714,-0.006534,0.016371,0.018484,-0.005208,0.000860,0.039999,-0.018032
0.008907,0.034339,0.027206,-0.013173,-0.051614,-0.002859,0.032316,-0.034763,-0.056052,0.001010,-0.006457,0.018198,0.020617,-0.003656,0.002483,0.045812,-0.019736
0.007652,0.034825,0.028730,-0.005219,-0.053519,0.003500,0.034966,-0.035561,-0.063223,0.000016,-0.006060,0.020223,0.022481,-0.002019,0.004672,0.050281,-0.022020
0.009745,0.035766,0.030081,0.002787,-0.054608,0.012402,0.036986,-0.035720,-0.069765,-0.001320,-0.005463,0.022336,0.023832,-0.000916,0.006932,0.053790,-0.023787
0.011433,0.037677,0.030218,0.008815,-0.054796,0.020775,0.037746,-0.035332,-0.076162,-0.003105,-0.003447,0.025203,0.025241,-0.000095,0.007913,0.056957,-0.025974
0.013436,0.038769,0.030117,0.015217,-0.055181,0.028781,0.038060,-0.035474,-0.082351,-0.005967,-0.001271,0.028108,0.025129,0.000567,0.006159,0.058856,-0.028440
0.019920,0.040394,0.027443,0.023577,-0.057355,0.030385,0.034422,-0.035119,-0.087322,-0.006839,-0.001006,0.030184,0.024885,0.000430,0.006169,0.060487,-0.030663
0.025911,0.041538,0.024890,0.031296,-0.059023,0.029834,0.030772,-0.035373,-0.091035,-0.007608,-0.001147,0.031235,0.023404,0.000623,0.006417,0.061330,-0.032734
0.031513,0.042462,0.022745,0.035583,-0.060423,0.025887,0.025979,-0.035795,-0.093557,-0.007900,-0.001454,0.032915,0.022555,0.000898,0.006318,0.062813,-0.034393
0.036776,0.043597,0.020453,0.039464,-0.061430,0.021651,0.021093,-0.035796,-0.094953,-0.008175,-0.002219,0.035453,0.021612,0.001134,0.006242,0.063611,-0.035665
0.041807,0.044522,0.018312,0.042108,-0.061649,0.017762,0.015605,-0.035741,-0.095399,-0.008217,-0.002995,0.037644,0.020414,0.001355,0.005858,0.063662,-0.036051
0.046352,0.045048,0.015987,0.044286,-0.061075,0.013979,0.010597,-0.034824,-0.094675,-0.008240,-0.003121,0.038820,0.018960,0.001645,0.005497,0.063024,-0.035825
0.048792,0.045359,0.013581,0.045999,-0.059544,0.009977,0.005710,-0.034152,-0.093076,-0.007869,-0.003210,0.039601,0.017852,0.002290,0.005272,0.061696,-0.035144
0.049491,0.044233,0.009053,0.046602,-0.057312,0.005757,0.000751,-0.032294,-0.089958,-0.007336,-0.002460,0.039832,0.016954,0.003059,0.005007,0.058549,-0.034069
0.050644,0.044005,0.005276,0.046693,-0.054287,0.003266,-0.003894,-0.030496,-0.086036,-0.006661,-0.001990,0.039551,0.016026,0.003918,0.005006,0.054005,-0.033096
0.051590,0.041224,0.001260,0.046096,-0.050776,0.001270,-0.008395,-0.027864,-0.080983,-0.006113,-0.001453,0.038836,0.014926,0.003816,0.004677,0.049272,-0.031767
0.052098,0.037922,-0.001322,0.044176,-0.046518,-0.000764,-0.012927,-0.025159,-0.075054,-0.005442,-0.001817,0.036367,0.012652,0.003686,0.004245,0.043697,-0.029974
0.051904,0.033507,-0.003421,0.041778,-0.042584,-0.002837,-0.017548,-0.022535,-0.069033,-0.004648,-0.002183,0.033237,0.010019,0.002338,0.003711,0.037750,-0.027912
0.050772,0.028529,-0.004722,0.038704,-0.037999,-0.004313,-0.022203,-0.019820,-0.061958,-0.004352,-0.001759,0.029587,0.007133,0.000012,0.003741,0.031056,-0.025360
0.049039,0.022962,-0.006038,0.034434,-0.033557,-0.004914,-0.026171,-0.016826,-0.053973,-0.004843,-0.001260,0.026490,0.004364,-0.002454,0.004149,0.024214,-0.022544
0.046429,0.016866,-0.008057,0.029237,-0.028984,-0.006313,-0.029213,-0.014762,-0.045909,-0.005891,-0.000612,0.023108,0.001851,-0.004621,0.004610,0.018007,-0.019634
0.043198,0.011644,-0.010141,0.023394,-0.024633,-0.008277,-0.030913,-0.013004,-0.037918,-0.006963,0.000319,0.019320,-0.000467,-0.006611,0.005053,0.011811,-0.016543
0.039347,0.007267,-0.010081,0.018941,-0.020810,-0.010274,-0.032430,-0.011490,-0.030440,-0.007557,0.001109,0.015429,-0.002556,-0.006345,0.005373,0.008666,-0.013335
0.036344,0.003752,-0.009928,0.015817,-0.017418,-0.011925,-0.031916,-0.009858,-0.024093,-0.006555,0.001077,0.012656,-0.003665,-0.005999,0.004716,0.005321,-0.010699
0.032834,0.001729,-0.009680,0.013498,-0.014379,-0.012846,-0.030019,-0.008027,-0.018889,-0.005112,0.000320,0.010217,-0.003190,-0.005667,0.003966,0.003183,-0.008900
0.028809,-0.000078,-0.008383,0.011448,-0.011312,-0.012246,-0.026565,-0.006008,-0.014324,-0.003837,-0.000298,0.007749,-0.002653,-0.005302,0.003957,0.002361,-0.006901
0.024072,-0.001298,-0.006556,0.010740,-0.009494,-0.011495,-0.022646,-0.003791,-0.010771,-0.002985,-0.001353,0.005320,-0.002264,-0.004942,0.003913,0.001458,-0.004703
0.018444,-0.002593,-0.004542,0.009900,-0.007718,-0.011820,-0.018575,-0.002748,-0.007509,-0.002308,-0.002076,0.002937,-0.001984,-0.004598,0.003836,0.001896,-0.003146
0.012623,-0.004180,-0.004122,0.008148,-0.005870,-0.012096,-0.015799,-0.002152,-0.004305,-0.001929,-0.002575,0.000603,-0.001667,-0.004114,0.002959,0.002351,-0.001497
0.006823,-0.005857,-0.003719,0.006207,-0.004550,-0.012295,-0.012704,-0.001546,-0.002392,-0.001143,-0.002872,-0.000780,-0.001316,-0.003214,0.002756,0.002215,-0.000728
0.004582,-0.005407,-0.003183,0.004077,-0.003099,-0.008630,-0.008862,-0.000833,-0.000752,-0.000458,-0.002985,-0.001612,-0.001032,-0.002140,0.002518,0.001809,0.000105
0.002197,-0.002910,-0.002118,0.001945,-0.001517,-0.004629,-0.004608,-0.000111,0.000029,0.000283,-0.001647,-0.001147,-0.000365,-0.001055,0.002245,0.001249,0.000165
