AU01,AU02,AU04,AU05,AU06,AU07,AU09,AU10,AU12,AU14,AU15,AU17,AU20,AU23,AU25,AU26,AU45
-0.061414,-0.052899,-0.027530,-0.083517,-0.022832,-0.026366,-0.004479,-0.005595,-0.003234,-0.028997,-0.008641,0.009742,-0.090283,-0.011648,-0.014507,-0.015557,-0.049365
-0.062669,-0.052606,-0.026404,-0.083652,-0.022906,-0.026102,-0.005217,-0.004598,-0.003329,-0.030561,-0.008740,0.010266,-0.088837,-0.010708,-0.014224,-0.011843,-0.049621
-0.062893,-0.051473,-0.025088,-0.082349,-0.021564,-0.025412,-0.005880,-0.003331,-0.003283,-0.030841,-0.008099,0.011432,-0.086018,-0.008769,-0.014779,-0.007829,-0.048128
-0.062107,-0.048124,-0.023927,-0.078473,-0.017950,-0.024309,-0.006478,-0.002056,-0.003061,-0.027202,-0.007357,0.012816,-0.079883,-0.006564,-0.016460,-0.003522,-0.045903
-0.060299,-0.043339,-0.022365,-0.073334,-0.013682,-0.026521,-0.006888,-0.000960,-0.001867,-0.023468,-0.006522,0.014213,-0.072235,-0.004242,-0.017861,-0.000827,-0.042983
-0.057501,-0.037301,-0.020041,-0.067604,-0.009594,-0.028202,-0.007183,-0.000242,-0.000592,-0.020060,-0.003806,0.015795,-0.061432,-0.002300,-0.018930,0.000000,-0.039471
-0.051260,-0.031021,-0.016007,-0.060760,-0.006106,-0.029298,-0.007357,-0.000003,-0.000064,-0.017465,-0.001722,0.017663,-0.049341,-0.000585,-0.019755,0.000722,-0.035374
-0.044440,-0.025003,-0.012103,-0.052933,-0.003751,-0.030946,-0.007750,0.000082,0.000012,-0.015485,-0.000535,0.019734,-0.037487,-0.000000,-0.020923,0.002437,-0.031869
-0.038213,-0.020415,-0.010313,-0.044331,-0.001862,-0.031948,-0.008440,0.000403,0.000204,-0.013270,0.000006,0.021601,-0.026206,0.001025,-0.021918,0.004824,-0.028071
-0.031530,-0.015688,-0.008477,-0.035933,-0.000465,-0.031088,-0.009163,0.001242,0.000753,-0.010813,0.000257,0.023635,-0.015525,0.004350,-0.022269,0.007866,-0.023794
-0.024696,-0.011263,-0.006440,-0.028631,0.000002,-0.026911,-0.009561,0.002493,0.001739,-0.007804,0.001323,0.025344,-0.006877,0.009328,-0.022402,0.012105,-0.019324
-0.017872,-0.007931,-0.004362,-0.020924,0.000904,-0.022010,-0.009750,0.004052,0.003336,-0.004464,0.003104,0.025771,-0.001456,0.015149,-0.023034,0.016986,-0.014615
-0.011270,-0.003797,-0.001954,-0.013227,0.003546,-0.017413,-0.009632,0.005717,0.005287,-0.001685,0.005503,0.025715,0.000207,0.021795,-0.023201,0.022509,-0.009839
-0.004599,-0.000685,-0.000259,-0.006486,0.008097,-0.013169,-0.009345,0.007047,0.007447,-0.000046,0.008288,0.025200,0.006303,0.029104,-0.022863,0.029317,-0.005384
-0.000192,0.001017,0.000321,-0.001505,0.015727,-0.008983,-0.009209,0.008577,0.009670,0.001300,0.011325,0.023813,0.028686,0.036919,-0.022070,0.035555,-0.002479
0.000410,0.000936,0.001428,-0.003893,0.019695,-0.008813,-0.008903,0.007641,0.010530,0.002801,0.011583,0.021488,0.031429,0.035381,-0.024379,0.037510,-0.002208
0.002657,0.001162,0.001424,-0.007125,0.022062,-0.006372,-0.008487,0.006921,0.012296,0.004737,0.011303,0.018909,0.032777,0.033346,-0.027512,0.038198,-0.001892
0.005158,0.002357,0.000369,-0.010718,0.023207,-0.004166,-0.008515,0.005790,0.013855,0.007852,0.009987,0.017597,0.033676,0.033954,-0.030561,0.038870,-0.002842
0.007667,0.002699,-0.000000,-0.015502,0.023915,-0.002187,-0.009778,0.004887,0.015491,0.011334,0.008982,0.016537,0.034786,0.034933,-0.033221,0.037894,-0.003835
0.009456,0.002385,-0.000458,-0.020884,0.024280,-0.001194,-0.010079,0.004151,0.016999,0.015078,0.009076,0.014830,0.035310,0.035821,-0.036651,0.036606,-0.004618
0.010680,0.001449,-0.003145,-0.026934,0.024766,-0.000828,-0.010033,0.003695,0.018326,0.017901,0.009567,0.013067,0.035194,0.036370,-0.038921,0.034297,-0.004860
0.011781,0.000820,-0.007533,-0.030860,0.025016,-0.000350,-0.009670,0.002487,0.019477,0.020762,0.010009,0.011174,0.034692,0.037223,-0.040194,0.031816,-0.005140
0.013000,0.000445,-0.013071,-0.033679,0.024208,-0.000011,-0.009289,0.001549,0.020509,0.023409,0.009954,0.009203,0.033259,0.037451,-0.040369,0.028283,-0.005290
0.013673,0.000102,-0.017913,-0.035913,0.022076,0.000061,-0.009887,0.001511,0.021796,0.024430,0.008920,0.005962,0.030702,0.037047,-0.039217,0.025332,-0.005357
0.013078,-0.000001,-0.018246,-0.033994,0.019980,0.000505,-0.010467,0.001325,0.022956,0.024481,0.006716,0.003351,0.026742,0.035894,-0.037620,0.021557,-0.005262
0.011455,-0.000150,-0.018709,-0.031599,0.018347,0.001556,-0.011275,0.000502,0.023793,0.024480,0.004650,0.001421,0.022565,0.034142,-0.035487,0.018033,-0.004978
0.010318,-0.000757,-0.019132,-0.029304,0.016447,0.003878,-0.012375,-0.000058,0.024076,0.023658,0.002897,0.000133,0.019211,0.031375,-0.033112,0.015232,-0.004656
0.009048,-0.003302,-0.019758,-0.026738,0.014363,0.004822,-0.013439,-0.001807,0.023801,0.022838,0.002522,-0.000226,0.016727,0.028172,-0.030797,0.012362,-0.004110
0.007704,-0.005678,-0.020568,-0.025072,0.012457,0.006898,-0.014105,-0.003085,0.023136,0.021813,0.001614,-0.001541,0.014868,0.024721,-0.028245,0.010125,-0.003566
0.006271,-0.007604,-0.021182,-0.023046,0.010870,0.009483,-0.014531,-0.004110,0.022317,0.020955,0.000986,-0.003385,0.012961,0.021573,-0.025948,0.008216,-0.001974
0.004777,-0.007253,-0.021592,-0.019365,0.010048,0.012804,-0.014849,-0.005544,0.021345,0.022749,0.000347,-0.005973,0.011271,0.018449,-0.023710,0.006441,-0.000502
0.001396,-0.005300,-0.021653,-0.015551,0.009515,0.014248,-0.015337,-0.006752,0.020530,0.024234,0.000205,-0.008756,0.009717,0.015294,-0.019434,0.005272,0.000000
0.000029,-0.002642,-0.021546,-0.011938,0.008937,0.015527,-0.015552,-0.007665,0.019494,0.023335,0.000291,-0.010854,0.008541,0.012537,-0.014950,0.004597,0.000504
-0.000051,-0.000905,-0.019822,-0.008980,0.008209,0.016491,-0.015482,-0.008635,0.018172,0.021346,0.000728,-0.010821,0.008022,0.009954,-0.010130,0.003894,0.001840
-0.000335,-0.000083,-0.015934,-0.005661,0.007416,0.016048,-0.015104,-0.009367,0.015871,0.019071,0.000929,-0.009162,0.006714,0.007781,-0.006408,0.002735,0.002626
-0.001371,-0.000023,-0.013795,-0.003140,0.006495,0.016541,-0.014890,-0.009975,0.013423,0.016921,0.001928,-0.007498,0.005177,0.005970,-0.003457,0.001273,0.002946
-0.002977,-0.000001,-0.013626,-0.001313,0.005634,0.017203,-0.014928,-0.009565,0.011023,0.014629,0.001131,-0.005868,0.004567,0.005530,-0.001214,0.000267,0.003249
-0.004946,-0.000003,-0.013108,-0.000629,0.004319,0.019732,-0.014999,-0.008993,0.008617,0.012125,0.001059,-0.005105,0.003847,0.004719,-0.000035,-0.000049,0.003822
-0.007227,-0.000450,-0.011883,-0.000363,0.002833,0.019144,-0.014843,-0.007888,0.006532,0.008556,0.001427,-0.004886,0.002563,0.003484,0.000292,-0.000938,0.004801
-0.010118,-0.001007,-0.009689,-0.000113,0.001513,0.017882,-0.014302,-0.006533,0.004705,0.005387,0.001944,-0.004560,0.001454,0.001761,0.001865,-0.002421,0.005820
-0.011588,-0.001797,-0.008210,0.000096,0.000479,0.012667,-0.013101,-0.004378,0.003363,0.003054,0.002550,-0.003902,0.000853,0.000404,0.004840,-0.003158,0.006648
-0.013211,-0.003251,-0.006751,0.000928,0.000389,0.008234,-0.011528,-0.002717,0.002126,0.001974,0.003301,-0.003428,0.000170,-0.000045,0.008097,-0.004778,0.007149
-0.013893,-0.004442,-0.005333,0.000807,0.000441,0.004301,-0.009398,-0.001478,0.000907,0.001014,0.003595,-0.003280,-0.000369,-0.000792,0.009735,-0.006843,0.007386
-0.013570,-0.004099,-0.004906,0.000626,0.000661,0.003084,-0.006863,-0.000876,0.000035,0.000610,0.003672,-0.003348,-0.001068,-0.002662,0.009490,-0.009933,0.007469
-0.012934,-0.003597,-0.004574,0.000398,0.000794,0.002104,-0.004350,-0.000389,-0.000131,0.000424,0.003603,-0.003972,-0.000305,-0.004753,0.008459,-0.011400,0.007459
-0.012407,-0.004023,-0.004920,0.000176,0.000914,0.002882,-0.002017,-0.000015,-0.000380,0.000234,0.003797,-0.004475,0.000021,-0.006761,0.007378,-0.012899,0.007300
-0.011664,-0.004274,-0.006487,0.000106,0.001003,0.003605,-0.000520,0.000220,-0.000765,0.000020,0.004064,-0.005245,0.000317,-0.009021,0.004151,-0.013899,0.007403
-0.009752,-0.003534,-0.007959,-0.000000,0.001175,0.004166,0.000006,0.001048,-0.001221,-0.000079,0.004387,-0.005701,0.000959,-0.010915,0.002016,-0.015367,0.007456
-0.007685,-0.002375,-0.008709,-0.000282,0.001559,0.004474,0.000789,0.001531,-0.001850,-0.000525,0.004341,-0.005722,0.001698,-0.011823,0.000635,-0.016239,0.007352
-0.006182,-0.001151,-0.009125,-0.001038,0.001790,0.005213,0.002634,0.002041,-0.002276,-0.001215,0.004281,-0.005323,0.002430,-0.012363,0.000098,-0.017612,0.007389
-0.004839,-0.000781,-0.009855,-0.002392,0.001021,0.005571,0.004013,0.002817,-0.002268,-0.001308,0.003632,-0.005983,0.003057,-0.012851,0.000000,-0.016793,0.007277
-0.004631,-0.000447,-0.010515,-0.002629,0.000390,0.005975,0.005463,0.004300,-0.002221,-0.001846,0.002627,-0.005201,0.003606,-0.013250,-0.000000,-0.015974,0.006930
-0.004855,-0.000309,-0.011722,-0.003495,0.000198,0.004115,0.005631,0.004859,-0.002085,-0.001963,0.002654,-0.004368,0.003580,-0.012859,-0.000021,-0.014931,0.006555
-0.004911,-0.000362,-0.012291,-0.004595,0.000162,0.002952,0.005335,0.005864,-0.001899,-0.001979,0.002485,-0.003651,0.003659,-0.012514,-0.000174,-0.015249,0.005953
-0.004217,-0.000912,-0.013161,-0.006112,0.000240,0.000988,0.004999,0.006263,-0.001444,-0.001621,0.002653,-0.003495,0.003883,-0.012784,-0.000777,-0.015432,0.005786
-0.003047,-0.001598,-0.012504,-0.007660,0.000444,0.000336,0.005673,0.006932,-0.001003,-0.001246,0.002332,-0.004536,0.004774,-0.014185,-0.001834,-0.015006,0.005500
-0.001743,-0.001751,-0.010182,-0.008992,0.000684,0.000023,0.006603,0.007185,-0.000539,-0.000481,0.001970,-0.005462,0.005739,-0.015397,-0.002932,-0.014781,0.005767
-0.000442,-0.001173,-0.008243,-0.008053,0.000927,-0.000141,0.007402,0.006259,-0.000226,-0.000003,0.001895,-0.006949,0.006978,-0.015740,-0.003607,-0.014970,0.006510
-0.000355,-0.000541,-0.006345,-0.006410,0.001160,-0.000139,0.007422,0.004767,-0.000037,0.000632,0.003647,-0.008201,0.008202,-0.015828,-0.003096,-0.013865,0.007153
-0.000295,-0.000052,-0.005114,-0.004731,0.001322,-0.000102,0.007351,0.003723,0.000001,0.001244,0.004579,-0.009465,0.009269,-0.015486,-0.002499,-0.011093,0.007438
-0.000192,0.000081,-0.003959,-0.004089,0.001702,-0.000041,0.007128,0.002285,0.000112,0.002099,0.006261,-0.010458,0.010123,-0.015113,-0.001661,-0.008379,0.007000
-0.000202,0.000756,-0.001566,-0.003415,0.002681,0.000073,0.006968,0.001703,0.000175,0.003375,0.006609,-0.010724,0.010241,-0.014274,-0.001443,-0.005810,0.006646
-0.000662,0.001634,-0.000197,-0.003103,0.003928,0.000782,0.006611,0.001154,0.000512,0.005077,0.006651,-0.010166,0.010089,-0.013310,-0.001237,-0.004402,0.006203
-0.001772,0.002943,-0.000003,-0.002783,0.005169,0.002143,0.005995,0.000764,0.000874,0.005843,0.005146,-0.009726,0.009922,-0.011747,-0.001017,-0.003004,0.005816
-0.002792,0.004485,0.000110,-0.003321,0.005343,0.004091,0.004879,0.000327,0.001109,0.006215,0.003494,-0.009945,0.008104,-0.010292,-0.000617,-0.001808,0.005735
-0.003606,0.004871,0.000783,-0.004804,0.004912,0.003685,0.003684,0.000148,0.001224,0.005612,0.001628,-0.009729,0.006222,-0.008708,-0.000271,-0.000965,0.006343
-0.003374,0.004678,0.002394,-0.006411,0.004693,0.003267,0.003014,-0.000047,0.001314,0.005186,0.000219,-0.009311,0.004361,-0.007433,-0.000007,-0.000288,0.007052
-0.002001,0.003639,0.004402,-0.005652,0.004390,0.001763,0.002655,-0.000077,0.001931,0.004663,-0.000048,-0.008447,0.003021,-0.006455,0.000369,0.000067,0.007585
-0.002112,0.001688,0.006001,-0.005445,0.004223,0.000312,0.002208,-0.000224,0.002411,0.004542,-0.001176,-0.005134,0.001745,-0.005503,0.001106,0.001709,0.008231
-0.003015,0.000200,0.008275,-0.005408,0.004207,-0.000095,0.001875,-0.000344,0.003132,0.004338,-0.003079,-0.001625,0.000730,-0.004228,0.001934,0.005236,0.008878
-0.003515,-0.000102,0.010112,-0.004724,0.004035,-0.001646,0.001513,-0.000873,0.003408,0.005120,-0.004101,-0.000155,0.000041,-0.002831,0.002442,0.008990,0.009689
-0.003704,-0.001171,0.010543,-0.003307,0.004248,-0.005191,0.001379,-0.001850,0.003784,0.006586,-0.005372,0.000002,0.000051,-0.002501,0.002634,0.011271,0.010973
-0.004057,-0.002982,0.008095,-0.001825,0.003396,-0.005315,0.001769,-0.002733,0.004817,0.008027,-0.007154,0.000184,0.000203,-0.002413,0.002344,0.014125,0.012679
-0.005027,-0.005589,0.005490,-0.000815,0.002606,-0.004958,0.002147,-0.003688,0.005833,0.009553,-0.009389,0.000995,0.000307,-0.002826,0.000853,0.016636,0.014494
-0.005219,-0.007324,0.003120,-0.000424,0.001586,-0.003876,0.002352,-0.004855,0.006592,0.010548,-0.012483,0.002524,0.000935,-0.002808,-0.000009,0.018394,0.016199
-0.004652,-0.008676,0.001541,-0.000169,0.000887,-0.002267,0.002582,-0.006634,0.006743,0.011295,-0.015699,0.004608,0.001554,-0.003149,-0.000978,0.019814,0.017747
-0.004591,-0.009794,0.000952,-0.000187,0.000454,-0.001352,0.002333,-0.008509,0.006795,0.011810,-0.018861,0.007181,0.002110,-0.003225,-0.001113,0.022042,0.019469
-0.005191,-0.011303,0.000316,-0.000408,0.000063,-0.000892,0.001617,-0.010594,0.006548,0.012307,-0.021759,0.008568,0.002506,-0.003644,-0.001028,0.025865,0.021967
-0.006147,-0.011472,0.000016,-0.000617,-0.000084,-0.000573,0.001048,-0.010573,0.006364,0.013010,-0.024265,0.011184,0.002722,-0.004419,-0.000495,0.030234,0.024289
-0.004736,-0.012079,-0.000013,-0.000390,-0.000767,-0.000069,0.000439,-0.011605,0.005734,0.012489,-0.023747,0.014319,0.002284,-0.005357,-0.000300,0.035017,0.026454
-0.004144,-0.013334,-0.000104,-0.000262,-0.002372,0.000017,-0.000005,-0.011619,0.005368,0.011519,-0.023294,0.019255,0.000985,-0.006499,-0.000050,0.038123,0.028588
-0.003670,-0.015097,-0.000334,-0.000405,-0.003970,0.000364,-0.000720,-0.011986,0.004951,0.010353,-0.022260,0.024082,0.000408,-0.008142,0.000025,0.040512,0.031130
-0.004718,-0.017209,-0.000237,-0.000681,-0.005331,0.001754,-0.001975,-0.012136,0.004794,0.009372,-0.021521,0.025518,-0.000000,-0.011563,0.000273,0.041631,0.033368
-0.005474,-0.018964,-0.000149,-0.001034,-0.006041,0.004627,-0.003135,-0.011876,0.004597,0.009339,-0.022052,0.026519,-0.000281,-0.015069,0.000979,0.041542,0.035498
-0.004392,-0.019608,-0.000146,-0.001215,-0.006825,0.007969,-0.003493,-0.011404,0.004143,0.008801,-0.021480,0.025848,-0.000650,-0.017558,0.002016,0.040756,0.037290
-0.002847,-0.017063,-0.000101,-0.001063,-0.006287,0.011154,-0.003699,-0.011040,0.003616,0.008657,-0.018107,0.024208,-0.001123,-0.019647,0.003118,0.040267,0.038149
-0.001843,-0.010747,-0.000046,-0.001505,-0.005196,0.014297,-0.002895,-0.010066,0.002889,0.007134,-0.014288,0.022841,-0.001274,-0.021465,0.004863,0.040463,0.038116
-0.000826,-0.005993,-0.000015,-0.002154,-0.003833,0.016852,-0.002191,-0.010626,0.002188,0.006092,-0.010437,0.019538,-0.001119,-0.022926,0.006232,0.040504,0.037303
-0.000143,-0.002727,0.000002,-0.003038,-0.002932,0.022050,-0.002446,-0.010487,0.001217,0.005096,-0.007160,0.017095,-0.000400,-0.023906,0.007110,0.039879,0.037137
0.000057,-0.001746,0.000043,-0.004670,-0.001940,0.023044,-0.003594,-0.010080,0.000681,0.004096,-0.003595,0.013681,-0.000029,-0.024733,0.007251,0.037599,0.036513
0.000385,-0.000946,0.000140,-0.006584,-0.000907,0.024653,-0.004792,-0.009680,0.000562,0.002795,-0.001049,0.011395,0.000030,-0.024546,0.007362,0.034747,0.035353
0.000861,-0.000348,0.000333,-0.009454,-0.000405,0.025283,-0.006072,-0.009189,0.000441,0.001708,-0.000000,0.007312,-0.000005,-0.024047,0.006919,0.032396,0.033778
0.000871,-0.000309,0.000854,-0.011581,-0.000108,0.025528,-0.007410,-0.007656,0.000424,0.001467,0.000849,0.004453,-0.000066,-0.022535,0.006006,0.029554,0.032272
0.001498,-0.000225,0.001652,-0.013639,0.000000,0.025629,-0.008018,-0.006916,0.000474,0.001286,0.001678,0.001211,-0.000402,-0.021367,0.005422,0.026663,0.030897
0.003423,-0.000183,0.003862,-0.014952,0.000037,0.025616,-0.008192,-0.007098,0.000748,0.001049,0.001858,0.000041,-0.001300,-0.020361,0.005417,0.024175,0.029228
0.004698,-0.000005,0.006011,-0.017089,0.000141,0.024790,-0.008831,-0.007718,0.000805,0.001002,0.000539,-0.000057,-0.002693,-0.019016,0.005604,0.021974,0.027417
0.004979,0.000126,0.009061,-0.017406,0.000336,0.024649,-0.008811,-0.007970,0.001152,0.000851,0.000067,-0.000000,-0.003343,-0.016514,0.004074,0.020243,0.025873
0.005177,0.000476,0.011904,-0.016794,0.000662,0.022829,-0.008728,-0.007520,0.001352,0.000091,0.000038,0.000030,-0.003922,-0.013636,0.002830,0.018165,0.024212
0.004964,0.000287,0.012080,-0.015547,0.001461,0.020658,-0.008067,-0.005382,0.001788,-0.000010,0.000056,0.000100,-0.004386,-0.010963,0.002613,0.015238,0.022261
0.004265,0.000170,0.010061,-0.013997,0.001825,0.018068,-0.007316,-0.003856,0.002383,-0.000300,0.000014,0.000160,-0.003333,-0.008471,0.002087,0.013402,0.020683
0.002120,0.000146,0.007718,-0.013183,0.002365,0.013425,-0.006176,-0.002402,0.003497,-0.000547,-0.000014,0.000673,-0.002204,-0.006201,0.001123,0.010555,0.018796
0.000737,0.000125,0.004593,-0.012254,0.002640,0.009573,-0.005776,-0.001350,0.004397,-0.000916,-0.000473,0.001722,-0.000878,-0.003850,0.000126,0.008696,0.017223
0.000025,0.000000,0.000695,-0.013152,0.002833,0.007651,-0.005249,-0.000728,0.004909,-0.001379,-0.001452,0.003169,-0.000228,-0.001941,-0.000387,0.007125,0.015439
-0.000026,-0.000353,-0.000078,-0.016121,0.003043,0.005310,-0.004995,-0.000252,0.004333,-0.001548,-0.002571,0.004296,-0.000006,-0.000473,-0.001474,0.006110,0.014021
-0.000534,-0.001335,-0.001565,-0.019982,0.002854,0.002564,-0.004976,-0.000167,0.003577,-0.000893,-0.003356,0.003085,0.000067,0.000045,-0.003052,0.005444,0.012548
-0.001674,-0.002113,-0.004486,-0.021653,0.002432,0.000511,-0.004819,-0.000011,0.003115,-0.000239,-0.004214,0.001781,0.000726,0.001342,-0.005126,0.004965,0.011323
-0.001864,-0.002904,-0.006661,-0.020499,0.002199,0.000019,-0.004620,0.000048,0.002473,-0.000102,-0.004376,0.000763,0.002297,0.001582,-0.006606,0.005401,0.009477
-0.001569,-0.003589,-0.008224,-0.018802,0.001500,-0.000646,-0.004709,0.000308,0.002051,-0.000273,-0.004942,0.000271,0.003273,0.001259,-0.007359,0.003090,0.007419
-0.001573,-0.004541,-0.009236,-0.016800,0.000965,-0.002678,-0.004817,0.000740,0.001524,-0.000495,-0.005585,0.000204,0.004669,0.001405,-0.007393,0.001592,0.005668
-0.003696,-0.007303,-0.009501,-0.014345,0.000519,-0.004629,-0.005584,0.001442,0.001179,-0.000350,-0.006098,0.000553,0.005369,0.001670,-0.007279,0.000393,0.004354
-0.006892,-0.010862,-0.010280,-0.011461,0.000459,-0.006267,-0.006440,0.002683,0.000899,-0.000107,-0.008428,0.001666,0.006532,0.001889,-0.007158,-0.000048,0.003691
-0.006503,-0.013018,-0.011369,-0.009446,0.000195,-0.007513,-0.006440,0.004191,0.000571,-0.000414,-0.011089,0.001836,0.007309,0.002375,-0.005324,-0.000918,0.003252
-0.005442,-0.009704,-0.011399,-0.007215,0.000242,-0.007025,-0.005955,0.006031,0.000313,-0.000892,-0.012424,0.001588,0.007370,0.002907,-0.003820,-0.000961,0.002432
-0.004759,-0.006139,-0.012017,-0.006074,0.000151,-0.006073,-0.005200,0.008089,0.000033,-0.002181,-0.009491,0.001541,0.007269,0.003594,-0.001826,-0.000886,0.001437
-0.003626,-0.002870,-0.010861,-0.004401,0.000042,-0.006088,-0.004177,0.008697,-0.000047,-0.003200,-0.006875,0.000370,0.007157,0.004225,-0.000986,-0.001376,0.000366
-0.001929,-0.000635,-0.011249,-0.003586,-0.000003,-0.007300,-0.002850,0.008235,-0.000509,-0.004166,-0.005074,0.000049,0.009596,0.004924,-0.000573,-0.002951,0.000016
-0.000444,-0.000008,-0.010950,-0.003577,0.000001,-0.010411,-0.002167,0.007682,-0.000896,-0.003698,-0.003951,0.000022,0.012808,0.006011,-0.000505,-0.005162,-0.000747
-0.000252,0.000338,-0.010624,-0.004169,0.000138,-0.012373,-0.001710,0.006674,-0.000331,-0.001288,-0.002378,0.000088,0.015420,0.008938,-0.000666,-0.007587,-0.003044
-0.000076,0.000938,-0.010427,-0.004379,0.000522,-0.014173,-0.001673,0.006140,0.000000,-0.000235,-0.001735,0.000003,0.015881,0.012832,-0.000920,-0.008034,-0.006464
-0.000055,0.000549,-0.010724,-0.003043,0.001638,-0.014274,-0.001695,0.006905,0.000335,0.000113,-0.000652,-0.000049,0.016211,0.017521,-0.001288,-0.007604,-0.010321
-0.000037,0.000564,-0.011149,-0.001899,0.003112,-0.013926,-0.001664,0.007691,0.001221,0.001343,-0.000275,-0.000423,0.015789,0.021618,-0.001415,-0.006827,-0.014230
-0.000032,0.000343,-0.011413,-0.001448,0.004089,-0.013996,-0.001151,0.006992,0.002649,0.003574,-0.000067,-0.000067,0.014672,0.025188,-0.001387,-0.007438,-0.018256
-0.000017,0.000884,-0.011567,-0.001591,0.004964,-0.013083,-0.001107,0.006058,0.004273,0.006755,-0.000017,0.000030,0.013637,0.028730,-0.001904,-0.008088,-0.022600
0.000044,0.003227,-0.011133,-0.000809,0.005730,-0.008580,-0.000642,0.004847,0.005986,0.009907,0.000001,0.000175,0.012215,0.032578,-0.003666,-0.008900,-0.026052
0.000416,0.006852,-0.011176,-0.000014,0.006640,-0.004869,-0.000249,0.003924,0.007313,0.010848,0.000013,0.000448,0.011031,0.036183,-0.005751,-0.010195,-0.029257
0.000976,0.006117,-0.009078,0.000295,0.007236,-0.002471,-0.000066,0.005113,0.008370,0.011627,0.000017,0.000869,0.010019,0.039104,-0.006568,-0.011285,-0.031955
0.001591,0.005383,-0.007206,0.001737,0.007699,-0.000938,-0.000003,0.006175,0.009247,0.012327,0.000063,0.001675,0.009971,0.040342,-0.007213,-0.011952,-0.034248
0.001842,0.008915,-0.003875,0.001921,0.008595,-0.000404,0.000499,0.007560,0.011286,0.012605,-0.000004,0.001083,0.008103,0.040565,-0.007734,-0.012627,-0.035802
0.002085,0.012750,-0.001460,0.003472,0.009460,-0.000101,0.001525,0.008519,0.013784,0.012410,-0.000035,0.000069,0.003819,0.039795,-0.008061,-0.012191,-0.035119
0.001491,0.014864,-0.000675,0.002487,0.010347,0.000028,0.002730,0.009107,0.016192,0.010952,-0.000057,-0.000101,0.000474,0.038166,-0.007118,-0.012410,-0.033912
0.001547,0.015342,-0.000303,0.001050,0.010986,0.000489,0.003652,0.009407,0.017129,0.009799,-0.000038,-0.000361,-0.000092,0.035170,-0.006811,-0.013001,-0.032400
0.001384,0.015819,-0.000218,0.000115,0.010998,0.001804,0.004564,0.009538,0.017477,0.009915,0.000004,-0.001019,-0.001884,0.031769,-0.006184,-0.013218,-0.030943
0.001369,0.013683,-0.000162,0.000027,0.011072,0.004095,0.005974,0.009841,0.017190,0.009886,0.000119,-0.002607,-0.003882,0.027844,-0.007730,-0.013028,-0.029596
0.001265,0.011062,-0.000242,-0.000003,0.011266,0.005433,0.006988,0.010918,0.017084,0.010600,0.001240,-0.005084,-0.005562,0.023766,-0.006959,-0.010653,-0.029020
0.001476,0.009511,-0.000222,-0.000764,0.011428,0.005470,0.008026,0.011815,0.016900,0.010985,0.002474,-0.008700,-0.006996,0.020339,-0.006199,-0.009931,-0.028419
0.002068,0.009426,-0.000459,-0.002341,0.010498,0.005364,0.008636,0.012484,0.016482,0.011065,0.003474,-0.012718,-0.008386,0.017522,-0.004415,-0.008404,-0.027697
0.002258,0.009800,-0.000660,-0.002428,0.008785,0.005589,0.009120,0.013314,0.014493,0.010537,0.004180,-0.014422,-0.009454,0.014671,-0.002980,-0.007775,-0.026614
0.002750,0.009877,-0.000697,-0.002150,0.007439,0.004284,0.008749,0.012609,0.012014,0.009819,0.005182,-0.014058,-0.010023,0.011563,-0.002088,-0.009058,-0.024972
0.005006,0.011730,-0.000253,-0.001888,0.005837,0.004722,0.008582,0.011943,0.009292,0.007977,0.005345,-0.015022,-0.010421,0.008732,-0.000802,-0.010492,-0.022881
0.008091,0.015311,0.000001,-0.001350,0.004307,0.006940,0.008523,0.010456,0.006427,0.005992,0.005295,-0.015777,-0.010904,0.006173,-0.000065,-0.009510,-0.020497
0.011709,0.017326,0.000323,-0.000343,0.002197,0.009653,0.008644,0.008945,0.003476,0.003878,0.007725,-0.016473,-0.011313,0.003828,0.000281,-0.007973,-0.017902
0.015310,0.019487,0.002384,0.000002,0.000577,0.009489,0.009048,0.007571,0.001053,0.001636,0.010452,-0.017927,-0.012770,0.001682,0.001230,-0.006224,-0.015387
0.020086,0.021012,0.005063,0.000167,-0.000006,0.006180,0.009887,0.004734,0.000002,0.000330,0.012977,-0.018797,-0.012562,0.000174,0.002127,-0.005993,-0.013126
0.025080,0.023236,0.008800,0.000586,-0.000646,0.002283,0.010547,0.001720,-0.000894,0.000007,0.013757,-0.017274,-0.011244,-0.000068,0.003657,-0.006898,-0.012195
0.024822,0.025004,0.011805,0.001000,-0.002152,0.000295,0.010512,0.000183,-0.002854,0.000041,0.014643,-0.015904,-0.009744,0.000000,0.005079,-0.007746,-0.011701
0.023777,0.023344,0.014151,0.001749,-0.004456,-0.000005,0.009924,-0.000009,-0.004652,0.000104,0.012709,-0.014941,-0.008813,0.000094,0.006701,-0.007080,-0.011639
0.022709,0.020188,0.014714,0.003750,-0.006151,-0.000178,0.009242,-0.000113,-0.006790,0.000117,0.011061,-0.014420,-0.007352,0.000349,0.008767,-0.005859,-0.011725
0.021123,0.017531,0.011673,0.005413,-0.007186,-0.001320,0.008487,-0.000280,-0.008829,0.000212,0.009624,-0.012699,-0.005719,0.000754,0.010866,-0.004644,-0.012460
0.018631,0.014047,0.008680,0.007173,-0.008500,-0.004264,0.008153,-0.000466,-0.010139,0.000055,0.008249,-0.010136,-0.004061,0.001059,0.013693,-0.004264,-0.014130
0.015933,0.012314,0.005984,0.007593,-0.010137,-0.008936,0.007526,-0.000512,-0.011295,-0.000005,0.007579,-0.007429,-0.003749,0.001310,0.014787,-0.004496,-0.016505
0.015448,0.012025,0.003515,0.009343,-0.011712,-0.012519,0.006950,-0.000597,-0.012941,-0.000395,0.006478,-0.004793,-0.003431,0.001518,0.013250,-0.004443,-0.019062
0.015092,0.011156,0.000876,0.014930,-0.013517,-0.015407,0.006656,-0.000673,-0.015449,-0.001351,0.005313,-0.001978,-0.002702,0.001494,0.011487,-0.005042,-0.022084
0.014401,0.008105,0.000168,0.020899,-0.015622,-0.018774,0.006006,-0.000361,-0.018261,-0.002669,0.002879,-0.000245,-0.001599,0.001507,0.010567,-0.005525,-0.024505
0.012500,0.004819,0.000000,0.028379,-0.017760,-0.021601,0.005303,-0.000179,-0.021694,-0.003982,0.001177,0.000574,-0.000600,0.000795,0.010662,-0.006345,-0.026177
0.010800,0.002995,0.000001,0.030320,-0.019550,-0.023523,0.005246,-0.000054,-0.024724,-0.005468,0.000006,0.001690,-0.000961,0.000137,0.010571,-0.007365,-0.026919
0.009085,0.001633,0.000182,0.033416,-0.021196,-0.025250,0.005666,-0.000003,-0.027223,-0.007494,-0.000420,0.001259,-0.002956,-0.000088,0.010254,-0.008206,-0.025643
0.008068,0.000610,0.000814,0.034328,-0.022248,-0.028520,0.006304,0.000005,-0.029467,-0.010219,-0.002313,0.001223,-0.006642,-0.001063,0.010822,-0.010191,-0.023981
0.005651,0.000045,0.001591,0.035805,-0.022985,-0.032560,0.007072,0.000035,-0.031458,-0.012043,-0.005379,0.003026,-0.010131,-0.003378,0.011235,-0.012221,-0.022695
0.003917,-0.000042,0.002112,0.034796,-0.023599,-0.035687,0.007485,0.000166,-0.033406,-0.013863,-0.009288,0.005704,-0.014847,-0.006559,0.011798,-0.015240,-0.021096
0.002522,-0.000883,0.002269,0.033330,-0.023921,-0.038318,0.008873,0.000647,-0.035343,-0.017100,-0.013925,0.006776,-0.018418,-0.010362,0.012261,-0.018892,-0.019242
0.001577,-0.002770,0.002006,0.032155,-0.023983,-0.041821,0.009859,0.000948,-0.036357,-0.018845,-0.015461,0.004260,-0.021143,-0.014756,0.013724,-0.020130,-0.017729
0.000707,-0.005688,0.001690,0.031140,-0.023587,-0.043474,0.010795,0.001366,-0.036494,-0.019127,-0.016772,0.002173,-0.023106,-0.018724,0.015155,-0.021023,-0.016065
0.000050,-0.002161,0.000800,0.029275,-0.024683,-0.046801,0.011021,0.001576,-0.037331,-0.019993,-0.013700,0.001364,-0.026556,-0.021522,0.018815,-0.018535,-0.013710
-0.000206,-0.000367,0.000125,0.028855,-0.025963,-0.048987,0.011044,0.001894,-0.038548,-0.021747,-0.011296,0.001086,-0.029651,-0.024045,0.022710,-0.016528,-0.011465
-0.000821,0.000008,-0.000075,0.028120,-0.026838,-0.050398,0.010438,0.001473,-0.039429,-0.023180,-0.007916,0.001122,-0.032320,-0.026283,0.026018,-0.015510,-0.009496
-0.001065,0.000858,-0.000287,0.026844,-0.027281,-0.048453,0.010154,0.001219,-0.039767,-0.023539,-0.005538,0.000821,-0.034057,-0.028157,0.028989,-0.014617,-0.007558
-0.000868,0.002889,-0.000537,0.025388,-0.027277,-0.045489,0.009685,0.000765,-0.039677,-0.023483,-0.003527,0.000509,-0.034678,-0.029257,0.031652,-0.013987,-0.005672
-0.000637,0.005613,-0.000482,0.024897,-0.027160,-0.041876,0.009821,0.000419,-0.039181,-0.023060,-0.001987,0.000245,-0.034708,-0.029675,0.033815,-0.012785,-0.003888
-0.000604,0.009013,-0.000173,0.023942,-0.026652,-0.039434,0.009979,0.000178,-0.038294,-0.023301,-0.000861,0.000359,-0.034754,-0.029666,0.034377,-0.010459,-0.002259
-0.000539,0.012447,0.000000,0.022516,-0.025721,-0.036960,0.010014,0.000000,-0.036798,-0.022697,-0.000124,0.000716,-0.034346,-0.029164,0.034313,-0.008077,-0.000914
-0.000447,0.016031,0.000254,0.020681,-0.024487,-0.035118,0.009870,-0.000457,-0.034975,-0.021714,0.000065,0.000938,-0.033300,-0.028241,0.034424,-0.006402,-0.000219
-0.000554,0.019475,0.000747,0.018519,-0.022965,-0.032702,0.009218,-0.002270,-0.032621,-0.020307,0.000692,0.001013,-0.031714,-0.026366,0.034528,-0.004745,0.000003
-0.000861,0.021347,0.001599,0.016234,-0.021140,-0.028506,0.008423,-0.004067,-0.029871,-0.018607,0.001500,0.000777,-0.029617,-0.024102,0.034232,-0.003354,0.000455
-0.001118,0.022785,0.002927,0.014535,-0.019382,-0.024219,0.007557,-0.005315,-0.027278,-0.017043,0.002343,0.000550,-0.026575,-0.021509,0.033691,-0.002142,0.001912
-0.001513,0.023608,0.002081,0.011828,-0.017412,-0.020678,0.006581,-0.006495,-0.024300,-0.015502,0.003531,0.000342,-0.023174,-0.018699,0.032598,-0.001159,0.003896
-0.002276,0.024018,0.001221,0.009661,-0.015580,-0.017882,0.005620,-0.007355,-0.021019,-0.014847,0.004327,0.000019,-0.019539,-0.015995,0.032422,-0.000411,0.004455
-0.003223,0.025454,0.000570,0.007328,-0.013933,-0.016290,0.004511,-0.007348,-0.017607,-0.013725,0.005778,-0.000162,-0.017054,-0.013577,0.031761,-0.000120,0.004899
-0.002644,0.026562,0.000090,0.005279,-0.012159,-0.015525,0.003453,-0.006835,-0.014576,-0.012595,0.007324,-0.000315,-0.014335,-0.011172,0.028539,0.000086,0.004624
-0.001913,0.026892,-0.000058,0.005606,-0.010466,-0.013493,0.002624,-0.006037,-0.011906,-0.011464,0.009004,-0.000216,-0.011400,-0.009110,0.024938,0.000622,0.003772
-0.001298,0.026666,-0.000838,0.005867,-0.008798,-0.011276,0.001798,-0.005161,-0.009436,-0.010156,0.009259,-0.000127,-0.008375,-0.007085,0.021583,0.001820,0.002959
-0.001374,0.025610,-0.002113,0.006726,-0.007218,-0.008725,0.001024,-0.004469,-0.007527,-0.008699,0.009200,-0.000089,-0.005822,-0.005247,0.018951,0.002773,0.002359
-0.001434,0.022724,-0.003309,0.005708,-0.005879,-0.006113,0.000387,-0.003718,-0.006012,-0.007243,0.009004,-0.000222,-0.004194,-0.003761,0.016057,0.002875,0.001901
-0.001478,0.019501,-0.002615,0.005445,-0.004715,-0.003915,0.000056,-0.002932,-0.004961,-0.006255,0.008675,-0.000432,-0.003492,-0.002548,0.013003,0.002939,0.001725
-0.000899,0.015459,-0.001692,0.004632,-0.003553,-0.002466,0.000090,-0.002154,-0.003878,-0.005181,0.007091,-0.000350,-0.003039,-0.001684,0.010008,0.002609,0.001522
-0.001194,0.011340,-0.001021,0.003764,-0.002442,-0.001805,0.000135,-0.001407,-0.002835,-0.003451,0.005439,-0.000076,-0.002542,-0.000962,0.007075,0.003323,0.001071
-0.000975,0.007331,-0.000460,0.002001,-0.001525,-0.001356,0.000021,-0.000835,-0.001894,-0.001928,0.003848,0.000056,-0.002230,-0.000348,0.004382,0.002919,0.000648
-0.000749,0.003963,-0.000183,0.000564,-0.000890,-0.001006,-0.000054,-0.000361,-0.001102,-0.001037,0.002322,0.000898,-0.001552,-0.000000,0.002308,0.001740,0.000379
-0.000281,0.001400,-0.000011,-0.000093,-0.000343,-0.000592,-0.000044,-0.000135,-0.000420,-0.000354,0.000871,0.000337,-0.000582,0.000136,0.000822,0.000652,0.000147
