AU01,AU02,AU04,AU05,AU06,AU07,AU09,AU10,AU12,AU14,AU15,AU17,AU20,AU23,AU25,AU26,AU45
0.010045,0.002771,0.005135,0.008483,0.008204,0.011603,0.003371,0.008179,0.008967,0.003611,-0.005892,-0.008459,0.003819,0.002142,0.005058,-0.001343,-0.000224
0.023969,0.002690,0.013532,0.013726,0.010515,0.013395,0.004280,0.016493,0.014967,0.001122,-0.011053,-0.007141,0.004180,0.000710,0.015006,-0.003662,0.002421
0.036302,0.000490,0.020213,0.015591,0.011736,0.012160,0.004542,0.023139,0.020630,-0.004914,-0.017778,-0.004273,0.002177,-0.003968,0.027839,-0.006710,0.005294
0.044648,-0.002705,0.025636,0.014450,0.011952,0.008731,0.004746,0.028239,0.025118,-0.010727,-0.022366,0.000388,-0.001252,-0.010745,0.041561,-0.010579,0.008511
0.050242,-0.005402,0.029238,0.011887,0.011808,0.002513,0.006376,0.031199,0.028254,-0.015564,-0.024123,0.005490,-0.007501,-0.019453,0.052924,-0.012779,0.012568
0.052015,-0.005633,0.030079,0.009408,0.010079,-0.006297,0.009784,0.031248,0.028624,-0.018742,-0.022523,0.010934,-0.015109,-0.028735,0.058551,-0.012997,0.016011
0.045678,-0.003435,0.027079,0.007214,0.008904,-0.014142,0.014005,0.027001,0.026097,-0.019419,-0.017424,0.014676,-0.021737,-0.036012,0.055831,-0.010404,0.017321
0.033525,0.000142,0.023187,0.006070,0.007875,-0.018266,0.016831,0.018568,0.021198,-0.016647,-0.010207,0.017655,-0.024752,-0.039197,0.043707,-0.006164,0.015969
0.019302,0.004673,0.019659,0.006459,0.004959,-0.016030,0.017899,0.009092,0.014239,-0.011197,-0.002716,0.021221,-0.023174,-0.037284,0.027078,-0.001527,0.012589
0.007276,0.009392,0.017044,0.006816,0.001421,-0.009891,0.015875,0.001879,0.007435,-0.003279,0.003637,0.024382,-0.017620,-0.029145,0.008416,0.003372,0.007210
0.001662,0.010828,0.017272,0.008694,-0.002238,-0.001957,0.010270,-0.001233,0.001416,0.004191,0.007698,0.027878,-0.008608,-0.014810,-0.008026,0.006809,0.001422
-0.002259,0.008155,0.015967,0.007566,-0.006871,0.004885,0.001350,-0.004394,-0.002949,0.007129,0.008182,0.029391,0.000675,0.000497,-0.019256,0.009669,-0.004807
-0.005495,0.002854,0.013772,0.003476,-0.011755,0.009999,-0.010342,-0.006341,-0.006007,0.006832,0.007471,0.028790,0.009867,0.015198,-0.023871,0.009869,-0.010056
-0.003947,-0.002836,0.011400,-0.001978,-0.015602,0.012033,-0.021302,-0.007131,-0.006861,0.003794,0.005898,0.024404,0.014227,0.026131,-0.023986,0.009072,-0.011981
0.002114,-0.005457,0.007346,-0.006922,-0.019135,0.009229,-0.027612,-0.006866,-0.006756,-0.000357,0.003563,0.015798,0.013973,0.031414,-0.022802,0.007673,-0.010829
0.006939,-0.005596,0.001427,-0.010011,-0.020288,0.001089,-0.029248,-0.006868,-0.006646,-0.006085,0.001138,0.004947,0.010874,0.030616,-0.020304,0.006338,-0.006909
0.009631,-0.002245,-0.003691,-0.010354,-0.019106,-0.010152,-0.026876,-0.008094,-0.007019,-0.011943,-0.001197,-0.004564,0.007553,0.025535,-0.018976,0.005298,-0.002214
0.009981,0.003695,-0.007761,-0.007621,-0.017184,-0.017509,-0.021265,-0.009847,-0.008323,-0.015885,-0.002438,-0.010613,0.005009,0.017838,-0.016852,0.003916,0.002247
0.009633,0.009217,-0.010806,-0.003644,-0.013899,-0.020022,-0.013949,-0.011070,-0.010253,-0.016597,-0.003293,-0.012509,0.003427,0.010533,-0.015539,0.002171,0.004705
0.007716,0.012474,-0.013401,0.001104,-0.009971,-0.019221,-0.007296,-0.010772,-0.013313,-0.014186,-0.003307,-0.010818,0.002953,0.006041,-0.015663,-0.000656,0.005090
0.003534,0.014104,-0.014476,0.006413,-0.006343,-0.015268,-0.001257,-0.009575,-0.015254,-0.009502,-0.000822,-0.007132,0.004472,0.003603,-0.015319,-0.001416,0.003118
-0.001835,0.014304,-0.014307,0.012096,-0.003153,-0.008494,0.002764,-0.006621,-0.016148,-0.003944,0.004433,-0.002887,0.007781,0.003181,-0.013606,0.000284,-0.000102
-0.004956,0.013204,-0.010857,0.017029,-0.000623,-0.000798,0.004473,-0.001409,-0.015402,0.001023,0.010868,0.000492,0.010132,0.003369,-0.010837,0.003191,-0.003143
-0.004123,0.011866,-0.004920,0.019000,0.001025,0.007954,0.005286,0.005177,-0.012820,0.005454,0.015636,0.001083,0.011374,0.002530,-0.008664,0.006193,-0.004714
-0.003268,0.008581,0.001686,0.017709,0.002283,0.013123,0.005118,0.011152,-0.009151,0.008426,0.018266,-0.000678,0.011234,0.000218,-0.005756,0.008500,-0.004170
-0.003454,0.005128,0.007293,0.014102,0.003111,0.014078,0.003876,0.015206,-0.005174,0.009430,0.017373,-0.002261,0.010538,-0.002697,-0.002493,0.009672,-0.002380
-0.005366,0.001581,0.011068,0.008747,0.003168,0.012917,0.001889,0.016254,-0.001627,0.009441,0.014152,-0.002899,0.008734,-0.005326,0.001947,0.008667,-0.000270
-0.006337,-0.003480,0.012140,0.002229,0.002967,0.011218,-0.000448,0.013745,0.000643,0.008020,0.007791,-0.001582,0.005067,-0.006567,0.005816,0.005088,0.001460
-0.007131,-0.008807,0.009859,-0.004995,0.001852,0.007388,-0.003460,0.007808,0.001520,0.005103,-0.000952,0.000870,-0.000888,-0.005816,0.007565,-0.001217,0.003005
-0.008594,-0.012160,0.005925,-0.010780,-0.000325,0.002545,-0.006450,-0.000024,0.001836,0.001721,-0.009201,0.003749,-0.006460,-0.003342,0.007249,-0.008567,0.003271
-0.010117,-0.014384,0.000447,-0.014520,-0.002965,-0.000791,-0.008404,-0.008132,0.001653,-0.000839,-0.013933,0.004732,-0.010771,0.000723,0.005142,-0.013458,0.002704
-0.010376,-0.015156,-0.004838,-0.015644,-0.005546,-0.005708,-0.008956,-0.013602,0.001144,-0.002799,-0.015197,0.003753,-0.013585,0.004742,0.002979,-0.015092,0.001569
-0.007204,-0.011953,-0.008037,-0.015035,-0.006855,-0.008347,-0.007921,-0.015936,0.001200,-0.003861,-0.014303,0.001540,-0.013818,0.007041,0.000394,-0.013852,0.000729
-0.002476,-0.008039,-0.007718,-0.013707,-0.007024,-0.010000,-0.005610,-0.015815,0.001897,-0.004324,-0.011308,-0.001749,-0.011755,0.007148,-0.001811,-0.011025,0.000668
0.002261,-0.003744,-0.005146,-0.010715,-0.005678,-0.009915,-0.002769,-0.013879,0.002881,-0.005124,-0.007448,-0.004294,-0.007952,0.005380,-0.003543,-0.007368,0.001124
0.004896,0.000310,-0.000570,-0.006962,-0.003696,-0.007674,0.000082,-0.011052,0.003689,-0.005782,-0.003320,-0.004970,-0.003226,0.002913,-0.004123,-0.004156,0.001116
0.006429,0.003493,0.004093,-0.002509,-0.001335,-0.002959,0.002048,-0.007672,0.003525,-0.006090,-0.000859,-0.003319,0.000198,0.000222,-0.004419,-0.001815,0.000737
0.007031,0.005776,0.007517,0.001975,0.000406,0.001131,0.002824,-0.004919,0.002591,-0.006481,-0.000580,-0.000356,0.001755,-0.001749,-0.005374,-0.000115,0.000224
0.006529,0.007702,0.009329,0.006612,0.001152,0.005206,0.002233,-0.002240,0.001224,-0.006672,-0.001473,0.003541,0.001887,-0.002350,-0.007420,0.000415,-0.000653
0.004497,0.006771,0.008314,0.007822,0.001249,0.010100,0.001012,0.000073,-0.000244,-0.006250,-0.002216,0.004451,0.001252,-0.001381,-0.009994,0.000827,-0.001715
0.001413,0.003197,0.004197,0.006228,0.000884,0.013130,-0.000193,0.002083,-0.001631,-0.005148,-0.002409,0.002205,0.000283,0.000640,-0.011554,0.001820,-0.002609
-0.000210,0.001620,-0.002518,0.003885,0.000625,0.014761,-0.001391,0.003839,-0.002496,-0.002913,-0.002193,-0.001138,-0.000504,0.002263,-0.011621,0.003497,-0.002759
-0.000370,-0.000462,-0.009374,0.001481,0.000335,0.014480,-0.002192,0.004983,-0.002497,0.000289,-0.001183,-0.005759,-0.000779,0.002771,-0.009427,0.004263,-0.001948
0.000735,-0.003075,-0.014659,-0.000048,0.000913,0.011561,-0.001769,0.004983,-0.001874,0.002753,0.000765,-0.009801,-0.000448,0.002103,-0.005913,0.004536,-0.000268
0.000724,-0.006012,-0.017082,-0.001096,0.001354,0.007045,-0.000149,0.003254,-0.000762,0.003934,0.003783,-0.010373,0.000848,0.000756,-0.000890,0.004166,0.001461
-0.001544,-0.009423,-0.016723,-0.001138,0.001744,0.001352,0.001331,0.001061,0.000385,0.004763,0.006195,-0.007503,0.001543,-0.001389,0.004669,0.002645,0.003067
-0.004240,-0.012327,-0.013686,0.000009,0.001723,-0.005994,0.002191,-0.001408,0.001855,0.005044,0.007082,-0.003737,0.001258,-0.004239,0.009535,0.000777,0.004119
-0.005679,-0.013918,-0.008326,0.002701,0.001414,-0.011171,0.002123,-0.002575,0.003190,0.004838,0.006995,0.000930,-0.000145,-0.006550,0.012435,-0.000711,0.004417
-0.006434,-0.014381,-0.002443,0.003400,0.001176,-0.012198,0.001822,-0.002966,0.004197,0.004137,0.005943,0.004600,-0.001528,-0.008104,0.012855,-0.001711,0.003723
-0.006657,-0.013264,0.003348,0.001728,0.001443,-0.008732,0.001284,-0.002968,0.004604,0.002128,0.004635,0.006800,-0.002780,-0.008014,0.011255,-0.002212,0.002656
-0.005598,-0.007369,0.007364,-0.000727,0.002150,-0.001899,0.000264,-0.002824,0.004158,-0.000469,0.002794,0.007048,-0.003575,-0.006860,0.008136,-0.002266,0.002035
-0.003031,-0.000178,0.009613,-0.002620,0.002720,0.006947,-0.001346,-0.002219,0.003255,-0.002914,0.001497,0.004355,-0.003638,-0.005291,0.005094,-0.002289,0.001740
0.001078,0.007494,0.010392,-0.003622,0.003257,0.014553,-0.002558,-0.000835,0.001724,-0.005199,-0.000430,-0.000236,-0.002391,-0.003248,0.001982,-0.001212,0.001589
0.005368,0.014395,0.009287,-0.003323,0.003079,0.019059,-0.002956,0.000140,-0.000043,-0.006739,-0.001649,-0.002908,0.000266,0.000005,-0.000456,0.001556,0.000901
0.007223,0.018298,0.006592,-0.001972,0.002058,0.019461,-0.003344,0.001102,-0.001892,-0.006777,-0.002380,-0.003525,0.003086,0.003859,-0.002725,0.004638,-0.000443
0.007063,0.019322,0.002756,-0.000581,0.000110,0.014263,-0.003662,0.002056,-0.003106,-0.004988,-0.003029,-0.004116,0.004742,0.006970,-0.004552,0.007292,-0.001657
0.006751,0.017483,-0.001195,0.000148,-0.002071,0.005351,-0.004165,0.004148,-0.003128,-0.001620,-0.003558,-0.004188,0.005081,0.009160,-0.005746,0.009322,-0.002930
0.005988,0.013151,-0.005086,0.000301,-0.003787,-0.003112,-0.004034,0.005873,-0.002305,0.002344,-0.003592,-0.003033,0.004672,0.009595,-0.006542,0.009771,-0.004379
0.004899,0.008095,-0.008039,0.000201,-0.004394,-0.008319,-0.003494,0.007409,-0.000730,0.004774,-0.003149,-0.000565,0.002586,0.008699,-0.006417,0.008012,-0.005875
0.004289,0.005558,-0.009200,-0.000127,-0.003742,-0.010344,-0.002484,0.007513,0.000880,0.005512,-0.002481,0.001413,-0.000609,0.006735,-0.004956,0.004131,-0.005868
0.004104,0.004069,-0.007931,-0.000572,-0.001816,-0.009990,-0.001331,0.006657,0.002509,0.005020,0.000108,0.001939,-0.003772,0.003403,-0.002441,-0.001162,-0.004353
0.003841,0.003271,-0.003750,-0.000954,0.000755,-0.008822,0.000594,0.005787,0.003683,0.003371,0.001785,0.001192,-0.005196,-0.001251,0.000818,-0.006414,-0.000900
0.003475,0.003623,0.001633,-0.000574,0.003282,-0.008382,0.003207,0.004061,0.004257,0.001072,0.002969,0.000644,-0.004233,-0.004982,0.004559,-0.010617,0.002859
0.002440,0.003966,0.007143,0.001037,0.005227,-0.006365,0.005407,0.001687,0.003942,-0.001491,0.003454,-0.000743,-0.002053,-0.007010,0.007541,-0.012927,0.005581
-0.000454,0.002635,0.010937,0.003274,0.005865,-0.004665,0.006406,-0.000944,0.002738,-0.002648,0.003177,-0.002815,0.000391,-0.007560,0.009181,-0.013172,0.007738
-0.003862,-0.000310,0.012739,0.003894,0.005370,-0.007196,0.006101,-0.002846,0.001581,-0.001928,0.001687,-0.004392,0.003025,-0.006652,0.009549,-0.011294,0.008489
-0.007326,-0.004312,0.011973,0.003342,0.003796,-0.011799,0.004974,-0.004693,0.000532,-0.000655,-0.000372,-0.004437,0.005712,-0.005287,0.008527,-0.007860,0.007653
-0.010215,-0.007874,0.008949,0.003053,0.001396,-0.014062,0.003118,-0.005215,-0.000227,-0.000072,-0.003279,-0.002290,0.007245,-0.003885,0.005779,-0.004668,0.004778
-0.010623,-0.009665,0.003791,0.003101,-0.001463,-0.013446,0.000729,-0.005332,-0.001358,-0.000331,-0.005984,0.000701,0.006998,-0.002208,0.003483,-0.000727,0.000624
-0.009194,-0.010022,-0.002233,0.003592,-0.003456,-0.010739,-0.001782,-0.003786,-0.002577,-0.000449,-0.007039,0.002746,0.004731,-0.000516,0.000893,0.003389,-0.004300
-0.006722,-0.010458,-0.006757,0.003336,-0.004621,-0.006818,-0.002852,-0.000827,-0.003562,0.000156,-0.007047,0.004036,0.001836,-0.000059,-0.001561,0.007592,-0.007913
-0.003060,-0.009012,-0.008865,0.001895,-0.005167,-0.001183,-0.002132,0.002087,-0.004549,0.001126,-0.005057,0.004813,-0.000346,-0.000338,-0.003571,0.009419,-0.010054
0.001726,-0.005508,-0.008217,-0.000429,-0.004714,0.008731,-0.000079,0.004458,-0.005655,0.001409,-0.001685,0.003239,-0.002196,-0.000391,-0.004124,0.009430,-0.010995
0.006168,-0.002677,-0.006514,-0.003306,-0.003745,0.019585,0.002055,0.005656,-0.006827,0.001696,0.002079,-0.000290,-0.003854,-0.000187,-0.003564,0.007985,-0.010407
0.009438,-0.000610,-0.003934,-0.006503,-0.002571,0.026517,0.003957,0.005741,-0.008066,0.002090,0.005445,-0.004819,-0.005065,0.000530,-0.001774,0.006273,-0.009209
0.011193,0.001746,-0.000986,-0.009586,-0.001831,0.028767,0.005517,0.003996,-0.008755,0.001876,0.006702,-0.008766,-0.005133,0.001710,0.000553,0.005024,-0.007499
0.011656,0.004606,0.002644,-0.010034,-0.001550,0.027643,0.006527,0.000782,-0.008571,0.000129,0.005687,-0.010025,-0.003861,0.002347,0.001471,0.003058,-0.005312
0.011703,0.007587,0.004744,-0.007444,-0.001850,0.023298,0.006123,-0.003831,-0.008132,-0.002894,0.003086,-0.008004,-0.002441,0.002335,0.002201,0.002152,-0.003222
0.009926,0.010258,0.004814,-0.001144,-0.002057,0.014696,0.004073,-0.007823,-0.007212,-0.006460,-0.000109,-0.004721,-0.002177,0.002126,0.001881,0.002702,-0.001066
0.005940,0.011475,0.003477,0.005762,-0.002319,0.002062,0.001452,-0.010550,-0.005380,-0.009126,-0.003110,-0.000598,-0.003296,0.001394,0.000294,0.005169,0.001580
0.000581,0.011144,0.001520,0.011199,-0.002673,-0.009497,-0.001457,-0.011914,-0.003156,-0.009728,-0.004083,0.004245,-0.004618,0.000164,-0.002724,0.006202,0.004484
-0.005258,0.008683,-0.001142,0.013642,-0.002381,-0.015712,-0.004611,-0.011130,-0.000844,-0.008665,-0.002985,0.008532,-0.005743,-0.000808,-0.005586,0.005515,0.007930
-0.009357,0.004834,-0.004574,0.011848,-0.001484,-0.019170,-0.007321,-0.008046,0.002016,-0.005805,-0.000833,0.010828,-0.005973,-0.001922,-0.007416,0.002710,0.011382
-0.012369,0.001233,-0.008103,0.006855,-0.000268,-0.019629,-0.008715,-0.002975,0.004393,-0.001799,0.003038,0.009638,-0.004579,-0.002774,-0.006048,-0.000443,0.013292
-0.014490,-0.001477,-0.010681,-0.000447,0.000633,-0.017156,-0.008654,0.003102,0.006220,0.002779,0.005909,0.006508,-0.001302,-0.002310,-0.002247,-0.003572,0.013277
-0.015438,-0.004248,-0.011096,-0.006125,0.001455,-0.012399,-0.006823,0.008426,0.007328,0.006288,0.007503,0.002596,0.003342,-0.001405,0.002236,-0.006443,0.011114
-0.014388,-0.008019,-0.009823,-0.008620,0.001963,-0.004747,-0.004345,0.012053,0.007395,0.008519,0.007679,-0.000017,0.007922,0.000056,0.006013,-0.008449,0.006551
-0.012255,-0.012197,-0.007188,-0.007184,0.002299,0.001580,-0.001995,0.012456,0.006296,0.008873,0.007248,-0.001201,0.011071,0.002436,0.008248,-0.009153,0.001027
-0.009348,-0.014085,-0.003206,-0.003719,0.002206,0.004286,0.000037,0.009840,0.004512,0.006748,0.005455,-0.001110,0.011140,0.005299,0.008363,-0.007722,-0.004290
-0.005619,-0.014172,0.001178,0.000212,0.001695,0.003569,0.001412,0.004614,0.001913,0.003148,0.002856,-0.000089,0.008567,0.008574,0.006053,-0.006230,-0.009016
-0.001403,-0.014174,0.004011,0.003543,0.001097,0.002154,0.000948,-0.001103,-0.001107,-0.000898,0.000592,0.001713,0.004281,0.011888,0.001446,-0.004483,-0.011293
0.004220,-0.012623,0.005088,0.005934,0.000534,-0.000483,-0.000662,-0.005503,-0.003006,-0.004356,-0.002043,0.003587,0.000099,0.013248,-0.003623,-0.003212,-0.010883
0.009642,-0.008308,0.005265,0.005464,0.000069,-0.003625,-0.001518,-0.007624,-0.003799,-0.006592,-0.003320,0.002853,-0.001734,0.012103,-0.005909,-0.001786,-0.007927
0.013540,-0.001521,0.005137,0.002084,-0.000495,-0.007660,-0.001310,-0.007794,-0.003255,-0.007277,-0.003645,0.000716,-0.000952,0.008336,-0.005145,-0.000416,-0.003092
0.014913,0.005353,0.004914,-0.001166,-0.000521,-0.012913,0.000300,-0.006257,-0.002014,-0.006387,-0.003357,-0.003431,0.001030,0.001919,-0.002352,0.001369,0.002277
0.013813,0.009570,0.005014,-0.003521,-0.000135,-0.014885,0.002467,-0.003069,-0.000246,-0.003699,-0.002003,-0.007326,0.003548,-0.004935,0.000785,0.003414,0.006491
0.010441,0.010457,0.005447,-0.005449,0.000496,-0.015441,0.004454,-0.000289,0.001523,0.000524,-0.000095,-0.010286,0.005445,-0.010226,0.002783,0.004993,0.010361
0.005588,0.009629,0.006773,-0.007364,0.000711,-0.015022,0.005657,0.001386,0.002909,0.004561,0.000192,-0.011581,0.005370,-0.013248,0.003129,0.005533,0.013581
0.002091,0.007941,0.006856,-0.009051,0.000575,-0.015113,0.005376,0.001364,0.003479,0.007652,-0.001982,-0.011423,0.003528,-0.014142,0.001918,0.004343,0.015421
0.001335,0.005025,0.005023,-0.010246,0.000416,-0.012274,0.002888,0.000891,0.003477,0.010346,-0.004605,-0.009751,0.000606,-0.013375,-0.001904,0.002379,0.016114
0.003046,0.002816,0.000559,-0.009190,0.000200,-0.006364,-0.001864,0.000488,0.003534,0.012125,-0.007785,-0.006335,-0.002651,-0.012121,-0.006592,-0.000001,0.016516
0.005992,0.001516,-0.004019,-0.008457,-0.000171,0.001339,-0.006399,0.001342,0.003952,0.012726,-0.010843,-0.002312,-0.005605,-0.011822,-0.010443,-0.002346,0.017802
0.008821,0.002379,-0.007638,-0.007493,-0.000708,0.009686,-0.009088,0.002415,0.004908,0.011769,-0.012259,0.002079,-0.007506,-0.012911,-0.011899,-0.004473,0.018560
0.010602,0.005106,-0.010000,-0.004000,-0.000961,0.014694,-0.009311,0.003009,0.005484,0.009568,-0.011755,0.005129,-0.008468,-0.015163,-0.011298,-0.005143,0.017596
0.011376,0.009246,-0.010464,0.001693,-0.000546,0.017965,-0.007695,0.003194,0.005741,0.006885,-0.008518,0.007709,-0.007710,-0.017122,-0.007859,-0.004753,0.012864
0.010243,0.013136,-0.008369,0.007543,0.000178,0.016708,-0.004713,0.003411,0.005663,0.004036,-0.003996,0.008909,-0.006263,-0.017187,-0.003439,-0.003558,0.006588
0.006341,0.014886,-0.003355,0.012100,0.000146,0.010200,-0.000971,0.003014,0.004657,0.001249,0.000498,0.009089,-0.004060,-0.013458,0.000742,-0.003098,-0.000828
0.001112,0.013772,0.001748,0.015056,-0.000631,-0.000844,0.002074,0.001322,0.002646,-0.001203,0.003637,0.008392,-0.000593,-0.006670,0.004250,-0.003223,-0.009084
-0.003555,0.008838,0.006487,0.016159,-0.001347,-0.008476,0.004034,-0.001048,0.000206,-0.002044,0.005819,0.007039,0.003932,0.002089,0.005403,-0.002846,-0.017947
-0.007671,0.001299,0.008201,0.014498,-0.001756,-0.011783,0.004028,-0.003960,-0.002460,-0.001685,0.007486,0.005019,0.008577,0.011507,0.004150,-0.001170,-0.025037
-0.012317,-0.009575,0.008231,0.007495,-0.001993,-0.011020,0.003172,-0.006033,-0.004598,-0.000670,0.008001,0.003079,0.010748,0.018814,0.000181,0.000896,-0.028051
-0.018596,-0.022018,0.006941,-0.002645,-0.002477,-0.005681,0.003322,-0.006987,-0.005877,0.000064,0.007701,0.002086,0.010431,0.023973,-0.004582,0.003869,-0.028352
-0.025197,-0.032726,0.005442,-0.011459,-0.003194,0.001405,0.004861,-0.007328,-0.006823,-0.000091,0.006597,0.001429,0.007715,0.026606,-0.008853,0.006992,-0.026072
-0.028609,-0.037352,0.003736,-0.016955,-0.003422,0.009634,0.006270,-0.006760,-0.007401,-0.000805,0.005152,0.002174,0.004291,0.027382,-0.010352,0.008911,-0.023528
-0.027925,-0.035086,0.003620,-0.019680,-0.003135,0.017518,0.007551,-0.005153,-0.008103,-0.002204,0.002792,0.003557,0.000620,0.026384,-0.009601,0.009308,-0.020786
-0.023776,-0.027526,0.004872,-0.019305,-0.003181,0.021468,0.007985,-0.002834,-0.008996,-0.004261,0.000110,0.004972,-0.001318,0.024438,-0.007676,0.006893,-0.017625
-0.017203,-0.016505,0.006405,-0.015343,-0.003448,0.020219,0.007439,-0.000751,-0.010149,-0.006013,-0.002672,0.005694,-0.001130,0.021756,-0.004643,0.001746,-0.014175
-0.008543,-0.003975,0.008028,-0.006990,-0.003196,0.018713,0.005776,0.001111,-0.010997,-0.006737,-0.005776,0.005556,0.000857,0.018393,-0.001218,-0.004093,-0.010316
0.001643,0.010779,0.008102,0.003421,-0.002028,0.016905,0.002814,0.002303,-0.011088,-0.006393,-0.007535,0.003756,0.003466,0.013337,0.002164,-0.008666,-0.005942
0.010649,0.023397,0.006717,0.011147,0.000014,0.013560,-0.000542,0.002853,-0.010129,-0.005404,-0.007447,0.000196,0.004838,0.006456,0.003537,-0.012999,-0.000906
0.014583,0.029281,0.003516,0.015804,0.001328,0.008276,-0.002780,0.003154,-0.007927,-0.004437,-0.006029,-0.003889,0.005356,-0.001179,0.003794,-0.013811,0.002744
0.013943,0.028750,0.000151,0.018833,0.001814,0.001250,-0.002923,0.002888,-0.004542,-0.003855,-0.003963,-0.008281,0.004127,-0.009941,0.004012,-0.012538,0.005827
0.010590,0.024199,-0.003441,0.020940,0.002081,-0.007130,-0.002428,0.003496,-0.000406,-0.003840,-0.000846,-0.010868,0.001380,-0.017162,0.005138,-0.009374,0.007784
0.006930,0.017648,-0.005294,0.020143,0.001993,-0.014237,-0.001235,0.003894,0.002926,-0.004545,0.002780,-0.011482,-0.002007,-0.021724,0.006324,-0.004877,0.007372
0.003729,0.009025,-0.006269,0.016465,0.000745,-0.021144,-0.000633,0.004020,0.005588,-0.005926,0.006255,-0.009396,-0.003809,-0.023689,0.006358,-0.000149,0.005647
0.001356,-0.001452,-0.006729,0.011319,-0.001156,-0.026787,-0.000014,0.003468,0.006988,-0.004985,0.009179,-0.006746,-0.003772,-0.022490,0.004925,0.003709,0.002818
-0.000357,-0.013375,-0.006987,0.006339,-0.003408,-0.028917,0.000101,0.001743,0.006919,-0.001906,0.009655,-0.003396,-0.002522,-0.018433,0.003258,0.006699,0.000671
-0.000348,-0.020141,-0.006948,0.002966,-0.005219,-0.026943,-0.001124,-0.001044,0.006121,0.002685,0.008428,-0.000379,-0.001047,-0.013535,0.001546,0.009170,-0.000360
0.001058,-0.021404,-0.006658,-0.000351,-0.005733,-0.022700,-0.003063,-0.004337,0.004574,0.007111,0.007162,0.002133,-0.000483,-0.008115,-0.000959,0.009395,0.000062
0.001524,-0.021398,-0.006320,-0.003184,-0.005576,-0.017164,-0.005224,-0.007143,0.002582,0.010401,0.005181,0.003295,0.000301,-0.002898,-0.003182,0.009267,0.000802
0.001411,-0.020072,-0.005685,-0.005269,-0.004505,-0.010165,-0.006338,-0.009760,0.000550,0.012060,0.001761,0.003012,0.000591,0.000689,-0.004240,0.008008,0.002440
0.000678,-0.016258,-0.004387,-0.004779,-0.001991,-0.001873,-0.007610,-0.011298,-0.001023,0.010948,-0.001633,0.002275,-0.000255,0.002900,-0.004015,0.005959,0.005030
0.000980,-0.009336,-0.001491,-0.002803,0.001386,0.006535,-0.008403,-0.011314,-0.002246,0.006241,-0.003812,0.000921,-0.002006,0.003894,-0.002926,0.003599,0.007332
0.001867,-0.000036,0.002229,-0.000458,0.004250,0.012475,-0.008684,-0.009229,-0.002275,-0.001157,-0.004783,0.001484,-0.003586,0.003689,-0.001683,0.000420,0.009342
0.003082,0.009327,0.007021,0.002588,0.006904,0.014659,-0.007806,-0.004635,-0.001254,-0.005947,-0.003917,0.001847,-0.004474,0.002741,-0.001656,-0.003381,0.009906
0.002889,0.015820,0.011119,0.004053,0.008071,0.014287,-0.005790,0.000303,0.000021,-0.007394,-0.003244,0.002057,-0.004877,0.001273,-0.000991,-0.007399,0.009740
0.002006,0.020652,0.013626,0.004749,0.007667,0.011960,-0.003786,0.004438,0.001446,-0.005522,-0.003183,0.001609,-0.004647,-0.000473,-0.001099,-0.010041,0.008809
0.000647,0.022846,0.014115,0.003610,0.006041,0.006882,-0.001377,0.007647,0.002948,-0.001827,-0.001318,0.001456,-0.004023,-0.001860,-0.001632,-0.011811,0.007536
-0.001896,0.019556,0.012818,0.000460,0.003559,0.000130,0.001783,0.009778,0.003978,0.002711,0.001167,0.000812,-0.002542,-0.002949,-0.002300,-0.011241,0.005458
-0.004940,0.011339,0.009746,-0.005129,0.000795,-0.006577,0.006064,0.010384,0.004079,0.007036,0.002380,-0.000053,-0.000640,-0.003141,-0.002114,-0.008551,0.003242
-0.007928,0.000994,0.004992,-0.011378,-0.001446,-0.011365,0.008842,0.008097,0.003108,0.009008,0.001696,-0.001134,0.001086,-0.002191,-0.001577,-0.004647,0.001778
-0.008796,-0.008336,-0.000390,-0.016650,-0.002835,-0.012174,0.010070,0.003944,0.001570,0.007201,-0.000072,-0.002369,0.002511,-0.000287,-0.000672,0.000772,0.000897
-0.006457,-0.012348,-0.006238,-0.019347,-0.004117,-0.009048,0.009850,-0.000667,0.000196,0.002389,-0.002673,-0.002149,0.003286,0.002285,0.000591,0.005500,0.000046
-0.001260,-0.011205,-0.009461,-0.018480,-0.004152,-0.005374,0.008515,-0.003553,-0.000811,-0.002679,-0.004299,-0.000732,0.002904,0.004917,0.001295,0.007708,-0.001306
0.003007,-0.006254,-0.010704,-0.016352,-0.003539,-0.000472,0.006154,-0.004672,-0.001468,-0.006964,-0.004918,0.000583,0.001075,0.006514,0.002538,0.007214,-0.002291
0.006499,0.001216,-0.010665,-0.011310,-0.002317,0.004649,0.002536,-0.004673,-0.001931,-0.009568,-0.005025,0.001894,-0.001815,0.007011,0.003028,0.005142,-0.002815
0.008880,0.008142,-0.009690,-0.004189,-0.000892,0.009182,-0.001348,-0.003205,-0.001569,-0.010298,-0.003143,0.002979,-0.003378,0.006519,0.003067,0.000891,-0.002649
0.008805,0.012805,-0.008285,0.003800,0.000366,0.012660,-0.003729,-0.000949,-0.000873,-0.009206,0.000137,0.002855,-0.003757,0.004855,0.002501,-0.003135,-0.002479
0.006664,0.013506,-0.005998,0.011309,0.001494,0.013369,-0.003873,0.001403,0.000065,-0.006760,0.003437,0.002053,-0.002819,0.002563,0.001438,-0.005398,-0.002292
0.002572,0.009830,-0.004224,0.015357,0.002347,0.010534,-0.003044,0.002558,0.000689,-0.003954,0.005552,0.000700,-0.000930,0.000741,0.000234,-0.004719,-0.001410
-0.002281,0.003630,-0.002200,0.015612,0.002998,0.006627,-0.001465,0.002304,0.001241,-0.001751,0.006090,-0.000690,0.001892,-0.000353,-0.000913,-0.000796,0.000078
-0.004554,-0.001508,-0.001019,0.014255,0.002512,0.002462,0.000075,0.001075,0.001887,-0.000147,0.004802,-0.002393,0.004499,-0.000545,-0.001556,0.004499,0.001159
-0.003491,-0.004193,0.000504,0.011061,0.001471,-0.002473,0.001318,-0.000001,0.002268,0.000885,0.002675,-0.003413,0.006128,0.000133,-0.001752,0.008382,0.001346
-0.001442,-0.004749,0.002001,0.004233,0.000288,-0.006053,0.001618,-0.000342,0.002428,0.001363,0.000740,-0.004603,0.004963,0.001240,-0.001317,0.010507,0.000881
0.001437,-0.004021,0.004095,-0.002374,-0.000496,-0.007958,0.000751,-0.000548,0.002217,0.001913,-0.000754,-0.004389,0.001347,0.002347,-0.000963,0.010693,0.000008
0.004656,-0.003848,0.006321,-0.007108,-0.000914,-0.006539,-0.001077,-0.000194,0.001934,0.002598,-0.001706,-0.002886,-0.002227,0.002884,-0.000487,0.007983,-0.000598
0.006849,-0.003038,0.007404,-0.009429,-0.001085,-0.001556,-0.002757,0.000665,0.001304,0.002867,-0.002197,-0.001818,-0.005110,0.002587,0.000716,0.002964,-0.001013
0.008204,-0.002190,0.007191,-0.009003,-0.000853,0.004367,-0.004225,0.001322,0.000413,0.002736,-0.002521,-0.000553,-0.006296,0.002412,0.001992,-0.003300,-0.001298
0.008176,-0.003116,0.004379,-0.008213,-0.000404,0.009575,-0.005207,0.001615,-0.000632,0.002460,-0.002407,0.001171,-0.005903,0.002460,0.003425,-0.008227,-0.001150
0.005466,-0.005284,0.000713,-0.007901,0.000449,0.013869,-0.005552,0.001193,-0.001436,0.002085,-0.001838,0.003060,-0.003640,0.002496,0.004440,-0.011053,-0.000237
0.001962,-0.008213,-0.003470,-0.004987,0.001048,0.013775,-0.004994,0.000579,-0.001712,0.001250,-0.000932,0.004367,-0.000356,0.002480,0.005237,-0.011593,0.001054
-0.001852,-0.009744,-0.007684,-0.000832,0.001253,0.010813,-0.003602,0.000077,-0.001447,-0.000038,-0.000432,0.005088,0.003721,0.002088,0.006110,-0.010801,0.002296
-0.004654,-0.008841,-0.011615,0.002091,0.001401,0.005744,-0.001911,0.000260,-0.000696,-0.001631,-0.000443,0.004560,0.005430,0.001550,0.006989,-0.008434,0.002910
-0.006866,-0.006156,-0.012820,0.004059,0.001723,0.000297,0.000177,0.000721,0.000313,-0.001692,-0.000800,0.003882,0.005307,0.000701,0.005729,-0.004742,0.002738
-0.007943,-0.003750,-0.011144,0.005542,0.002196,-0.004001,0.002419,0.001327,0.001487,-0.000408,-0.001306,0.003267,0.003167,-0.000899,0.002747,-0.000337,0.002250
-0.008331,-0.000456,-0.007330,0.005997,0.002642,-0.005666,0.004665,0.001949,0.002659,0.000931,-0.001961,0.001966,-0.000462,-0.003503,-0.000843,0.003923,0.001502
-0.006622,0.003857,-0.002417,0.004814,0.002721,-0.004421,0.005860,0.002085,0.003249,0.001764,-0.002789,0.000773,-0.003753,-0.005094,-0.003404,0.007798,0.000424
-0.002906,0.007067,0.001474,0.002343,0.002372,-0.001030,0.006059,0.002113,0.003142,0.002175,-0.003200,0.000037,-0.006446,-0.005498,-0.004652,0.010364,-0.001144
0.000619,0.008405,0.004328,-0.001170,0.001705,0.002466,0.004852,0.001590,0.002371,0.002302,-0.002561,-0.000695,-0.007347,-0.004700,-0.005049,0.011061,-0.002476
0.003339,0.007395,0.006271,-0.002400,0.000693,0.002430,0.003228,0.000667,0.001062,0.002009,-0.000639,-0.001425,-0.006235,-0.002924,-0.005005,0.009776,-0.003170
0.004588,0.004468,0.007077,-0.001567,-0.000587,0.002345,0.001278,-0.001922,-0.000602,0.001425,0.002276,-0.002056,-0.003020,0.000361,-0.006191,0.007044,-0.003159
0.005826,0.001707,0.006485,0.001610,-0.001559,0.000223,-0.000730,-0.004544,-0.002214,0.000159,0.005174,-0.002574,-0.000047,0.004104,-0.007082,0.003990,-0.002789
0.005931,-0.000528,0.005588,0.005925,-0.001623,-0.001767,-0.002169,-0.006037,-0.003006,0.000043,0.007394,-0.002144,0.002842,0.007130,-0.009567,0.001057,-0.002203
0.005514,-0.001847,0.004073,0.009789,-0.000803,-0.003840,-0.002709,-0.006196,-0.002873,0.001006,0.008748,-0.001192,0.005214,0.008813,-0.012961,-0.002119,-0.001458
0.004046,-0.001013,0.002132,0.011677,0.000484,-0.004898,-0.002327,-0.005308,-0.002065,0.002303,0.008732,0.000268,0.005736,0.008623,-0.016253,-0.005095,-0.000588
0.002743,0.001917,0.000163,0.010213,0.001827,-0.005891,-0.001431,-0.003488,-0.000804,0.002804,0.007208,0.002222,0.005190,0.006975,-0.017099,-0.005972,0.000232
0.001877,0.003886,-0.002334,0.005283,0.003038,-0.005475,-0.000146,-0.000311,0.000640,0.002378,0.003985,0.003975,0.002793,0.004091,-0.014377,-0.005018,0.000399
0.000758,0.004325,-0.004971,-0.001000,0.003815,-0.006305,0.000754,0.003752,0.001985,0.001246,0.000326,0.005010,0.000183,0.000026,-0.007466,-0.002934,0.000179
-0.000889,0.003547,-0.006966,-0.006848,0.003692,-0.009163,0.000919,0.008259,0.002758,-0.000722,-0.003562,0.004203,-0.001898,-0.005098,0.002825,-0.000773,0.000281
-0.002815,0.000480,-0.007721,-0.011160,0.002672,-0.011441,0.000424,0.009346,0.002398,-0.002268,-0.005646,0.002043,-0.002334,-0.007585,0.010752,0.001225,0.000731
-0.004322,-0.003157,-0.006919,-0.012881,0.000968,-0.013847,-0.000476,0.007486,0.001000,-0.003665,-0.006023,-0.001157,-0.002197,-0.007706,0.016600,0.002744,0.001204
-0.005208,-0.007120,-0.004618,-0.010324,-0.000436,-0.013625,-0.001513,0.004553,0.000041,-0.004726,-0.004970,-0.004067,-0.001743,-0.006797,0.019255,0.003789,0.001402
-0.005195,-0.009009,-0.001620,-0.005648,-0.001430,-0.008757,-0.002172,0.000951,-0.000267,-0.005237,-0.002993,-0.006551,0.000482,-0.005227,0.018319,0.002811,0.001161
-0.004632,-0.007377,0.000918,0.000678,-0.002055,0.000666,-0.002349,-0.003006,-0.000634,-0.004964,-0.000895,-0.007415,0.003459,-0.003057,0.014241,0.000058,0.000654
-0.003302,-0.002026,0.003173,0.007308,-0.002222,0.009113,-0.001562,-0.005887,-0.000852,-0.004414,0.001249,-0.006406,0.006781,-0.001221,0.008371,-0.003014,0.000025
-0.001517,0.002539,0.004472,0.011323,-0.001801,0.016998,0.000340,-0.007043,-0.000710,-0.003432,0.001839,-0.004063,0.008081,-0.000195,0.002519,-0.004568,-0.000841
0.000393,0.005800,0.005100,0.014384,-0.000564,0.022852,0.002556,-0.006111,-0.000151,-0.001426,0.001842,-0.001048,0.007456,-0.000690,-0.001123,-0.004408,-0.001898
0.002468,0.008654,0.005296,0.015511,0.000635,0.026052,0.003574,-0.002867,0.000346,0.000600,0.000596,0.000396,0.005109,-0.002905,-0.001541,-0.002534,-0.002370
0.003924,0.010158,0.005208,0.014354,0.001356,0.024960,0.003779,0.000003,0.000367,0.003008,-0.000754,0.000866,0.002823,-0.003998,-0.001071,0.000518,-0.002162
0.004643,0.010194,0.004083,0.009494,0.001312,0.019796,0.003199,0.001919,-0.000150,0.005341,-0.002060,0.000121,-0.000230,-0.003628,-0.000349,0.003125,-0.001601
0.004902,0.009679,0.002085,0.002685,0.000555,0.011787,0.001989,0.003487,-0.000455,0.005715,-0.002831,-0.001321,-0.004908,-0.002390,0.001033,0.005140,-0.001092
0.005069,0.008871,0.000834,-0.005828,-0.000777,0.005130,0.000722,0.004253,-0.000665,0.004321,-0.003274,-0.003322,-0.008935,-0.000585,0.002335,0.005457,-0.000724
0.004495,0.008005,-0.000184,-0.013520,-0.002297,0.001054,-0.000510,0.004118,-0.000974,0.002059,-0.003469,-0.004123,-0.011485,0.001720,0.003049,0.004123,-0.000441
0.002444,0.007068,-0.000920,-0.019142,-0.003696,-0.002330,-0.001552,0.003730,-0.001127,-0.000946,-0.002533,-0.003201,-0.011826,0.003399,0.003111,0.001184,-0.000009
-0.000682,0.004181,-0.001813,-0.023317,-0.004479,-0.004562,-0.001796,0.003098,-0.000838,-0.003523,-0.001354,-0.000444,-0.010863,0.004116,0.002851,-0.001139,0.000730
-0.003635,-0.000521,-0.002308,-0.024439,-0.004313,-0.007142,-0.001541,0.002351,-0.000298,-0.004540,0.000989,0.003243,-0.008947,0.003421,0.002679,-0.002711,0.001705
-0.004973,-0.004913,-0.001471,-0.022299,-0.003543,-0.010165,-0.001120,0.001657,0.000034,-0.004099,0.003676,0.006296,-0.006080,0.001820,0.002936,-0.002949,0.002850
-0.005196,-0.008414,0.000812,-0.017024,-0.002741,-0.013814,-0.000143,0.000569,0.000003,-0.002702,0.006061,0.008595,-0.001694,0.000383,0.003182,-0.002713,0.003959
-0.004228,-0.011495,0.002787,-0.009752,-0.001807,-0.016899,0.001021,-0.000578,-0.000096,-0.000416,0.007505,0.009478,0.002646,-0.000738,0.002575,-0.002566,0.004476
-0.002432,-0.012078,0.003883,-0.002270,-0.001301,-0.019297,0.002256,-0.001510,-0.000030,0.000661,0.007759,0.008485,0.004801,-0.001179,0.001511,-0.002302,0.004194
0.001039,-0.010989,0.004698,0.004744,-0.001119,-0.019915,0.003492,-0.001984,-0.000305,0.000115,0.006527,0.005394,0.006444,-0.001012,0.000201,-0.001837,0.003042
0.005285,-0.008586,0.005731,0.011017,-0.001314,-0.016043,0.004530,-0.001798,-0.000702,-0.000754,0.003265,0.001827,0.007283,-0.000110,-0.000800,-0.000817,0.001254
0.007732,-0.006200,0.005779,0.016199,-0.001436,-0.007363,0.004584,-0.001094,-0.001356,-0.002350,-0.001395,-0.001391,0.007341,0.000711,-0.000704,-0.000172,-0.000790
0.007723,-0.004278,0.004486,0.018721,-0.001125,0.004511,0.003609,-0.000599,-0.001738,-0.003858,-0.007036,-0.003756,0.006399,0.001270,0.000499,0.001825,-0.002491
0.005301,-0.003962,0.001951,0.016485,-0.000588,0.014282,0.001230,-0.000795,-0.002249,-0.004556,-0.011385,-0.005213,0.004803,0.000965,0.001512,0.003874,-0.003523
0.001539,-0.004003,-0.000346,0.010265,-0.000814,0.019472,-0.001626,-0.002039,-0.002866,-0.004335,-0.013118,-0.005518,0.003106,-0.000222,0.002797,0.005759,-0.003416
-0.002393,-0.003183,-0.001477,0.001353,-0.001777,0.020230,-0.004014,-0.004135,-0.003746,-0.004231,-0.012041,-0.005193,0.001741,-0.003132,0.003506,0.005685,-0.002301
-0.005619,-0.001266,-0.001003,-0.006506,-0.003082,0.015684,-0.005733,-0.006530,-0.004948,-0.003816,-0.007878,-0.004680,0.000131,-0.006829,0.003699,0.004148,-0.000576
-0.007965,0.002499,0.000920,-0.012126,-0.004286,0.006527,-0.006495,-0.008689,-0.005862,-0.003355,-0.002007,-0.004426,-0.002622,-0.010335,0.002520,0.001927,0.001758
-0.008114,0.006739,0.002990,-0.013346,-0.004725,-0.006162,-0.006199,-0.009503,-0.006192,-0.002986,0.004958,-0.005019,-0.003806,-0.013024,-0.000627,-0.000314,0.003759
-0.005953,0.011018,0.004662,-0.010595,-0.004648,-0.015546,-0.004838,-0.008429,-0.005510,-0.001423,0.010827,-0.006293,-0.003803,-0.014383,-0.004460,-0.001278,0.005176
-0.003378,0.014565,0.004225,-0.005634,-0.003302,-0.016647,-0.002975,-0.005417,-0.004870,-0.000164,0.013609,-0.007667,-0.003643,-0.013923,-0.006821,-0.001127,0.006100
-0.000938,0.016501,0.001604,-0.001072,-0.000549,-0.011123,-0.000860,-0.001549,-0.003600,0.000855,0.012322,-0.008576,-0.003722,-0.011065,-0.007783,0.000728,0.007174
0.000180,0.014283,-0.003283,0.000473,0.003496,-0.002366,0.000861,0.002521,-0.002424,0.002995,0.007514,-0.008296,-0.003532,-0.006060,-0.009103,0.002293,0.008958
0.000009,0.008195,-0.008098,-0.000359,0.007141,0.007631,0.002398,0.005626,-0.000838,0.005515,0.001455,-0.006384,-0.003099,-0.000035,-0.010888,0.002628,0.013107
0.000084,0.000339,-0.011498,-0.004063,0.010574,0.017747,0.003725,0.007415,0.001392,0.006968,-0.004043,-0.003573,-0.002516,0.003624,-0.012530,0.000577,0.017586
0.000519,-0.006119,-0.012175,-0.008353,0.012687,0.023999,0.004658,0.006890,0.003225,0.007099,-0.007296,-0.000351,-0.001703,0.005532,-0.012375,-0.002761,0.020653
0.001157,-0.010261,-0.009638,-0.012433,0.012436,0.024028,0.004633,0.004373,0.004042,0.006862,-0.008717,0.003258,-0.001094,0.007428,-0.010630,-0.005451,0.020479
0.001329,-0.012889,-0.004798,-0.012668,0.010409,0.016796,0.003935,0.001184,0.004500,0.006814,-0.007646,0.006525,0.000163,0.009074,-0.009272,-0.006687,0.016046
0.001265,-0.013529,0.000046,-0.008563,0.006778,0.005151,0.002767,-0.002347,0.005795,0.007511,-0.003379,0.008264,0.001740,0.009327,-0.007818,-0.005649,0.007090
-0.000076,-0.012405,0.002343,-0.002924,0.002230,-0.004817,0.000709,-0.005500,0.006671,0.007387,0.002485,0.009016,0.001882,0.008767,-0.005138,-0.000560,-0.005546
-0.002496,-0.009528,0.001628,0.001548,-0.003071,-0.012751,-0.001964,-0.008046,0.007476,0.005704,0.008173,0.008806,0.000274,0.008556,-0.001912,0.006892,-0.019562
-0.005620,-0.006621,-0.002716,0.004710,-0.008104,-0.018533,-0.005114,-0.009110,0.007498,0.004474,0.011686,0.008187,-0.002111,0.009132,0.000705,0.013187,-0.031522
-0.008556,-0.004167,-0.008271,0.007829,-0.011886,-0.021211,-0.007925,-0.008051,0.007092,0.003321,0.012608,0.007230,-0.004775,0.009678,0.001209,0.015391,-0.036093
-0.009133,-0.002690,-0.013368,0.010165,-0.012973,-0.020651,-0.009569,-0.004613,0.006664,0.001627,0.011473,0.005770,-0.007133,0.008132,0.000670,0.012795,-0.033704
-0.006977,0.000599,-0.016523,0.013244,-0.011566,-0.019430,-0.009573,-0.000888,0.006060,-0.001135,0.008636,0.003953,-0.007721,0.004543,0.000446,0.005543,-0.025543
-0.001091,0.005248,-0.016092,0.015349,-0.009672,-0.017533,-0.008797,0.002502,0.003760,-0.003637,0.002652,0.002286,-0.006180,0.002234,0.001161,-0.003616,-0.015519
0.005470,0.009371,-0.011677,0.017613,-0.007046,-0.014467,-0.006728,0.005832,0.000157,-0.005207,-0.005840,0.000366,-0.003365,0.001289,0.002027,-0.012688,-0.005475
0.011384,0.012664,-0.004988,0.019719,-0.003736,-0.011550,-0.003217,0.007835,-0.002782,-0.005955,-0.012915,-0.002406,0.000673,0.000146,0.003339,-0.020418,0.002896
0.015278,0.013404,0.001501,0.020311,-0.000236,-0.008532,0.000802,0.008448,-0.005190,-0.005793,-0.016486,-0.004052,0.005063,-0.000722,0.005797,-0.022521,0.007880
0.016351,0.012624,0.007027,0.017870,0.002247,-0.005505,0.004613,0.007717,-0.006535,-0.005715,-0.016574,-0.004586,0.008527,-0.000706,0.008573,-0.019084,0.008999
0.014553,0.010417,0.010383,0.014136,0.003741,-0.002052,0.007163,0.005976,-0.006697,-0.004932,-0.013763,-0.003951,0.010518,0.000096,0.010910,-0.012417,0.007236
0.009968,0.007780,0.011781,0.009909,0.004779,0.002979,0.007663,0.004220,-0.005489,-0.003596,-0.008023,-0.002230,0.010897,0.001232,0.012487,-0.003737,0.004793
0.003555,0.003719,0.011354,0.004482,0.005382,0.009305,0.006719,0.003225,-0.003564,-0.002054,-0.000782,-0.000234,0.009648,0.002161,0.013404,0.005436,0.002509
-0.003763,-0.000007,0.009762,0.000634,0.005646,0.012283,0.004968,0.002519,-0.000856,-0.000837,0.006984,0.001797,0.008053,0.002040,0.013355,0.012443,0.001254
-0.008562,-0.002136,0.008235,-0.002266,0.005088,0.012700,0.002427,0.002066,0.001480,0.000197,0.012009,0.003637,0.006408,0.001764,0.011963,0.016833,0.000276
-0.009696,-0.004287,0.006879,-0.006666,0.004638,0.013495,0.000968,0.001902,0.003201,0.001222,0.011351,0.003806,0.002557,0.000165,0.007975,0.016035,0.000331
-0.009249,-0.005015,0.005805,-0.009282,0.003983,0.013388,0.000018,0.001590,0.004134,0.001622,0.008672,0.002695,-0.000780,-0.001447,0.003931,0.012644,0.000663
-0.007519,-0.005521,0.004562,-0.010424,0.003308,0.011737,-0.000248,0.001209,0.004193,0.001831,0.005363,0.001409,-0.002860,-0.002731,0.000766,0.008524,0.001017
-0.004963,-0.005453,0.003348,-0.010934,0.002429,0.008678,0.000184,0.000885,0.003633,0.001644,0.001838,0.000175,-0.003888,-0.003530,-0.001576,0.004385,0.001292
-0.002054,-0.004943,0.002191,-0.010106,0.001721,0.005107,0.000991,0.000558,0.002800,0.001274,-0.001462,-0.000839,-0.004200,-0.003954,-0.003409,0.000202,0.001654
0.000441,-0.003599,0.001200,-0.008113,0.001366,0.002616,0.001425,0.000280,0.002088,0.000862,-0.003118,-0.001177,-0.003867,-0.003831,-0.003989,-0.002318,0.001704
0.001754,-0.002250,0.000384,-0.005972,0.001045,0.002056,0.001410,0.000051,0.001280,0.000475,-0.003330,-0.001126,-0.003176,-0.002978,-0.003303,-0.002858,0.001377
0.001289,-0.001251,-0.000092,-0.003125,0.000551,0.001187,0.000928,-0.000063,0.000552,0.000224,-0.001958,-0.000717,-0.001833,-0.001562,-0.001771,-0.002009,0.000760
