AU01,AU02,AU04,AU05,AU06,AU07,AU09,AU10,AU12,AU14,AU15,AU17,AU20,AU23,AU25,AU26,AU45
0.007917,0.002803,0.001256,0.001192,0.002158,-0.001803,0.001858,0.003624,0.001484,-0.002586,-0.004564,-0.002371,0.005489,0.004696,0.002222,-0.003724,-0.000722
0.010764,0.004721,-0.000702,0.003616,0.003873,0.000043,0.000729,0.004348,0.004099,-0.005690,-0.006321,-0.004394,0.008652,0.014254,0.004786,-0.003315,-0.002142
0.013664,0.006597,-0.004522,0.006089,0.006138,0.003759,-0.002046,0.004241,0.008125,-0.009568,-0.005276,-0.006691,0.009954,0.023894,0.009478,-0.003692,-0.004367
0.015630,0.008020,-0.009594,0.008501,0.008589,0.009348,-0.004659,0.004090,0.012893,-0.013477,-0.002485,-0.009269,0.008662,0.030426,0.015809,-0.004690,-0.006209
0.015705,0.009012,-0.014366,0.010488,0.011123,0.014664,-0.006202,0.003971,0.018004,-0.016599,0.001270,-0.011407,0.005813,0.032879,0.024589,-0.004523,-0.007561
0.013681,0.008203,-0.018246,0.011859,0.013256,0.018986,-0.006574,0.003362,0.022204,-0.017777,0.005381,-0.012612,0.001578,0.030066,0.034566,-0.002979,-0.008297
0.012215,0.005782,-0.019447,0.012460,0.015022,0.022074,-0.005557,0.003002,0.025032,-0.015501,0.010614,-0.012734,-0.003225,0.020430,0.043536,-0.000241,-0.008966
0.009057,0.001216,-0.018446,0.012615,0.015414,0.021687,-0.003171,0.002188,0.025295,-0.011744,0.012615,-0.012396,-0.007236,0.007002,0.048303,0.002752,-0.008918
0.003468,-0.004136,-0.015527,0.011297,0.014162,0.019722,0.000092,0.000467,0.022543,-0.006610,0.010383,-0.012381,-0.008446,-0.004572,0.047816,0.003293,-0.008349
-0.005337,-0.010600,-0.011424,0.008977,0.010961,0.014303,0.003608,-0.000836,0.016682,-0.000639,0.003820,-0.012295,-0.006337,-0.011075,0.040196,0.002945,-0.007283
-0.012034,-0.014574,-0.006310,0.007259,0.007134,0.004645,0.006258,-0.002256,0.009393,0.004741,-0.003853,-0.011292,-0.001188,-0.010295,0.024972,0.003133,-0.005837
-0.015493,-0.017248,-0.001739,0.004979,0.003246,-0.006119,0.006264,-0.004156,0.002076,0.008993,-0.007772,-0.009161,0.004474,-0.004056,0.005370,0.000250,-0.004448
-0.016477,-0.017809,0.001210,0.003309,-0.000357,-0.015299,0.004590,-0.004532,-0.004366,0.011337,-0.007792,-0.006657,0.008553,0.002674,-0.016108,-0.004843,-0.002771
-0.015500,-0.015525,0.004122,0.001145,-0.003213,-0.022735,0.002568,-0.003231,-0.008714,0.011355,-0.005620,-0.003348,0.010718,0.008958,-0.033713,-0.008681,-0.000742
-0.012427,-0.012067,0.006222,-0.001420,-0.005018,-0.027300,0.000754,-0.000992,-0.011213,0.010624,-0.001709,0.001585,0.010272,0.012277,-0.044301,-0.010476,0.001355
-0.007325,-0.007166,0.007901,-0.003851,-0.004665,-0.025839,-0.001115,0.001565,-0.011467,0.009418,0.004363,0.007380,0.006798,0.012230,-0.046771,-0.007961,0.002253
-0.002641,-0.002126,0.009129,-0.005116,-0.003725,-0.019909,-0.002462,0.003150,-0.010348,0.008578,0.009092,0.012733,0.001767,0.009307,-0.041781,-0.002789,0.002323
-0.000213,0.002602,0.009344,-0.005986,-0.002840,-0.009231,-0.003685,0.002787,-0.008055,0.008598,0.010716,0.015395,-0.002941,0.006040,-0.031892,0.002308,0.001634
-0.001838,0.005396,0.008082,-0.006828,-0.002920,0.001094,-0.004390,0.001567,-0.006105,0.009474,0.007829,0.015393,-0.006427,0.003908,-0.020338,0.008096,0.000775
-0.005195,0.006818,0.006094,-0.006738,-0.003482,0.006732,-0.004575,-0.001048,-0.005468,0.009818,0.001395,0.014334,-0.008317,0.003805,-0.010345,0.013285,0.000271
-0.008603,0.004324,0.004491,-0.006554,-0.003704,0.008733,-0.004592,-0.004512,-0.005561,0.010044,-0.006043,0.012476,-0.008408,0.006165,-0.003381,0.015747,0.000676
-0.011818,-0.000472,0.003166,-0.004325,-0.003423,0.008858,-0.004714,-0.006628,-0.006124,0.009334,-0.012009,0.010548,-0.006459,0.007846,-0.000308,0.015492,0.001433
-0.014046,-0.006242,0.003482,-0.001272,-0.003490,0.007655,-0.004962,-0.007141,-0.006191,0.006948,-0.016863,0.007744,-0.003540,0.008841,0.002142,0.014372,0.003061
-0.017126,-0.012392,0.001998,0.001897,-0.004212,0.006249,-0.006387,-0.007256,-0.005556,0.003952,-0.019725,0.005868,0.000438,0.010179,0.004157,0.012502,0.005536
-0.019954,-0.015737,-0.000627,0.004393,-0.003843,0.006157,-0.008645,-0.007226,-0.004624,-0.001874,-0.019238,0.004884,0.003114,0.011947,0.006782,0.011148,0.007912
-0.021797,-0.015179,-0.003443,0.006423,-0.003411,0.005938,-0.010386,-0.007184,-0.003286,-0.007651,-0.016346,0.004370,0.004846,0.013155,0.010095,0.009389,0.009378
-0.022165,-0.010335,-0.006909,0.007246,-0.003566,0.006851,-0.011946,-0.007135,-0.001572,-0.012700,-0.011299,0.003160,0.005746,0.013333,0.011884,0.006651,0.009329
-0.020245,-0.002288,-0.011127,0.006523,-0.004597,0.005532,-0.012515,-0.006721,0.000197,-0.016442,-0.004238,0.000685,0.005869,0.012382,0.012116,0.005673,0.008079
-0.015465,0.006587,-0.015375,0.004705,-0.005735,0.001670,-0.011598,-0.005898,0.000803,-0.018897,0.002741,-0.001458,0.004137,0.010744,0.010596,0.005198,0.005711
-0.008226,0.012942,-0.017208,0.001500,-0.005832,-0.004965,-0.008922,-0.004230,0.000682,-0.018892,0.008017,-0.003320,0.000898,0.008376,0.006831,0.005106,0.002554
0.001373,0.016073,-0.014030,-0.001745,-0.004649,-0.009769,-0.004912,-0.000608,-0.000376,-0.016184,0.011747,-0.002439,-0.002131,0.004788,0.000719,0.004538,-0.002024
0.013175,0.015954,-0.005982,-0.003800,-0.003027,-0.012396,0.000284,0.004863,-0.001430,-0.009830,0.013021,-0.000437,-0.004799,-0.001061,-0.003129,0.003991,-0.006785
0.020526,0.012566,0.001292,-0.004121,-0.001961,-0.011652,0.003896,0.008991,-0.002367,-0.000237,0.011980,0.003564,-0.005207,-0.005567,-0.005015,0.004103,-0.009909
0.023007,0.007496,0.006764,-0.003937,-0.000981,-0.007790,0.005495,0.010928,-0.003761,0.007793,0.008940,0.008202,-0.004904,-0.007592,-0.004828,0.004219,-0.011971
0.020149,0.001461,0.010521,-0.002959,-0.000324,-0.004408,0.005767,0.010988,-0.004752,0.014058,0.004197,0.012278,-0.003101,-0.008231,-0.003288,0.002080,-0.013208
0.013504,-0.003791,0.011921,-0.002078,-0.000497,-0.001111,0.004751,0.009463,-0.005744,0.017593,-0.001185,0.013911,0.000040,-0.008134,-0.002758,-0.002399,-0.013560
0.006447,-0.005814,0.011107,-0.001814,-0.001298,0.000379,0.002745,0.006014,-0.006393,0.016932,-0.004849,0.012119,0.004020,-0.007984,-0.002689,-0.005601,-0.012226
0.001038,-0.005445,0.008189,-0.002582,-0.002169,0.002354,0.000976,0.001679,-0.006898,0.012098,-0.006410,0.007613,0.005912,-0.008195,-0.003165,-0.007226,-0.009147
-0.001957,-0.003114,0.004519,-0.004420,-0.001589,0.002849,0.001431,-0.002303,-0.006918,0.003452,-0.005439,0.000143,0.006586,-0.009018,-0.005806,-0.007377,-0.004394
-0.002355,0.000149,0.003175,-0.006840,-0.000073,0.005489,0.003922,-0.004305,-0.006353,-0.006488,-0.002850,-0.007484,0.006958,-0.009163,-0.009844,-0.006794,0.000058
0.001046,0.004398,0.003664,-0.008606,0.002036,0.008990,0.008112,-0.003989,-0.004968,-0.014221,0.000025,-0.014017,0.006775,-0.009018,-0.012116,-0.005436,0.004820
0.005775,0.008731,0.003781,-0.007110,0.003843,0.013833,0.012426,-0.003165,-0.003227,-0.018733,0.002920,-0.016736,0.006817,-0.007329,-0.011602,-0.002532,0.009803
0.011078,0.012117,0.002831,-0.004113,0.004739,0.018490,0.015641,-0.002275,-0.001688,-0.021013,0.004952,-0.015936,0.006309,-0.003904,-0.008557,0.001122,0.012758
0.013601,0.011815,0.001534,0.000658,0.004763,0.017865,0.016265,0.000163,-0.000130,-0.020410,0.005372,-0.011357,0.005410,0.000315,-0.003180,0.003177,0.012716
0.013594,0.007729,-0.000154,0.006312,0.003626,0.012721,0.014247,0.003031,0.001028,-0.016526,0.003667,-0.005931,0.003850,0.004796,0.002523,0.003066,0.009491
0.012736,0.003604,-0.001002,0.012029,0.001499,0.003506,0.008617,0.004992,0.001450,-0.010656,0.000379,-0.000672,0.000809,0.008546,0.008342,0.002214,0.004817
0.010668,-0.002284,-0.001714,0.016161,-0.001780,-0.007394,0.000189,0.005303,0.001133,-0.003187,-0.003788,0.003772,-0.006792,0.010617,0.013161,0.000708,-0.000181
0.007366,-0.009506,-0.001895,0.016206,-0.003804,-0.017923,-0.008204,0.004131,0.000396,0.003045,-0.006413,0.005411,-0.015415,0.009515,0.013293,-0.001080,-0.004247
0.001248,-0.017009,-0.001338,0.012129,-0.005121,-0.026361,-0.013594,0.001702,-0.000371,0.009104,-0.009347,0.003848,-0.022577,0.006039,0.009239,-0.003791,-0.007633
-0.007150,-0.022841,-0.000237,0.004140,-0.005368,-0.031469,-0.015836,-0.002687,-0.001353,0.015020,-0.012027,-0.000179,-0.026635,0.002014,0.002705,-0.005844,-0.007882
-0.015776,-0.025789,-0.000090,-0.003722,-0.005315,-0.030162,-0.014439,-0.008832,-0.002694,0.019099,-0.013387,-0.004565,-0.026255,-0.002147,-0.003677,-0.006958,-0.005138
-0.022578,-0.025022,-0.000614,-0.011770,-0.005225,-0.022620,-0.009898,-0.015932,-0.003994,0.019813,-0.011739,-0.008231,-0.021400,-0.006506,-0.009018,-0.006731,-0.000520
-0.027460,-0.020233,-0.000608,-0.017499,-0.005060,-0.015133,-0.005425,-0.020025,-0.004560,0.017284,-0.007177,-0.009630,-0.012751,-0.009859,-0.011438,-0.004953,0.004306
-0.027947,-0.011920,0.001270,-0.020547,-0.004022,-0.006335,-0.001385,-0.020375,-0.003763,0.012507,-0.000596,-0.009653,-0.001221,-0.011479,-0.011712,-0.001736,0.007711
-0.022996,0.001313,0.004870,-0.018532,-0.002292,0.002817,0.001072,-0.016572,-0.002007,0.006385,0.006266,-0.008065,0.012058,-0.011180,-0.009399,0.002284,0.009713
-0.013540,0.014955,0.007845,-0.011289,-0.000640,0.011281,0.001845,-0.009370,0.000341,0.001055,0.011959,-0.004658,0.020731,-0.009127,-0.005109,0.005409,0.010303
-0.000855,0.025600,0.009992,-0.002736,0.001569,0.019762,0.000312,0.000614,0.003270,-0.004066,0.017150,-0.000497,0.024716,-0.007086,-0.001175,0.007907,0.009340
0.011850,0.031737,0.010830,0.005370,0.003339,0.024435,-0.001366,0.010790,0.006389,-0.007029,0.017749,0.003072,0.024507,-0.005383,0.000841,0.007783,0.006382
0.021306,0.032256,0.011268,0.011718,0.005158,0.023965,-0.002857,0.017944,0.008677,-0.007258,0.014777,0.006053,0.021744,-0.003300,0.001384,0.007438,0.002920
0.026333,0.027125,0.009343,0.016584,0.005798,0.020600,-0.003152,0.020720,0.008971,-0.006386,0.008343,0.007108,0.017400,-0.001249,0.002171,0.006154,-0.000347
0.026447,0.016471,0.005623,0.016531,0.005387,0.017330,-0.000876,0.018604,0.007166,-0.004864,0.001764,0.006631,0.012467,-0.000300,0.003061,0.004334,-0.002440
0.022404,0.005872,0.000672,0.013598,0.003417,0.011409,0.001458,0.013979,0.003969,-0.003790,-0.004085,0.004945,0.006205,-0.000105,0.004474,0.002525,-0.003965
0.015119,-0.004865,-0.002410,0.006998,0.001326,0.005032,0.003390,0.008875,0.000772,-0.003335,-0.007526,0.002620,-0.000143,-0.000269,0.004445,0.001509,-0.004840
0.006846,-0.012082,-0.003320,-0.000861,-0.001039,-0.000777,0.004414,0.004279,-0.001954,-0.002995,-0.008735,0.000763,-0.003658,-0.000317,0.003212,0.001583,-0.005046
-0.001225,-0.016186,-0.004164,-0.006352,-0.003164,-0.005020,0.005240,0.000695,-0.004006,-0.001939,-0.007764,-0.000326,-0.006230,0.000232,0.001659,0.001551,-0.004182
-0.007376,-0.016497,-0.006494,-0.010721,-0.004824,-0.005325,0.004780,-0.001337,-0.004976,-0.000137,-0.004383,-0.000315,-0.008570,0.000141,0.000352,0.001759,-0.002828
-0.010768,-0.014604,-0.009405,-0.012703,-0.006184,-0.003435,0.003456,-0.002406,-0.004882,0.002285,-0.001678,0.000721,-0.010369,-0.000081,-0.001879,0.000840,-0.001519
-0.011919,-0.011393,-0.011569,-0.011181,-0.006467,-0.002249,0.001192,-0.003913,-0.004184,0.005155,0.001308,0.003671,-0.010696,0.000141,-0.004191,0.000767,-0.000553
-0.011384,-0.007849,-0.012792,-0.006126,-0.006062,-0.002902,-0.001653,-0.006276,-0.003348,0.006363,0.002600,0.006198,-0.009650,0.000207,-0.005097,0.000977,0.000324
-0.009882,-0.006236,-0.012286,-0.000996,-0.004221,-0.001276,-0.002805,-0.008629,-0.002605,0.006988,0.003245,0.007627,-0.005652,0.000140,-0.004468,0.000862,0.002030
-0.006874,-0.002978,-0.010496,0.004194,-0.001524,0.001354,-0.002711,-0.009715,-0.002008,0.006293,0.002118,0.007113,-0.001542,-0.000598,-0.002634,-0.000525,0.003220
-0.004657,-0.001979,-0.007004,0.008678,0.001968,0.002919,-0.001744,-0.008744,-0.001123,0.004636,0.000939,0.004344,0.001789,-0.001527,-0.001409,-0.002576,0.004017
-0.002311,-0.001109,-0.000208,0.010474,0.004659,0.002510,-0.000852,-0.005771,0.000019,0.002632,-0.000111,0.001618,0.004688,-0.002166,-0.001604,-0.002464,0.004222
-0.001281,-0.001039,0.007681,0.011397,0.006062,-0.000438,-0.000145,-0.001554,0.001191,0.000533,-0.000317,-0.001013,0.007285,-0.001530,-0.001929,-0.000877,0.004217
-0.000901,0.001507,0.012817,0.008910,0.005968,-0.003778,0.000060,0.002644,0.002650,-0.000454,0.000810,-0.002930,0.008525,-0.000828,-0.001871,0.001737,0.003872
-0.000568,0.004208,0.014759,0.005111,0.004472,-0.006593,-0.000095,0.005992,0.003910,-0.001067,0.002314,-0.003618,0.008709,0.000254,-0.001808,0.004401,0.003221
-0.000088,0.006669,0.013487,0.001110,0.001902,-0.008044,-0.000633,0.007145,0.004335,-0.001356,0.004739,-0.001835,0.007734,0.001984,-0.001823,0.007163,0.001701
0.000491,0.008436,0.009663,-0.002412,-0.001416,-0.009664,-0.001719,0.005420,0.003763,-0.002459,0.006608,0.001072,0.005739,0.004200,-0.001161,0.010094,-0.000350
0.001407,0.008802,0.004563,-0.004853,-0.004439,-0.007351,-0.002303,0.002589,0.002360,-0.003829,0.007270,0.004245,0.004419,0.006753,-0.000095,0.011972,-0.001821
0.003042,0.008722,-0.000862,-0.005962,-0.006494,-0.001746,-0.002372,-0.000370,0.000343,-0.005963,0.005908,0.006366,0.003173,0.008436,0.001330,0.010577,-0.003278
0.004830,0.006924,-0.006807,-0.004353,-0.006903,0.004750,-0.001718,-0.002859,-0.001718,-0.007717,0.003512,0.004954,0.001425,0.009161,0.002749,0.005300,-0.004261
0.006468,0.003822,-0.009827,-0.001274,-0.006102,0.009464,-0.000747,-0.003939,-0.003404,-0.007700,0.000174,0.002119,-0.001057,0.008796,0.003215,0.000993,-0.004896
0.006536,-0.000740,-0.009967,0.003384,-0.004686,0.008655,-0.000137,-0.003401,-0.004629,-0.006063,-0.002236,-0.001682,-0.003271,0.007968,0.003652,-0.003526,-0.005045
0.005578,-0.002867,-0.008669,0.006974,-0.002942,0.003661,0.000128,-0.001797,-0.004661,-0.002631,-0.004169,-0.005715,-0.005104,0.005815,0.003880,-0.007859,-0.004641
0.004145,-0.003037,-0.006834,0.009065,-0.001203,-0.003918,0.000045,0.000481,-0.003511,0.001378,-0.005539,-0.009122,-0.006032,0.002860,0.004025,-0.011871,-0.003572
0.002060,-0.002036,-0.004759,0.008891,0.000333,-0.010862,-0.000113,0.002213,-0.001557,0.005312,-0.005859,-0.010420,-0.006329,-0.000711,0.003781,-0.014617,-0.002097
-0.000081,-0.000741,-0.002094,0.005637,0.001213,-0.016819,-0.000460,0.002804,0.000525,0.008257,-0.004428,-0.009517,-0.005579,-0.003221,0.003288,-0.014845,-0.000516
-0.001213,0.000646,0.000246,0.000721,0.001320,-0.017956,-0.000382,0.003018,0.002134,0.009276,-0.002497,-0.006375,-0.003574,-0.004469,0.001801,-0.012305,0.001068
-0.001202,0.001234,0.002394,-0.004829,0.000752,-0.013600,-0.000262,0.002642,0.003009,0.007209,-0.000661,-0.002242,-0.000735,-0.004748,-0.000404,-0.008420,0.001955
0.000008,0.001367,0.003207,-0.010153,0.000095,-0.004662,0.000210,0.001619,0.002846,0.002565,0.000487,0.001128,0.001460,-0.004136,-0.002812,-0.003293,0.002506
0.001275,0.000431,0.003777,-0.013986,-0.000259,0.006548,0.000997,0.000631,0.002053,-0.002825,0.000567,0.003735,0.002216,-0.003041,-0.005013,0.004042,0.002609
0.001514,-0.002393,0.003819,-0.014830,-0.000157,0.014142,0.001428,0.000065,0.000828,-0.007649,0.001612,0.005415,0.001712,-0.001444,-0.006020,0.009240,0.002290
0.000718,-0.004909,0.003488,-0.012086,0.000435,0.017464,0.001606,-0.000302,-0.000412,-0.011071,0.001654,0.006004,0.000698,-0.000525,-0.005799,0.011540,0.001342
-0.001212,-0.006726,0.002086,-0.007579,0.000868,0.016934,0.001585,-0.000309,-0.001238,-0.011990,-0.000145,0.005537,-0.000613,-0.000159,-0.004346,0.010264,-0.000076
-0.003989,-0.007196,-0.000104,-0.002279,0.001126,0.013431,0.001247,-0.001027,-0.001477,-0.010479,-0.003313,0.004466,-0.002517,-0.000576,-0.001885,0.006362,-0.001268
-0.005540,-0.005660,-0.001327,0.002130,0.001241,0.006715,0.000782,-0.001897,-0.001344,-0.007136,-0.005339,0.003155,-0.004375,-0.000940,0.001121,0.000597,-0.002458
-0.005282,-0.000275,-0.002008,0.005784,0.001094,0.000153,0.000972,-0.002690,-0.001214,-0.003050,-0.006011,0.002178,-0.004985,-0.001202,0.003246,-0.005832,-0.003320
-0.002148,0.006382,-0.001965,0.009091,0.000632,-0.004320,0.001515,-0.003179,-0.000819,0.000801,-0.005158,0.001213,-0.004236,-0.001272,0.004418,-0.012241,-0.003968
0.003042,0.013466,-0.002291,0.010157,-0.000051,-0.005298,0.002447,-0.003539,-0.000751,0.003682,-0.002754,0.001341,-0.003114,-0.001361,0.004553,-0.015341,-0.003545
0.008811,0.018655,-0.002510,0.008927,-0.000634,-0.002775,0.003738,-0.004145,-0.000954,0.004610,0.000611,0.002068,-0.001992,-0.001313,0.003880,-0.014363,-0.002106
0.013894,0.020582,-0.002916,0.007117,-0.000259,0.001493,0.004589,-0.004717,-0.001190,0.003859,0.004658,0.003415,-0.000828,-0.001007,0.002960,-0.011823,0.000238
0.017165,0.019260,-0.003581,0.006360,0.000996,0.006247,0.004778,-0.005056,-0.001265,0.002060,0.007960,0.004951,0.000627,-0.000576,0.001898,-0.008086,0.002797
0.016715,0.013322,-0.005107,0.005191,0.002198,0.011067,0.004247,-0.004641,-0.001022,0.000845,0.009409,0.005531,0.002198,-0.000381,0.001072,-0.004542,0.004879
0.012700,0.002973,-0.006887,0.003252,0.002539,0.014399,0.002213,-0.004046,-0.000703,-0.000316,0.008673,0.005202,0.002769,-0.000019,-0.000097,-0.001573,0.006555
0.007761,-0.008914,-0.007688,0.001129,0.002334,0.014176,-0.000283,-0.002777,-0.000420,-0.001356,0.006978,0.004277,0.002344,0.000496,-0.001447,0.000317,0.006601
0.001973,-0.016088,-0.006638,-0.000206,0.001602,0.011448,-0.002122,-0.001376,-0.000498,-0.002260,0.004550,0.002491,0.001511,0.001509,-0.003248,0.001333,0.004739
-0.002187,-0.018984,-0.003076,0.000121,0.000611,0.006168,-0.003269,0.000473,-0.000711,-0.002949,0.002271,-0.000167,0.000583,0.002863,-0.004339,0.002556,0.001256
-0.004034,-0.016774,0.000864,0.000761,-0.000759,0.001610,-0.003750,0.003003,-0.001405,-0.004538,0.001692,-0.002625,-0.000564,0.003740,-0.003970,0.004186,0.000318
-0.004041,-0.012620,0.004006,0.001781,-0.002409,-0.002271,-0.003261,0.005274,-0.002335,-0.006756,0.001541,-0.004831,-0.001498,0.004164,-0.002469,0.007041,0.001313
-0.002716,-0.006534,0.006490,0.003308,-0.003229,-0.004531,-0.002268,0.006463,-0.002991,-0.007876,0.000979,-0.005814,-0.001442,0.004833,0.000183,0.010206,0.003669
-0.001207,-0.000218,0.008105,0.004399,-0.002953,-0.005762,-0.000953,0.006624,-0.002957,-0.007229,-0.000302,-0.004898,-0.000457,0.005654,0.002914,0.013940,0.006688
-0.001291,0.004563,0.007712,0.003274,-0.001756,-0.004480,0.000737,0.006057,-0.002134,-0.004069,-0.001744,-0.003917,0.001401,0.004802,0.005534,0.015809,0.009575
-0.002857,0.005719,0.006203,-0.001552,-0.000337,-0.002504,0.001814,0.004710,-0.000701,-0.000201,-0.003159,-0.002640,0.003402,0.002126,0.005500,0.014670,0.011644
-0.004482,0.004596,0.004201,-0.007602,0.001069,-0.000331,0.002434,0.003492,0.001643,0.004175,-0.003982,-0.000419,0.005161,-0.001839,0.002913,0.010297,0.010616
-0.006654,0.003777,0.002734,-0.013708,0.002174,-0.000127,0.002898,0.001614,0.004658,0.008986,-0.004217,0.002092,0.005991,-0.006485,-0.002048,0.003094,0.005208
-0.008436,0.002780,0.003320,-0.019056,0.002802,-0.002867,0.002875,-0.000437,0.007722,0.013989,-0.002764,0.003562,0.005514,-0.010948,-0.007497,-0.003215,-0.005194
-0.009330,0.002172,0.004783,-0.022937,0.002120,-0.005113,0.001786,-0.002074,0.009061,0.015423,0.001092,0.004537,0.003768,-0.013985,-0.011287,-0.008968,-0.013548
-0.008875,0.000912,0.004336,-0.022635,0.000277,-0.007094,-0.000055,-0.002959,0.008476,0.013265,0.003863,0.004643,0.001427,-0.014998,-0.012677,-0.012516,-0.019412
-0.007464,0.000565,0.002262,-0.017544,-0.002168,-0.008633,-0.002505,-0.003734,0.005779,0.009937,0.004079,0.003797,-0.000095,-0.011604,-0.011640,-0.013637,-0.022526
-0.006040,-0.000890,-0.000631,-0.009660,-0.004520,-0.009961,-0.005158,-0.004170,0.001655,0.006546,0.001578,0.003200,-0.000936,-0.004130,-0.009135,-0.011061,-0.022444
-0.005636,-0.003333,-0.004370,-0.001639,-0.006408,-0.009676,-0.007147,-0.004178,-0.003588,0.002943,-0.002114,0.001516,-0.001047,0.004275,-0.004631,-0.006780,-0.018474
-0.005844,-0.006809,-0.007215,0.004131,-0.006869,-0.008656,-0.007517,-0.004433,-0.008687,-0.000814,-0.005947,-0.000245,0.000274,0.010840,-0.000930,-0.002455,-0.011135
-0.005116,-0.008795,-0.008084,0.009130,-0.005741,-0.004855,-0.006289,-0.003567,-0.012063,-0.004191,-0.009357,-0.001656,0.002415,0.014996,0.001993,0.000884,-0.003430
-0.003058,-0.008301,-0.006687,0.012649,-0.002932,-0.001844,-0.003734,-0.002703,-0.012590,-0.006611,-0.011579,-0.002581,0.004503,0.015066,0.003295,0.002273,0.003072
-0.000179,-0.006669,-0.002906,0.014725,0.000685,-0.000244,-0.000440,-0.001709,-0.010006,-0.006747,-0.011467,-0.004029,0.005427,0.011205,0.003527,0.002717,0.005500
0.002863,-0.004804,0.002902,0.015148,0.003048,0.000789,0.002079,-0.001339,-0.005918,-0.006606,-0.007963,-0.004117,0.004834,0.005830,0.003581,0.001726,0.006214
0.006764,-0.002945,0.007513,0.015020,0.004192,0.000694,0.003813,-0.001421,-0.001192,-0.006811,-0.003290,-0.002748,0.002389,0.000154,0.004147,-0.000007,0.005118
0.010272,-0.000135,0.009804,0.014839,0.003904,-0.000773,0.004674,-0.001761,0.002654,-0.006799,0.000391,-0.001166,-0.000617,-0.003678,0.004987,-0.002346,0.002733
0.011559,0.001583,0.009416,0.014333,0.002945,-0.002653,0.004822,-0.001849,0.005217,-0.005413,0.003426,-0.000029,-0.004014,-0.004751,0.005039,-0.003951,0.000160
0.009983,0.002226,0.006438,0.011236,0.001152,-0.004706,0.003633,-0.001376,0.005957,-0.003873,0.005885,-0.000443,-0.006837,-0.003720,0.005295,-0.004656,-0.001064
0.005752,0.001875,0.002407,0.006031,-0.000539,-0.007583,0.002566,-0.000996,0.005363,-0.001297,0.007620,-0.001461,-0.007825,-0.002021,0.004610,-0.004501,-0.000443
0.000806,0.001945,-0.001441,-0.000338,-0.001713,-0.009036,0.001437,0.000333,0.004081,0.001873,0.008125,-0.002982,-0.007214,-0.000147,0.003881,-0.003511,0.001109
-0.003233,0.003681,-0.004589,-0.008574,-0.001774,-0.009582,0.000480,0.002313,0.002313,0.005149,0.007307,-0.004821,-0.005185,0.000642,0.002986,-0.001511,0.003723
-0.006018,0.006167,-0.006767,-0.015535,-0.000907,-0.008486,-0.000179,0.005017,0.000774,0.008467,0.005649,-0.006885,-0.002087,0.000709,0.002085,0.000898,0.005722
-0.007596,0.008610,-0.007502,-0.018846,-0.000239,-0.005623,-0.000973,0.006599,-0.000489,0.010161,0.003368,-0.008042,0.001391,0.000993,0.001133,0.003713,0.006830
-0.006380,0.010283,-0.007846,-0.018483,0.000389,-0.001869,-0.001576,0.006869,-0.001452,0.009601,0.000921,-0.007532,0.003625,0.001598,0.000102,0.006553,0.006528
-0.003500,0.010355,-0.007913,-0.014791,0.000452,0.002623,-0.002095,0.005692,-0.002111,0.006574,-0.002173,-0.005030,0.004202,0.002326,0.000216,0.007741,0.005028
-0.000569,0.008376,-0.007494,-0.007679,0.000913,0.007624,-0.001786,0.003607,-0.002500,0.001965,-0.003753,-0.001653,0.002597,0.002988,0.001241,0.007109,0.002978
0.002233,0.004931,-0.006622,-0.000348,0.001493,0.013405,-0.001460,0.001147,-0.002200,-0.003358,-0.003379,0.001351,0.000309,0.003432,0.002923,0.005212,0.001280
0.004064,0.000336,-0.004936,0.008337,0.002327,0.017211,-0.000528,-0.000860,-0.001009,-0.007091,-0.001925,0.003870,-0.002111,0.003167,0.003948,0.002452,0.000104
0.004810,-0.004545,-0.002356,0.016108,0.003189,0.018752,-0.000220,-0.002029,0.001112,-0.007944,0.000065,0.006007,-0.004361,0.001974,0.003942,-0.000525,-0.000548
0.004634,-0.008144,0.000697,0.018804,0.003899,0.017123,-0.000701,-0.002213,0.002984,-0.006457,0.001598,0.007264,-0.006314,-0.000341,0.003978,-0.003208,-0.000532
0.004360,-0.009654,0.004161,0.016752,0.003898,0.013020,-0.001734,-0.001106,0.004389,-0.002760,0.002821,0.007698,-0.006546,-0.002216,0.003294,-0.004733,-0.000533
0.003156,-0.008997,0.006359,0.012589,0.003138,0.006536,-0.002510,0.000145,0.004839,0.001018,0.002904,0.006303,-0.005262,-0.003336,0.002056,-0.003590,-0.000638
0.002559,-0.006197,0.007141,0.006233,0.001928,-0.002700,-0.001977,0.002365,0.004215,0.004859,0.002041,0.003690,-0.003096,-0.003504,-0.000547,0.000297,-0.001173
0.001198,-0.003491,0.006793,-0.001174,0.000246,-0.011408,-0.001112,0.004169,0.002821,0.007661,0.000181,0.001939,-0.000114,-0.002683,-0.002793,0.004742,-0.002303
-0.000216,-0.001383,0.006045,-0.007230,-0.000803,-0.018121,0.000253,0.005080,0.001032,0.008317,-0.001708,0.001078,0.002345,-0.001462,-0.003100,0.008035,-0.003610
-0.000796,0.000143,0.005337,-0.012292,-0.001218,-0.020123,0.001533,0.004537,-0.000318,0.005987,-0.002621,-0.000019,0.003286,-0.000309,-0.001644,0.009636,-0.004443
-0.000568,0.001131,0.004737,-0.013741,-0.000912,-0.018067,0.003032,0.003789,-0.000940,0.002080,-0.002869,-0.001901,0.002749,0.000224,0.000820,0.009511,-0.004542
-0.000334,0.002486,0.003955,-0.012126,-0.000009,-0.013022,0.003672,0.002738,-0.000755,-0.000045,-0.002795,-0.003760,0.000810,0.000359,0.002504,0.007945,-0.003894
-0.001253,0.003899,0.003086,-0.009061,0.000848,-0.006954,0.003114,0.000888,-0.000557,-0.001623,-0.002631,-0.005529,-0.002435,0.000020,0.004507,0.004621,-0.002339
-0.001896,0.005419,0.002575,-0.005857,0.000914,-0.000543,0.001520,-0.001750,-0.000494,-0.002499,-0.002882,-0.006665,-0.005893,-0.000296,0.005341,0.000184,-0.000315
-0.003462,0.007305,0.001215,-0.002324,0.000198,0.005102,-0.000526,-0.004653,-0.000847,-0.003649,-0.002979,-0.008334,-0.009227,-0.000728,0.005361,-0.004126,0.001955
-0.004119,0.009604,-0.000023,-0.000088,-0.000739,0.007379,-0.000978,-0.005724,-0.001518,-0.003315,-0.002233,-0.009437,-0.011401,-0.001143,0.003459,-0.007193,0.004039
-0.004493,0.010867,-0.000723,0.000910,-0.001642,0.007826,-0.000292,-0.005418,-0.002218,-0.002065,-0.000760,-0.007995,-0.010417,-0.000998,0.000072,-0.008714,0.005295
-0.003796,0.009449,-0.000862,0.001771,-0.002170,0.007582,0.001348,-0.004124,-0.002635,-0.000283,0.001015,-0.003924,-0.006263,-0.000744,-0.003672,-0.009344,0.005807
-0.002320,0.004644,-0.000351,0.002405,-0.002292,0.007725,0.002159,-0.002805,-0.002462,-0.001099,0.003184,0.001073,-0.001796,-0.000831,-0.007070,-0.009595,0.005681
0.000256,-0.001655,0.000861,0.003212,-0.001893,0.008001,0.002597,-0.001417,-0.001579,-0.004194,0.005753,0.005066,0.002822,-0.001463,-0.009199,-0.009113,0.004942
0.003148,-0.006566,0.001520,0.003294,-0.000889,0.008313,0.002226,-0.000218,-0.000036,-0.005866,0.007598,0.007488,0.006639,-0.002024,-0.010489,-0.007651,0.003348
0.004785,-0.009276,0.001594,0.003101,-0.000211,0.007550,0.001259,-0.000074,0.001235,-0.006575,0.008294,0.007790,0.009412,-0.002011,-0.010170,-0.004994,0.001387
0.005302,-0.010424,0.000764,0.002641,-0.000163,0.005913,-0.000040,-0.000927,0.001981,-0.006457,0.007119,0.006318,0.010010,-0.001426,-0.007566,-0.001342,-0.000740
0.003827,-0.009151,-0.001346,0.002023,-0.000784,0.003309,-0.001637,-0.001854,0.002102,-0.005891,0.004045,0.002814,0.008468,-0.000412,-0.002784,0.002173,-0.002801
0.001224,-0.006003,-0.003241,0.001502,-0.001064,-0.000654,-0.002463,-0.001949,0.001625,-0.003770,0.001165,-0.000802,0.005443,0.000462,0.002905,0.005138,-0.004581
-0.001258,-0.001449,-0.004440,0.001257,-0.000808,-0.004779,-0.002465,-0.001242,0.001079,-0.000690,-0.001337,-0.003292,0.002087,0.001194,0.007929,0.007958,-0.005767
-0.002992,0.002887,-0.004160,0.001077,-0.000330,-0.007783,-0.001250,0.000225,0.000856,0.003672,-0.003557,-0.003956,-0.000465,0.001376,0.011284,0.009782,-0.005906
-0.003980,0.004983,-0.003222,0.000737,0.000112,-0.008966,-0.000536,0.001894,0.000702,0.006022,-0.005679,-0.002625,-0.002725,0.000924,0.012089,0.010127,-0.004884
-0.003984,0.004888,-0.001421,0.000297,0.000587,-0.009812,0.000342,0.002762,0.000707,0.006297,-0.007411,-0.000098,-0.003582,0.000298,0.009927,0.009144,-0.002560
-0.003039,0.003181,0.000012,-0.000594,0.001262,-0.008409,0.000988,0.002602,0.000962,0.005162,-0.008609,0.002981,-0.003234,-0.000048,0.005179,0.006626,-0.000322
-0.001486,0.001496,0.000900,-0.001335,0.001491,-0.006267,0.001089,0.001065,0.000960,0.004140,-0.009263,0.005426,-0.001423,0.000231,-0.001642,0.003716,0.002011
0.000008,-0.001091,0.000933,-0.001740,0.001530,-0.002067,0.000709,-0.000884,0.000803,0.001978,-0.008656,0.006506,0.000640,0.001052,-0.007609,0.001204,0.004119
0.001063,-0.004612,-0.000418,-0.001105,0.001363,0.002407,-0.000046,-0.002456,0.000512,-0.000062,-0.007815,0.004985,0.002808,0.002162,-0.011831,-0.000902,0.006109
0.000895,-0.008751,-0.002695,0.001260,0.001312,0.006109,-0.000710,-0.003272,-0.000080,-0.001286,-0.005789,0.002349,0.005099,0.003023,-0.013617,-0.003011,0.006817
0.000048,-0.012036,-0.005641,0.004997,0.001343,0.008306,-0.001554,-0.003306,-0.000979,-0.001779,-0.002820,-0.000594,0.006205,0.003316,-0.012712,-0.004754,0.006409
-0.001221,-0.013233,-0.007009,0.008937,0.001431,0.009096,-0.001496,-0.002635,-0.001591,-0.000740,0.000717,-0.003641,0.006368,0.002423,-0.009110,-0.006915,0.005086
-0.001424,-0.011048,-0.006810,0.011561,0.001497,0.009387,-0.001040,-0.001185,-0.002027,0.000421,0.004017,-0.004716,0.005501,0.000348,-0.004163,-0.009328,0.002578
-0.001164,-0.006901,-0.004188,0.012002,0.001627,0.007928,0.000276,0.000338,-0.001982,0.002101,0.005832,-0.003961,0.004480,-0.001872,-0.000023,-0.011107,0.000142
-0.000066,-0.001269,-0.000353,0.009745,0.001852,0.006588,0.002023,0.001366,-0.001707,0.002215,0.006449,-0.001402,0.003251,-0.003633,0.002835,-0.012272,-0.002446
0.002109,0.005589,0.003590,0.003989,0.001262,0.004487,0.003096,0.001827,-0.001339,0.002752,0.005904,0.002316,0.002526,-0.004277,0.004055,-0.011701,-0.003866
0.004505,0.011992,0.006939,-0.003044,0.000332,0.003238,0.003108,0.002144,-0.000930,0.000867,0.005187,0.005798,0.001941,-0.003781,0.004244,-0.009296,-0.004279
0.006507,0.015110,0.009126,-0.008877,-0.000733,0.002855,0.001972,0.002287,-0.000355,-0.001461,0.004401,0.006599,0.001606,-0.002622,0.002776,-0.004895,-0.002465
0.007263,0.014660,0.009466,-0.012719,-0.001923,0.001385,0.000391,0.002508,0.000282,-0.003746,0.003806,0.004926,0.001436,-0.000878,0.000276,0.001766,-0.000227
0.006358,0.012899,0.007069,-0.014644,-0.003230,-0.001828,-0.001843,0.002704,0.000568,-0.005580,0.003118,0.001888,0.000573,0.001188,-0.002154,0.008916,0.001515
0.003570,0.009947,0.003135,-0.014740,-0.004379,-0.006276,-0.003399,0.002813,0.000821,-0.006349,0.002110,-0.002416,-0.000793,0.002949,-0.003128,0.014294,0.002602
0.001000,0.007578,-0.001316,-0.012758,-0.004730,-0.010053,-0.004350,0.002685,0.000936,-0.006101,0.001032,-0.005268,-0.002010,0.003889,-0.002217,0.016552,0.001729
-0.002251,0.004753,-0.004257,-0.008692,-0.003875,-0.013171,-0.004265,0.002441,0.001182,-0.004241,-0.000163,-0.006442,-0.003314,0.004043,-0.000568,0.016355,-0.000426
-0.005153,0.002922,-0.005835,-0.002936,-0.002012,-0.014086,-0.003456,0.001632,0.001267,-0.001605,-0.001035,-0.005828,-0.004851,0.003233,0.001569,0.013742,-0.003177
-0.007710,0.000822,-0.006132,0.000623,-0.000553,-0.013234,-0.002653,0.000594,0.001461,0.001980,-0.001376,-0.003318,-0.005721,0.001981,0.004120,0.009353,-0.004893
-0.009004,-0.000617,-0.005334,0.004202,0.000510,-0.009894,-0.001948,-0.000541,0.001713,0.003757,-0.001296,-0.000449,-0.005562,0.000483,0.006276,0.003446,-0.005601
-0.009253,-0.003775,-0.003505,0.007547,0.001185,-0.003499,-0.001353,-0.001426,0.001973,0.004414,-0.000665,0.001291,-0.004054,-0.001242,0.006641,-0.003112,-0.003712
-0.008311,-0.008151,-0.001216,0.009602,0.001355,0.002315,-0.000571,-0.002077,0.002021,0.004066,-0.000009,0.001527,-0.002617,-0.002530,0.005626,-0.007589,-0.000530
-0.006266,-0.010563,0.000397,0.009753,0.001054,0.006249,0.000205,-0.002802,0.001640,0.002994,0.000495,0.000850,-0.001274,-0.003448,0.003438,-0.010008,0.002126
-0.003504,-0.011539,0.001301,0.007947,0.000347,0.007259,0.001224,-0.002800,0.001306,0.001477,0.000171,-0.000259,-0.000467,-0.003851,0.000820,-0.010694,0.004085
0.000812,-0.010786,0.002006,0.004684,0.000091,0.006478,0.001980,-0.002136,0.001119,-0.000464,-0.001027,-0.000655,0.000907,-0.003943,-0.001236,-0.010402,0.004614
0.005088,-0.009292,0.002937,0.000934,0.000727,0.003767,0.002466,-0.000809,0.000985,-0.002023,-0.002536,-0.000262,0.001449,-0.003793,-0.002574,-0.008203,0.004023
0.008334,-0.005789,0.004280,-0.001829,0.001891,0.000545,0.002700,0.000504,0.000588,-0.002238,-0.003911,0.000654,0.000872,-0.003802,-0.002440,-0.004762,0.002493
0.008497,-0.003178,0.005723,-0.004225,0.002322,-0.003188,0.002281,0.002026,0.000370,-0.001094,-0.004094,0.001568,-0.000406,-0.003717,-0.000887,-0.001752,0.000982
0.007174,0.000889,0.006606,-0.003682,0.002057,-0.005422,0.001614,0.003350,0.000661,-0.000077,-0.002732,0.001920,-0.001669,-0.003258,0.000062,0.000069,-0.000722
0.004392,0.003838,0.006664,-0.001412,0.001229,-0.004124,0.001067,0.005146,0.001088,0.000795,0.000331,0.001456,-0.002193,-0.002205,-0.000079,0.001450,-0.001089
0.000113,0.004637,0.005424,0.000700,-0.000010,-0.000458,0.000809,0.006228,0.001089,0.001330,0.003278,0.000242,-0.003244,-0.000316,-0.000909,0.002718,-0.000653
-0.004425,0.004595,0.002958,0.001995,-0.000883,0.004961,0.000840,0.005759,0.000428,0.001404,0.005815,-0.001542,-0.004373,0.001572,-0.001904,0.003376,-0.000115
-0.007960,0.003398,-0.000259,0.003439,-0.001441,0.009582,0.000874,0.004134,-0.000556,0.001161,0.007604,-0.002859,-0.004857,0.003401,-0.002933,0.004371,0.000238
-0.008509,0.001579,-0.003391,0.004326,-0.001403,0.012760,0.001159,0.001712,-0.001667,-0.000213,0.008414,-0.003012,-0.004156,0.004571,-0.003449,0.004764,0.000201
-0.006238,-0.000800,-0.006554,0.004060,-0.000666,0.013508,0.001182,-0.001332,-0.002929,-0.001322,0.007040,-0.001851,-0.003210,0.004897,-0.003886,0.005889,0.000001
-0.003518,-0.002273,-0.008096,0.002049,0.000452,0.012868,0.000814,-0.005254,-0.004310,-0.002286,0.003894,0.000234,-0.002162,0.004177,-0.002466,0.006910,0.000130
-0.001894,-0.004182,-0.008271,-0.000930,0.001121,0.010224,-0.000064,-0.008668,-0.005018,-0.002275,-0.000545,0.001776,-0.000059,0.002577,0.000403,0.006254,0.001270
-0.000543,-0.003971,-0.007748,-0.004186,0.001515,0.005826,-0.001045,-0.010752,-0.004339,-0.001971,-0.004274,0.002641,0.002632,0.000823,0.002324,0.003422,0.002470
0.000832,-0.001814,-0.006923,-0.007606,0.001198,0.001939,-0.001901,-0.009555,-0.002688,-0.000370,-0.006013,0.003320,0.005724,-0.000625,0.002837,0.001088,0.003838
0.000792,0.000209,-0.006074,-0.011074,0.000159,-0.000268,-0.002404,-0.006975,-0.000457,0.001475,-0.006362,0.003374,0.008167,-0.001589,0.002128,-0.000377,0.004714
-0.000354,0.001943,-0.004752,-0.013992,-0.000383,0.000075,-0.002795,-0.003376,0.001917,0.003437,-0.005588,0.002608,0.009483,-0.002522,0.000944,-0.001798,0.005207
-0.002131,0.003001,-0.002882,-0.014130,-0.000382,0.001356,-0.002770,0.000820,0.004089,0.005394,-0.003929,0.000608,0.009830,-0.003244,-0.000501,-0.002171,0.004848
-0.002454,0.003443,-0.000015,-0.011393,0.000028,0.002272,-0.001699,0.004821,0.005466,0.005847,-0.001090,-0.001710,0.008637,-0.004168,-0.001589,-0.002948,0.003351
-0.000979,0.002273,0.002808,-0.005606,0.000894,0.001400,0.000059,0.007795,0.005709,0.005631,0.001040,-0.003558,0.005293,-0.004953,-0.003263,-0.002904,0.000508
0.000404,0.000237,0.005782,0.001271,0.001681,-0.000825,0.001352,0.008335,0.004668,0.003948,0.003360,-0.004690,-0.000277,-0.005417,-0.003526,-0.002739,-0.002810
0.000910,-0.002870,0.007975,0.008575,0.002042,-0.004119,0.002036,0.006814,0.002707,0.001993,0.004213,-0.005502,-0.005269,-0.005354,-0.002743,-0.003000,-0.004798
0.000607,-0.005454,0.008928,0.013160,0.002305,-0.008733,0.002236,0.004414,0.000714,-0.000730,0.003751,-0.005923,-0.008955,-0.004333,-0.001573,-0.004634,-0.005554
0.000474,-0.006046,0.008728,0.013923,0.002059,-0.012872,0.001795,0.003637,-0.001120,-0.002034,0.002748,-0.004729,-0.010592,-0.002470,-0.000731,-0.006121,-0.005119
0.000937,-0.005569,0.007039,0.010377,0.001028,-0.015238,0.001006,0.002637,-0.002300,-0.002874,0.001600,-0.002559,-0.010133,-0.000171,-0.000639,-0.006423,-0.003834
0.001876,-0.004624,0.004441,0.003926,-0.000287,-0.014005,-0.000602,0.001700,-0.002787,-0.002789,0.000403,0.000084,-0.007447,0.002151,-0.000130,-0.005418,-0.001856
0.002405,-0.002934,0.001186,-0.002799,-0.001568,-0.009775,-0.001916,0.000450,-0.002937,-0.001798,-0.001621,0.001316,-0.003175,0.004262,0.000851,-0.003360,-0.000045
0.003199,-0.000045,-0.001144,-0.008591,-0.002940,-0.003574,-0.002426,-0.000848,-0.002951,-0.000593,-0.004092,0.001454,0.001955,0.005318,0.001943,-0.001416,0.001230
0.004211,0.002291,-0.002037,-0.011073,-0.003622,0.003238,-0.001917,-0.002117,-0.002554,0.000478,-0.006844,0.001101,0.006546,0.005525,0.002407,0.000270,0.001511
0.004909,0.003819,-0.001845,-0.010183,-0.003775,0.007656,-0.001240,-0.003556,-0.001893,0.000783,-0.007501,0.000883,0.009010,0.004985,0.002629,0.001031,0.000627
0.005151,0.004495,-0.001590,-0.005735,-0.003470,0.010033,-0.000535,-0.005124,-0.001266,0.001193,-0.006679,0.000747,0.010182,0.004009,0.002602,0.001143,-0.000568
0.003875,0.005198,-0.001893,-0.000804,-0.003091,0.008453,0.000133,-0.006326,-0.000565,0.000837,-0.005704,0.000980,0.009963,0.003119,0.002306,0.000307,-0.001900
0.001922,0.006321,-0.001954,0.004196,-0.002527,0.005828,0.000601,-0.005803,0.000139,0.000623,-0.003982,0.002023,0.008538,0.002463,0.001658,-0.001553,-0.002776
0.000880,0.007796,-0.002429,0.006755,-0.001606,0.002695,0.000860,-0.004265,0.000842,0.000027,-0.001452,0.003918,0.005976,0.001950,-0.000264,-0.003755,-0.002925
0.000841,0.007699,-0.003203,0.007417,-0.000507,0.000921,0.000674,-0.001384,0.001446,-0.000614,0.002014,0.005828,0.003750,0.001849,-0.001221,-0.004704,-0.002417
0.001014,0.006584,-0.004565,0.006984,0.000880,0.000279,0.000659,0.001075,0.001272,-0.000905,0.004707,0.007112,0.001762,0.002044,-0.001032,-0.003416,-0.001836
0.001128,0.004354,-0.005923,0.005545,0.001883,0.000310,0.000923,0.002559,0.000538,-0.000893,0.005862,0.007279,0.000368,0.002156,-0.000137,-0.000350,-0.001279
0.001035,0.001515,-0.005663,0.004345,0.002829,0.000960,0.001488,0.002847,-0.000111,-0.000849,0.005173,0.006071,-0.000568,0.002083,0.001234,0.003340,-0.000924
0.000408,-0.001928,-0.003626,0.002849,0.003728,-0.000031,0.002016,0.002351,-0.000436,-0.000897,0.004109,0.004331,-0.001616,0.001696,0.002578,0.006097,-0.000765
0.000279,-0.004960,-0.000840,0.001566,0.004570,-0.000439,0.002397,0.001321,-0.000454,-0.000066,0.002705,0.002018,-0.002282,0.000909,0.004278,0.007775,-0.001000
-0.000599,-0.006781,0.001378,-0.000528,0.004250,-0.004399,0.002405,-0.000087,-0.000268,0.000945,0.000564,-0.000079,-0.002877,0.000042,0.005590,0.008343,-0.001463
-0.001514,-0.007069,0.002682,-0.001435,0.002862,-0.007146,0.002262,-0.001085,0.000180,0.002704,-0.001182,-0.002065,-0.003625,-0.000767,0.006043,0.008097,-0.001647
-0.002011,-0.005300,0.003719,-0.002660,0.001384,-0.007674,0.001754,-0.001603,0.000558,0.004205,-0.002341,-0.003545,-0.004978,-0.001322,0.005058,0.006340,-0.001274
-0.002061,-0.002725,0.004421,-0.003587,0.000312,-0.005469,0.001067,-0.000855,0.000638,0.004989,-0.002332,-0.005064,-0.005175,-0.001221,0.004207,0.003662,-0.000220
-0.001769,0.000296,0.004440,-0.003492,-0.000118,-0.001470,0.000508,0.000145,0.000090,0.005512,-0.001488,-0.005991,-0.004387,-0.000816,0.003253,0.001739,0.001244
-0.001412,0.001620,0.003450,-0.001846,-0.000199,0.002383,0.000089,0.000679,-0.000646,0.004992,-0.000009,-0.006272,-0.003112,-0.000292,0.002018,0.001051,0.002813
-0.001125,0.001840,0.002481,0.001959,0.000021,0.005053,-0.000165,0.000440,-0.001291,0.003009,0.000922,-0.006549,-0.002365,0.000063,0.000425,0.001641,0.003858
-0.001373,0.001268,0.001624,0.005149,0.000531,0.004858,-0.000402,-0.000214,-0.001498,-0.000290,0.001733,-0.007125,-0.002466,0.000092,-0.001587,0.002405,0.004026
-0.001427,0.000634,0.000903,0.007069,0.001220,0.003557,-0.000635,-0.001181,-0.001156,-0.003737,0.002316,-0.007993,-0.003287,-0.000450,-0.003461,0.002644,0.003134
-0.001344,0.000292,0.000119,0.007013,0.001346,-0.001816,-0.001013,-0.002396,-0.000640,-0.007880,0.002607,-0.008186,-0.004697,-0.001443,-0.005075,0.001981,0.001587
-0.000674,0.000538,-0.002132,0.006648,0.000560,-0.007407,-0.000735,-0.002339,-0.000197,-0.010570,0.002073,-0.006557,-0.005844,-0.002649,-0.007195,0.000564,-0.000001
0.000265,0.001534,-0.003842,0.005718,-0.000560,-0.011034,0.000080,-0.001024,0.000097,-0.011928,0.000596,-0.002872,-0.006673,-0.003361,-0.009647,-0.001605,-0.001191
0.001221,0.003976,-0.004851,0.002968,-0.001499,-0.012247,0.001307,0.001205,0.000061,-0.011544,-0.001659,0.002003,-0.006065,-0.003154,-0.011277,-0.004585,-0.001865
0.002191,0.006507,-0.004941,-0.001042,-0.002010,-0.010772,0.002637,0.003266,-0.000348,-0.009232,-0.004217,0.006445,-0.003498,-0.002315,-0.011836,-0.008079,-0.001474
0.002384,0.006772,-0.004001,-0.004796,-0.002260,-0.007682,0.003655,0.004697,-0.000812,-0.005776,-0.006262,0.010171,0.001096,-0.000921,-0.010676,-0.010663,-0.000187
0.001884,0.004795,-0.001752,-0.006428,-0.002262,-0.003059,0.004164,0.005096,-0.001459,-0.001951,-0.007730,0.012750,0.005379,0.000638,-0.008416,-0.010470,0.001505
0.000319,0.001411,0.000395,-0.006213,-0.001942,0.001695,0.003650,0.004935,-0.001917,0.002306,-0.008185,0.012595,0.008735,0.002056,-0.004265,-0.007311,0.002226
-0.002081,-0.001298,0.002142,-0.004869,-0.001398,0.005598,0.001995,0.004174,-0.001371,0.007272,-0.006846,0.009469,0.010504,0.002934,0.000729,-0.002356,0.001829
-0.004606,-0.003048,0.003551,-0.003178,-0.000807,0.006753,-0.000885,0.002549,-0.000083,0.011010,-0.003514,0.003914,0.010434,0.002918,0.006497,0.004278,0.000393
-0.006174,-0.003442,0.003021,-0.001149,-0.000461,0.006272,-0.003713,0.001175,0.001106,0.013450,-0.000089,-0.001573,0.008979,0.002056,0.011283,0.009661,-0.001256
-0.006238,-0.002813,0.001868,0.001797,-0.000120,0.004906,-0.005794,0.000067,0.002131,0.013900,0.003626,-0.004914,0.005840,0.000650,0.013603,0.013171,-0.002490
-0.004898,-0.000526,0.000002,0.003649,0.000163,0.002985,-0.006473,-0.000790,0.002928,0.012881,0.007163,-0.006227,0.001588,-0.000882,0.013515,0.012924,-0.003678
-0.002087,0.002212,-0.002021,0.004451,0.000558,0.001058,-0.005923,-0.001864,0.003297,0.010057,0.009322,-0.005972,-0.002827,-0.002371,0.011555,0.008678,-0.003894
0.000537,0.002841,-0.003875,0.003364,0.000437,0.000437,-0.004777,-0.003088,0.003274,0.005953,0.009516,-0.004549,-0.006092,-0.003383,0.009574,0.002195,-0.003091
0.003218,0.001057,-0.004642,0.000541,-0.000089,0.002009,-0.003390,-0.004077,0.002344,0.001013,0.008376,-0.002049,-0.008914,-0.003677,0.006076,-0.004149,-0.001293
0.005100,-0.002990,-0.004426,-0.001858,-0.000772,0.004704,-0.002462,-0.004218,0.000603,-0.003497,0.006195,-0.000286,-0.010789,-0.003248,0.003397,-0.008852,-0.000026
0.005865,-0.005628,-0.003181,-0.002788,-0.001441,0.007263,-0.002032,-0.003932,-0.001119,-0.007173,0.003598,0.000291,-0.011303,-0.002375,0.001170,-0.012086,0.000590
0.005269,-0.007919,-0.000753,-0.002928,-0.001996,0.008583,-0.002154,-0.003241,-0.002404,-0.009600,0.000986,-0.000533,-0.009811,-0.001395,-0.000213,-0.011687,0.000399
0.003547,-0.009056,0.001264,-0.002678,-0.002396,0.009497,-0.002501,-0.001963,-0.003299,-0.010583,-0.002214,-0.001801,-0.006425,-0.000166,-0.001189,-0.008535,0.000278
0.001632,-0.009213,0.003264,-0.001139,-0.002350,0.009277,-0.002740,-0.000849,-0.003549,-0.010463,-0.004539,-0.002089,-0.002906,0.000946,-0.002325,-0.003045,0.000341
0.000186,-0.006739,0.004868,0.000828,-0.001790,0.008020,-0.002177,0.000159,-0.003093,-0.009719,-0.005497,-0.002328,0.000510,0.001587,-0.003990,0.000657,0.000487
-0.000546,-0.002185,0.006380,0.004009,-0.000433,0.004706,-0.000491,0.000736,-0.002037,-0.008751,-0.005672,-0.002476,0.004313,0.001644,-0.005545,0.002249,0.000996
-0.001524,0.000435,0.007023,0.006317,0.000821,0.001088,0.001744,0.000722,-0.000497,-0.007019,-0.005967,-0.002238,0.007390,0.001297,-0.005695,0.003294,0.001877
-0.002051,0.001317,0.006536,0.006010,0.001705,-0.001775,0.003736,0.001023,0.001204,-0.004301,-0.006008,-0.001169,0.008745,0.000960,-0.005926,0.003925,0.002924
-0.002953,0.001238,0.005104,0.003342,0.002168,-0.003902,0.004557,0.001798,0.002771,-0.000576,-0.005389,-0.000473,0.008102,0.000830,-0.005413,0.004244,0.003221
-0.003782,0.002589,0.003247,0.000516,0.002028,-0.005681,0.004172,0.001864,0.003473,0.001825,-0.003328,0.000486,0.006118,0.000502,-0.004516,0.004187,0.002655
-0.004438,0.002597,0.001616,-0.003021,0.001465,-0.007168,0.002923,0.001244,0.003322,0.003015,-0.000351,0.001423,0.004035,-0.000238,-0.003838,0.004477,0.001329
-0.005391,0.001977,-0.000239,-0.006705,0.000729,-0.006860,0.001116,0.000263,0.002526,0.003880,0.002921,0.002804,0.002545,-0.000980,-0.003852,0.005511,0.000219
-0.006205,-0.000094,-0.002081,-0.009392,-0.000085,-0.004849,-0.000632,-0.000763,0.001734,0.004526,0.006444,0.004742,0.000727,-0.001375,-0.003821,0.007243,-0.000796
-0.005595,-0.000144,-0.003670,-0.011317,-0.000674,-0.002513,-0.002019,-0.001324,0.000864,0.004377,0.009261,0.006721,-0.001066,-0.001584,-0.003602,0.006366,-0.001218
-0.003458,0.002341,-0.004023,-0.011497,-0.000557,-0.001264,-0.002451,-0.001273,0.000252,0.003370,0.010492,0.006981,-0.001138,-0.001761,-0.002819,0.002609,-0.001102
-0.000519,0.002730,-0.003604,-0.010138,0.000069,-0.002722,-0.001661,-0.000921,-0.000092,0.002715,0.009853,0.005555,-0.000646,-0.001961,-0.001496,-0.001347,-0.000457
0.002906,0.001273,-0.002655,-0.007750,0.000936,-0.006464,-0.000012,0.000041,0.000034,0.002660,0.006980,0.002839,-0.000258,-0.001958,0.000147,-0.004712,0.000346
0.005029,-0.000218,-0.001960,-0.005144,0.001853,-0.010681,0.001539,0.001161,0.000461,0.003312,0.002382,-0.000783,-0.000788,-0.001431,0.002004,-0.007501,0.000889
0.006278,-0.000669,-0.001416,-0.001370,0.001975,-0.013502,0.002479,0.001721,0.000521,0.003405,-0.001804,-0.003048,-0.001995,-0.000531,0.003981,-0.007907,0.000857
0.006928,-0.001200,-0.000453,0.002255,0.001416,-0.014238,0.002204,0.001256,0.000121,0.002181,-0.004898,-0.004041,-0.003412,0.000189,0.005423,-0.006782,0.000263
0.006586,-0.000490,0.000943,0.006600,0.000561,-0.012007,0.000875,-0.000228,-0.000963,0.000513,-0.006488,-0.003508,-0.004736,0.000564,0.005190,-0.004163,-0.000478
0.005018,-0.000297,0.002692,0.010186,-0.000292,-0.005929,-0.000575,-0.002282,-0.002034,-0.001369,-0.005924,-0.001955,-0.005783,0.000891,0.003628,-0.000654,-0.001345
0.003188,-0.000402,0.004312,0.011064,-0.000902,0.001170,-0.002014,-0.004091,-0.003202,-0.002686,-0.004014,0.000553,-0.005719,0.001525,0.001457,0.002480,-0.001687
0.001649,0.000253,0.005722,0.009357,-0.001287,0.008585,-0.003083,-0.004755,-0.004098,-0.003583,-0.001943,0.003145,-0.003720,0.002313,-0.000699,0.003667,-0.001304
0.000576,0.000138,0.006181,0.005958,-0.001337,0.013482,-0.003344,-0.003896,-0.004485,-0.003000,0.000165,0.004432,-0.001130,0.002817,-0.002403,0.003393,-0.000376
-0.000185,-0.000858,0.006110,0.001646,-0.001142,0.014944,-0.002388,-0.001759,-0.004368,-0.001615,0.001091,0.003515,0.001353,0.002708,-0.003720,0.002508,0.000854
-0.001413,-0.003493,0.004921,-0.001917,-0.000979,0.013465,-0.000218,0.000685,-0.004735,-0.000404,0.000602,0.000889,0.003156,0.001663,-0.004522,0.001148,0.002114
-0.002749,-0.006831,0.002522,-0.003342,-0.002417,0.010383,0.002665,0.002590,-0.006450,-0.000458,-0.001365,-0.001414,0.004379,-0.000009,-0.004372,0.002235,0.003303
-0.003597,-0.009648,-0.000864,-0.002616,-0.006220,0.006537,0.005054,0.003095,-0.009633,-0.002454,-0.004378,-0.002767,0.004767,-0.002149,-0.003326,0.005706,0.004131
-0.003786,-0.009588,-0.004831,0.004407,-0.012881,0.002229,0.006057,0.002403,-0.015653,-0.006867,-0.007553,-0.001905,0.003205,-0.003495,-0.003130,0.009989,0.004241
-0.003308,-0.005282,-0.007913,0.013913,-0.021409,-0.001433,0.005506,0.000292,-0.023832,-0.012550,-0.008791,0.002141,0.000335,-0.004002,-0.004346,0.013633,0.003505
-0.001877,-0.000013,-0.008579,0.018645,-0.030021,-0.004823,0.003514,-0.003232,-0.033164,-0.017426,-0.007460,0.008077,-0.003255,-0.003056,-0.009690,0.018942,0.003335
0.000374,0.006148,-0.007384,0.016498,-0.036911,-0.006963,0.001258,-0.006853,-0.041779,-0.019734,-0.004140,0.015525,-0.006358,-0.001079,-0.018319,0.024322,0.003996
0.003598,0.013664,-0.004417,0.008880,-0.039636,-0.005991,-0.000765,-0.007644,-0.046660,-0.016780,0.002879,0.024722,-0.008767,0.001053,-0.028183,0.029218,0.005037
0.006927,0.021281,0.000142,-0.003140,-0.036633,-0.002705,-0.001006,-0.005596,-0.045156,-0.008181,0.012670,0.031879,-0.010256,0.002497,-0.039545,0.032731,0.006203
0.010429,0.026471,0.006092,-0.016621,-0.027617,0.002292,0.000869,-0.001171,-0.037671,0.003994,0.023142,0.034791,-0.010466,0.002207,-0.049065,0.033132,0.006368
0.011257,0.027822,0.012834,-0.029601,-0.013650,0.007498,0.003553,0.003884,-0.025001,0.016077,0.030184,0.031868,-0.009383,0.000020,-0.053651,0.032198,0.005727
0.007663,0.025050,0.017460,-0.039379,0.000843,0.008457,0.003992,0.008418,-0.008090,0.024377,0.031702,0.021748,-0.006868,-0.002217,-0.049911,0.031586,0.004046
0.000219,0.017986,0.019018,-0.036592,0.012310,0.004729,0.000655,0.011452,0.009237,0.026237,0.027026,0.007021,-0.004276,-0.001480,-0.037573,0.028199,0.001237
-0.008959,0.010655,0.016883,-0.021760,0.018725,-0.003307,-0.006869,0.012036,0.024505,0.022463,0.016091,-0.007893,-0.001271,0.001594,-0.016391,0.018669,-0.002920
-0.017517,0.002629,0.013251,-0.004618,0.020079,-0.013820,-0.017546,0.008832,0.035128,0.013944,0.000824,-0.020824,0.000583,0.007475,0.006512,0.006526,-0.006273
-0.023312,-0.004936,0.007830,0.009287,0.017531,-0.024739,-0.027883,0.002367,0.039713,0.002863,-0.017552,-0.031692,0.002512,0.015042,0.027523,-0.008178,-0.008226
-0.024486,-0.009663,0.002044,0.018208,0.013739,-0.030882,-0.035836,-0.003143,0.039843,-0.004743,-0.033303,-0.035596,0.004847,0.021806,0.045639,-0.022453,-0.008676
-0.020773,-0.011643,-0.003909,0.021400,0.010591,-0.030776,-0.037089,-0.007882,0.037943,-0.006081,-0.041921,-0.033966,0.008663,0.025118,0.055773,-0.033754,-0.007179
-0.010550,-0.009834,-0.008862,0.019628,0.009538,-0.022196,-0.029921,-0.010895,0.033995,-0.000883,-0.043120,-0.028350,0.013604,0.023295,0.058265,-0.042167,-0.004905
0.001846,-0.005774,-0.010286,0.013138,0.012744,-0.005638,-0.014495,-0.012302,0.029085,0.008545,-0.038853,-0.021835,0.017768,0.015253,0.053643,-0.045997,-0.001743
0.011849,-0.001431,-0.010179,0.003061,0.016434,0.009034,0.003318,-0.010416,0.024145,0.016777,-0.030268,-0.017741,0.020377,0.003825,0.045723,-0.044774,0.001606
0.017297,-0.000445,-0.008577,-0.003704,0.019444,0.020057,0.019199,-0.006571,0.019761,0.021416,-0.018491,-0.016185,0.021314,-0.007037,0.036681,-0.039837,0.004650
0.016875,-0.002324,-0.007030,-0.004535,0.020563,0.025686,0.030332,-0.001271,0.016685,0.021969,-0.008781,-0.016168,0.019930,-0.016917,0.029275,-0.034474,0.006073
0.012056,-0.006119,-0.005362,-0.001523,0.020129,0.026513,0.034870,0.003963,0.014761,0.017663,-0.001890,-0.014294,0.014921,-0.022929,0.021941,-0.028867,0.006029
0.005783,-0.010880,-0.003421,0.003299,0.018402,0.022928,0.033244,0.008245,0.012726,0.009290,0.001609,-0.011149,0.008403,-0.023833,0.013793,-0.024091,0.004407
0.000116,-0.015327,-0.001775,0.007218,0.016377,0.015772,0.025756,0.012946,0.011105,0.001262,0.003816,-0.006377,0.001650,-0.020151,0.006298,-0.019926,0.001200
-0.003444,-0.018168,-0.002723,0.009878,0.013777,0.006741,0.015172,0.015927,0.009960,-0.004268,0.007062,0.000940,-0.002282,-0.013953,-0.001199,-0.014804,-0.002852
-0.003704,-0.017366,-0.006058,0.010754,0.011056,-0.000484,0.004067,0.016340,0.008618,-0.006423,0.010767,0.009231,-0.003669,-0.006842,-0.007967,-0.008469,-0.007070
-0.001670,-0.012608,-0.008403,0.010331,0.009158,-0.003915,-0.003409,0.013699,0.006650,-0.006146,0.014599,0.014872,-0.004254,-0.001172,-0.014119,-0.000480,-0.009895
0.002131,-0.005567,-0.009985,0.007757,0.006536,-0.006931,-0.007279,0.010055,0.003364,-0.005796,0.018356,0.016698,-0.004988,0.002262,-0.017257,0.007011,-0.010991
0.007177,0.000020,-0.010924,0.004163,0.003035,-0.008302,-0.008507,0.005369,-0.000674,-0.006877,0.022395,0.014661,-0.004305,0.004142,-0.017330,0.013264,-0.010433
0.009479,0.003102,-0.011536,-0.000703,-0.001075,-0.008628,-0.007392,0.001680,-0.004458,-0.009699,0.022408,0.008696,-0.003567,0.003652,-0.014701,0.016931,-0.008767
0.008453,0.003761,-0.011649,-0.004628,-0.004357,-0.006882,-0.004767,-0.001268,-0.006702,-0.014508,0.017959,0.001806,-0.004388,0.002474,-0.010857,0.017824,-0.006607
0.005492,0.002669,-0.009344,-0.007172,-0.006698,-0.003013,-0.002140,-0.003632,-0.007844,-0.019255,0.010763,-0.003957,-0.007026,0.001180,-0.006653,0.016634,-0.004572
0.001917,-0.000143,-0.004632,-0.009311,-0.007573,0.001168,0.000206,-0.004499,-0.007863,-0.021915,0.004423,-0.008653,-0.010091,0.000598,-0.003043,0.013287,-0.003071
-0.000769,-0.003435,-0.000924,-0.009615,-0.007323,0.003481,0.002237,-0.003978,-0.007394,-0.020861,0.000159,-0.009065,-0.010506,0.000525,-0.000462,0.008346,-0.002634
-0.002758,-0.005807,0.001470,-0.008676,-0.005663,0.004343,0.003210,-0.002736,-0.006498,-0.016131,-0.002066,-0.005264,-0.008142,0.001125,0.000896,0.002762,-0.002702
-0.004483,-0.005831,0.003725,-0.006456,-0.002980,0.002255,0.003866,-0.001841,-0.005338,-0.009489,-0.002178,-0.000176,-0.004232,0.001955,-0.000358,-0.002067,-0.002086
-0.004330,-0.001360,0.005768,-0.002319,0.000107,-0.001060,0.003918,-0.001924,-0.003908,-0.002436,-0.000300,0.005172,-0.000235,0.003337,-0.002762,-0.006695,-0.000974
-0.001388,0.004457,0.007031,0.002803,0.002208,-0.004296,0.003118,-0.003071,-0.002679,0.002750,0.003189,0.009330,0.004404,0.004827,-0.005186,-0.010478,0.000165
0.002191,0.010575,0.007122,0.006306,0.003036,-0.006707,0.001770,-0.003552,-0.001737,0.005384,0.005316,0.011525,0.008879,0.005778,-0.007186,-0.013254,0.001485
0.004826,0.015437,0.006214,0.009091,0.003171,-0.006736,0.000320,-0.003788,-0.000760,0.004833,0.004640,0.011545,0.011517,0.006464,-0.008453,-0.014270,0.002843
0.004437,0.015879,0.004489,0.008994,0.001609,-0.001965,-0.001223,-0.004541,-0.000433,0.004319,0.001655,0.008615,0.007493,0.004294,-0.004165,-0.009970,0.004327
0.003302,0.014548,0.003483,0.007390,-0.000157,0.003461,-0.002728,-0.005111,-0.000137,0.002776,-0.000951,0.004512,0.002196,0.002300,0.000062,-0.005097,0.005124
0.001917,0.011417,0.002304,0.005323,-0.001904,0.007760,-0.003376,-0.005039,-0.000155,0.001474,-0.002853,0.000818,-0.002789,0.000350,0.004079,-0.000448,0.004943
0.000421,0.006768,0.001231,0.002891,-0.003142,0.010823,-0.003100,-0.004176,-0.000558,0.001075,-0.003910,-0.001619,-0.006417,-0.001531,0.007798,0.003328,0.004150
-0.001394,0.001228,0.000400,-0.000043,-0.003503,0.011041,-0.001902,-0.002851,-0.001145,0.001457,-0.004238,-0.002879,-0.008262,-0.003405,0.009732,0.006108,0.003417
-0.002574,-0.001910,-0.000202,-0.001613,-0.002948,0.009708,-0.000721,-0.001827,-0.001305,0.002066,-0.003580,-0.002907,-0.008481,-0.004070,0.009585,0.006939,0.002632
-0.002661,-0.003084,-0.000494,-0.001705,-0.002062,0.006944,0.000076,-0.001187,-0.001106,0.002132,-0.002099,-0.002293,-0.006990,-0.003614,0.007779,0.005963,0.001641
-0.001639,-0.002251,-0.000476,-0.001275,-0.001072,0.003360,0.000287,-0.000542,-0.000625,0.001532,-0.000720,-0.001248,-0.003916,-0.002209,0.004409,0.003426,0.000722
