AU01,AU02,AU04,AU05,AU06,AU07,AU09,AU10,AU12,AU14,AU15,AU17,AU20,AU23,AU25,AU26,AU45
-0.013574,-0.030929,-0.003671,-0.036051,0.072909,0.040638,0.012178,0.076509,0.126541,0.020240,0.002082,-0.046383,0.047804,-0.051881,0.140095,-0.021847,-0.003687
-0.014764,-0.035164,-0.002971,-0.038929,0.080866,0.045859,0.015301,0.085046,0.138383,0.021687,0.004811,-0.046123,0.052398,-0.055134,0.152736,-0.021015,-0.004441
-0.015687,-0.039338,-0.002283,-0.040503,0.087672,0.050098,0.018450,0.093057,0.148370,0.023121,0.007536,-0.045476,0.056576,-0.057706,0.166847,-0.019504,-0.005100
-0.016154,-0.042878,-0.000940,-0.041073,0.094097,0.053603,0.021262,0.100027,0.157017,0.024644,0.009431,-0.044443,0.059952,-0.059882,0.178586,-0.017876,-0.005566
-0.016428,-0.045138,-0.000355,-0.041001,0.099385,0.057040,0.023363,0.106414,0.163966,0.025984,0.012033,-0.041249,0.061670,-0.061355,0.187740,-0.016133,-0.005946
-0.017096,-0.046813,0.000221,-0.039283,0.103516,0.059693,0.025148,0.112012,0.169032,0.026974,0.014564,-0.037804,0.062647,-0.062217,0.194539,-0.013219,-0.006587
-0.017526,-0.047780,0.000789,-0.037208,0.106774,0.060851,0.026626,0.116147,0.172446,0.027700,0.016871,-0.034110,0.062887,-0.062369,0.200047,-0.010270,-0.007116
-0.017589,-0.049114,0.000886,-0.036252,0.109079,0.059845,0.028051,0.119220,0.173856,0.028317,0.018915,-0.030115,0.061241,-0.062160,0.203118,-0.007252,-0.007441
-0.016797,-0.050043,0.001757,-0.034826,0.110154,0.059654,0.029150,0.121190,0.173268,0.028661,0.020736,-0.025402,0.058946,-0.061215,0.203848,-0.003934,-0.007529
-0.016147,-0.050532,0.002667,-0.031306,0.109848,0.058614,0.029923,0.121637,0.170577,0.028639,0.022436,-0.020703,0.056904,-0.059614,0.201160,-0.000589,-0.007368
-0.015291,-0.050337,0.003713,-0.027441,0.108228,0.056853,0.030741,0.120562,0.165681,0.028232,0.024551,-0.015652,0.054479,-0.057285,0.196846,0.005703,-0.007114
-0.014383,-0.049458,0.004709,-0.023508,0.105221,0.054372,0.032053,0.118432,0.158554,0.027521,0.028280,-0.010383,0.051490,-0.054417,0.190106,0.011779,-0.006527
-0.013283,-0.047504,0.005653,-0.019209,0.100564,0.050445,0.032945,0.114743,0.149228,0.026939,0.031585,-0.004450,0.048510,-0.050791,0.181230,0.018007,-0.005874
-0.011963,-0.044896,0.006548,-0.014498,0.094350,0.046021,0.033348,0.110069,0.137825,0.025925,0.033485,0.002835,0.044714,-0.046397,0.170624,0.023991,-0.004977
-0.010531,-0.042863,0.007395,-0.009337,0.086650,0.040919,0.033198,0.103667,0.124217,0.024347,0.035036,0.010213,0.039212,-0.041244,0.157513,0.029731,-0.003807
-0.009866,-0.041503,0.008060,-0.004717,0.077609,0.035522,0.032343,0.095613,0.108542,0.022255,0.035446,0.015617,0.032251,-0.035745,0.141665,0.034582,-0.002952
-0.008133,-0.038393,0.009497,-0.001537,0.069049,0.035026,0.031340,0.085766,0.092395,0.020000,0.035249,0.020775,0.027689,-0.030274,0.122297,0.038985,-0.000033
-0.007769,-0.033876,0.012116,-0.002967,0.063508,0.039697,0.032324,0.077576,0.077517,0.017563,0.034315,0.024931,0.023844,-0.024918,0.101277,0.042264,0.008707
-0.007611,-0.029677,0.014472,-0.006230,0.058636,0.043263,0.032779,0.069452,0.062948,0.016496,0.032075,0.029024,0.019579,-0.021302,0.083044,0.042215,0.024021
-0.007849,-0.025230,0.015277,-0.009097,0.052188,0.042584,0.031469,0.062646,0.050242,0.017180,0.027184,0.030858,0.014956,-0.020328,0.062997,0.041798,0.045238
-0.008581,-0.020717,0.013924,-0.010508,0.046800,0.041177,0.028110,0.054952,0.039148,0.016534,0.021504,0.030465,0.010334,-0.019654,0.047450,0.038205,0.067009
-0.008966,-0.015929,0.012073,-0.011675,0.040887,0.039107,0.024662,0.048156,0.030537,0.016132,0.017289,0.027279,0.007357,-0.018937,0.035636,0.034377,0.086902
-0.008837,-0.009784,0.011312,-0.014922,0.035701,0.037363,0.022748,0.043444,0.021692,0.015527,0.013383,0.023834,0.004176,-0.019576,0.027208,0.031609,0.099614
-0.008403,-0.004732,0.011493,-0.019186,0.032485,0.038880,0.023393,0.039394,0.015911,0.014247,0.010403,0.019992,0.001861,-0.020300,0.021381,0.031372,0.106993
-0.007641,-0.001175,0.013147,-0.023298,0.029986,0.039945,0.025006,0.034496,0.009729,0.013484,0.008747,0.015343,0.001127,-0.021047,0.016862,0.030659,0.109558
-0.007417,0.000550,0.014811,-0.026841,0.027482,0.041836,0.026244,0.031184,0.005991,0.012098,0.007642,0.010411,-0.000504,-0.022199,0.013738,0.029924,0.109053
-0.007579,0.000464,0.015934,-0.029658,0.025176,0.042990,0.027508,0.029854,0.003306,0.011197,0.007504,0.007634,-0.001304,-0.022922,0.011532,0.028713,0.106584
-0.008188,-0.000400,0.015513,-0.033230,0.023836,0.045856,0.027902,0.028345,0.001197,0.010312,0.007418,0.005219,-0.002557,-0.023210,0.009014,0.026843,0.101172
-0.008450,-0.000409,0.015014,-0.036179,0.022713,0.047320,0.027771,0.025912,-0.000190,0.009962,0.007086,0.002976,-0.003681,-0.022533,0.006316,0.024561,0.094404
-0.007885,-0.000483,0.013733,-0.037524,0.021329,0.049014,0.028096,0.023834,-0.001592,0.009481,0.006770,0.000572,-0.004245,-0.021600,0.007392,0.022431,0.085923
-0.006844,-0.000429,0.012804,-0.037612,0.020458,0.050532,0.027556,0.022211,-0.002251,0.009230,0.005102,-0.002327,-0.004328,-0.020715,0.008412,0.019905,0.076138
-0.005407,0.000452,0.011190,-0.036163,0.019084,0.052143,0.026540,0.021097,-0.002624,0.008983,0.003198,-0.003434,-0.005149,-0.019557,0.009596,0.016650,0.065742
-0.004889,0.001372,0.008912,-0.033927,0.017153,0.052842,0.024918,0.020295,-0.002472,0.009085,0.000877,-0.004991,-0.006386,-0.018055,0.010583,0.013762,0.054288
-0.003965,0.001939,0.006625,-0.030661,0.015298,0.049757,0.022647,0.019181,-0.001976,0.009087,-0.001424,-0.006719,-0.007468,-0.016246,0.012806,0.011073,0.041246
-0.002951,0.001096,0.003803,-0.028346,0.013661,0.044715,0.020370,0.018169,-0.001321,0.009387,-0.003745,-0.008462,-0.009442,-0.014549,0.015359,0.008794,0.027866
-0.000961,0.000527,0.002576,-0.025402,0.012010,0.040701,0.017843,0.017711,-0.000617,0.010501,-0.006038,-0.009584,-0.009834,-0.012744,0.018184,0.006773,0.013999
0.001018,0.000461,0.001779,-0.020011,0.009974,0.035351,0.015075,0.016971,0.000063,0.011402,-0.008663,-0.010028,-0.009323,-0.010788,0.019919,0.004561,-0.000042
0.003439,0.000870,0.001056,-0.014436,0.007804,0.029644,0.012425,0.016332,0.000448,0.012061,-0.010077,-0.010176,-0.008475,-0.008579,0.022075,0.005197,-0.014282
0.005679,0.001158,-0.000656,-0.008670,0.005558,0.023648,0.010251,0.015989,0.000717,0.012039,-0.010108,-0.010335,-0.007403,-0.006294,0.023906,0.005745,-0.028961
0.007790,0.001732,-0.002637,-0.003410,0.002724,0.016508,0.007575,0.015259,0.000876,0.012384,-0.010085,-0.010227,-0.005758,-0.003143,0.025727,0.007010,-0.043786
0.009355,0.002216,-0.004967,0.002363,-0.000427,0.009001,0.004518,0.014776,0.001043,0.013633,-0.011012,-0.008981,-0.003670,0.000163,0.027760,0.008412,-0.058637
0.010610,0.001287,-0.007565,0.007906,-0.003817,0.000927,0.000938,0.012812,0.001083,0.014502,-0.011710,-0.007486,-0.002437,0.003459,0.029058,0.009482,-0.073484
0.011639,-0.000892,-0.009803,0.014159,-0.007310,-0.008888,-0.002749,0.010703,0.001043,0.014725,-0.012365,-0.007844,-0.001937,0.006289,0.029917,0.009767,-0.088510
0.012487,-0.002396,-0.011321,0.018467,-0.010077,-0.016152,-0.005726,0.008104,0.000497,0.013873,-0.012763,-0.009595,-0.001818,0.008825,0.029030,0.009023,-0.101196
0.012509,-0.001392,-0.011036,0.019725,-0.009917,-0.015533,-0.006466,0.005866,-0.000119,0.012126,-0.013225,-0.011192,-0.001694,0.011271,0.027446,0.007815,-0.107338
0.013101,0.000334,-0.009612,0.019980,-0.009991,-0.014628,-0.007274,0.003673,-0.000676,0.011835,-0.012909,-0.010819,-0.001786,0.012729,0.025163,0.006466,-0.105663
0.013909,0.002585,-0.009122,0.020081,-0.010940,-0.017018,-0.009297,0.002261,-0.000859,0.011545,-0.013737,-0.010295,-0.001960,0.011879,0.021602,0.004482,-0.095610
0.014165,0.004822,-0.010179,0.022682,-0.012246,-0.020130,-0.012606,0.000567,-0.000907,0.010260,-0.014087,-0.010589,-0.001875,0.010952,0.017932,0.002076,-0.081466
0.014198,0.007059,-0.012108,0.025170,-0.013470,-0.023948,-0.015975,-0.001090,-0.001097,0.008879,-0.014108,-0.010810,-0.000722,0.010736,0.013800,0.000002,-0.065480
0.014215,0.010455,-0.012692,0.024610,-0.014506,-0.026348,-0.017172,-0.002732,-0.002278,0.007148,-0.014144,-0.011258,0.001684,0.010934,0.010490,-0.001878,-0.053031
0.013692,0.012504,-0.012320,0.021764,-0.015006,-0.028314,-0.017751,-0.003892,-0.003394,0.004430,-0.013754,-0.011521,0.004271,0.010978,0.007392,-0.002306,-0.042841
0.012701,0.012887,-0.009974,0.018371,-0.015232,-0.028540,-0.016932,-0.005168,-0.004374,0.002388,-0.012038,-0.011765,0.007229,0.011225,0.004634,-0.002450,-0.035475
0.010696,0.010100,-0.007400,0.014507,-0.015480,-0.028148,-0.015775,-0.006341,-0.004999,0.000265,-0.010048,-0.011123,0.009367,0.010735,0.001907,-0.002526,-0.029260
0.008074,0.008706,-0.005087,0.011906,-0.015708,-0.026758,-0.014464,-0.008426,-0.005660,-0.001602,-0.007407,-0.010411,0.010699,0.010318,-0.000518,-0.003382,-0.023637
0.005352,0.006083,-0.004071,0.010184,-0.015828,-0.025038,-0.013887,-0.010403,-0.007086,-0.003815,-0.002980,-0.009521,0.010512,0.009875,-0.002915,-0.005105,-0.019573
0.003230,0.003858,-0.003075,0.009871,-0.015921,-0.025030,-0.013888,-0.013181,-0.008514,-0.005338,0.001705,-0.009950,0.008462,0.009238,-0.006098,-0.006699,-0.015442
0.001723,0.002049,-0.002660,0.009888,-0.015954,-0.023618,-0.013243,-0.016414,-0.010100,-0.007021,0.006357,-0.010587,0.004611,0.008490,-0.009251,-0.008165,-0.012036
0.000337,0.000456,-0.002443,0.010603,-0.016350,-0.021331,-0.013738,-0.018945,-0.011503,-0.009077,0.010270,-0.011547,0.001169,0.007840,-0.012219,-0.010431,-0.009471
-0.001004,0.000354,-0.002098,0.012096,-0.017658,-0.020135,-0.015127,-0.022677,-0.013968,-0.011078,0.011641,-0.013488,-0.001527,0.007470,-0.014601,-0.013477,-0.006788
-0.002479,0.001583,-0.002961,0.012535,-0.020017,-0.018743,-0.016432,-0.026927,-0.016068,-0.012734,0.012958,-0.015304,-0.004704,0.007178,-0.016766,-0.016210,-0.004143
-0.003885,0.002098,-0.003787,0.014306,-0.022528,-0.020714,-0.017586,-0.031417,-0.019220,-0.014464,0.013600,-0.017106,-0.007940,0.006853,-0.018464,-0.018347,-0.002614
-0.005992,0.001541,-0.004527,0.016080,-0.025832,-0.020972,-0.018363,-0.036228,-0.023390,-0.016341,0.011513,-0.017412,-0.010919,0.006470,-0.019390,-0.019446,-0.000998
-0.007685,0.001306,-0.003297,0.017874,-0.028697,-0.020278,-0.017998,-0.041161,-0.028122,-0.017190,0.009575,-0.017577,-0.011311,0.005902,-0.022073,-0.020023,0.000530
-0.008766,0.001716,-0.001559,0.019627,-0.031432,-0.019174,-0.017365,-0.046092,-0.033025,-0.017874,0.007691,-0.016217,-0.011586,0.005274,-0.024837,-0.020286,0.002506
-0.008709,0.002868,0.000249,0.021151,-0.034704,-0.017884,-0.016912,-0.050232,-0.037978,-0.018826,0.006609,-0.014930,-0.011774,0.004635,-0.027541,-0.020651,0.004439
-0.008478,0.002671,0.000466,0.021697,-0.038473,-0.018021,-0.017606,-0.053981,-0.042956,-0.020704,0.005075,-0.013269,-0.012055,0.004198,-0.029872,-0.022559,0.005444
-0.008591,0.002871,0.001080,0.021428,-0.041875,-0.017838,-0.018357,-0.056985,-0.047198,-0.022546,0.003316,-0.012045,-0.012185,0.004701,-0.031445,-0.023923,0.006333
-0.009042,0.003054,0.001047,0.021503,-0.044656,-0.017472,-0.018933,-0.059147,-0.050702,-0.023359,0.001349,-0.011136,-0.013101,0.005266,-0.032763,-0.024590,0.007009
-0.008897,0.003422,0.000971,0.021774,-0.047413,-0.018005,-0.018887,-0.061677,-0.053584,-0.023691,-0.000168,-0.010073,-0.013350,0.005671,-0.033498,-0.023790,0.007469
-0.008757,0.002611,0.000939,0.023433,-0.049468,-0.020066,-0.018589,-0.063714,-0.055802,-0.023897,-0.003056,-0.008840,-0.013903,0.005947,-0.034264,-0.022632,0.007121
-0.008690,0.001688,0.000538,0.024237,-0.050460,-0.021797,-0.018088,-0.065064,-0.057488,-0.023989,-0.006173,-0.008554,-0.014177,0.005876,-0.034650,-0.022640,0.006747
-0.008861,0.001535,0.000357,0.023030,-0.050649,-0.021219,-0.018416,-0.064201,-0.058437,-0.024463,-0.009461,-0.008279,-0.013545,0.006060,-0.034210,-0.022648,0.006690
-0.007614,0.002508,0.001137,0.020710,-0.050528,-0.020259,-0.018094,-0.062882,-0.058662,-0.024243,-0.012649,-0.009035,-0.012837,0.006036,-0.032961,-0.021477,0.006536
-0.006037,0.005257,0.002748,0.017304,-0.049575,-0.018901,-0.017177,-0.060331,-0.057637,-0.023752,-0.015713,-0.009650,-0.012143,0.005945,-0.031796,-0.020812,0.006143
-0.004355,0.008265,0.004652,0.012700,-0.047174,-0.017730,-0.016055,-0.056072,-0.055688,-0.023302,-0.016253,-0.010344,-0.011377,0.005221,-0.030673,-0.019915,0.009302
-0.002889,0.010752,0.006404,0.008200,-0.042798,-0.014614,-0.014765,-0.051643,-0.052994,-0.022799,-0.016339,-0.010960,-0.010129,0.004153,-0.028826,-0.018718,0.015118
-0.001688,0.012500,0.007952,0.002841,-0.038170,-0.011489,-0.013088,-0.046560,-0.049752,-0.021994,-0.016345,-0.011851,-0.007590,0.003551,-0.027595,-0.017272,0.020327
-0.000450,0.013152,0.008936,-0.003164,-0.033508,-0.009997,-0.011282,-0.040716,-0.045984,-0.019875,-0.016290,-0.013232,-0.005173,0.003087,-0.026947,-0.015645,0.024920
0.000812,0.013658,0.010110,-0.009009,-0.028497,-0.007484,-0.009087,-0.035004,-0.041440,-0.017326,-0.016159,-0.013742,-0.002768,0.002682,-0.025945,-0.014040,0.028918
0.001870,0.013187,0.010949,-0.014409,-0.023184,-0.005271,-0.006718,-0.028764,-0.036269,-0.014654,-0.017039,-0.014168,-0.000218,0.002147,-0.024071,-0.012753,0.032366
0.002207,0.014999,0.011555,-0.019080,-0.017359,-0.002058,-0.004278,-0.022791,-0.030586,-0.011860,-0.017237,-0.014201,0.002234,0.002019,-0.021192,-0.011524,0.035187
0.002148,0.015422,0.011888,-0.023273,-0.011624,0.001016,-0.002347,-0.016437,-0.025219,-0.008549,-0.014941,-0.013917,0.004217,0.001782,-0.017970,-0.010545,0.037314
0.002550,0.014825,0.012139,-0.026776,-0.006175,0.003242,-0.000478,-0.010194,-0.019544,-0.004915,-0.012042,-0.013951,0.005199,0.001143,-0.014745,-0.008921,0.038094
0.002969,0.013667,0.012135,-0.029803,-0.000970,0.005916,0.001613,-0.004661,-0.013694,-0.001236,-0.009636,-0.013291,0.004809,0.000300,-0.011700,-0.006412,0.038148
0.003485,0.012422,0.012484,-0.031373,0.003770,0.008580,0.002977,0.001107,-0.007561,0.002026,-0.007069,-0.012757,0.004752,-0.000727,-0.008776,-0.004767,0.037685
0.003712,0.012069,0.012692,-0.032263,0.007807,0.011471,0.003251,0.004705,-0.002331,0.005150,-0.005715,-0.014067,0.005179,-0.001010,-0.006112,-0.003718,0.036962
0.004407,0.013171,0.012145,-0.032836,0.011000,0.014730,0.003076,0.007585,0.002826,0.008018,-0.003601,-0.015023,0.004977,-0.001293,-0.003215,-0.001375,0.035364
0.005583,0.014279,0.011726,-0.029665,0.013866,0.016313,0.002799,0.010438,0.006936,0.010679,-0.001884,-0.015644,0.003729,-0.001537,0.000004,0.000949,0.033179
0.005909,0.014867,0.011359,-0.026289,0.015359,0.017655,0.002422,0.012498,0.009560,0.012754,-0.002770,-0.014719,0.002447,-0.001783,0.003438,0.002465,0.030720
0.006077,0.015291,0.011819,-0.023434,0.016523,0.019331,0.002843,0.013343,0.010593,0.014448,-0.003432,-0.013877,0.002007,-0.002029,0.004459,0.003619,0.028372
0.006263,0.015467,0.011946,-0.021464,0.017146,0.021463,0.002727,0.012693,0.010707,0.015750,-0.003663,-0.012829,0.000671,-0.001856,0.005169,0.004462,0.025998
0.006769,0.015684,0.011859,-0.019232,0.016682,0.022896,0.001913,0.011635,0.010103,0.016424,-0.003927,-0.011984,-0.000555,-0.001720,0.005697,0.005083,0.023599
0.007477,0.014407,0.010870,-0.017033,0.014461,0.022424,0.000304,0.009884,0.008413,0.016351,-0.003927,-0.010535,-0.001780,-0.001583,0.006003,0.003099,0.020611
0.007574,0.013278,0.010321,-0.014363,0.011569,0.021035,-0.001771,0.008078,0.006591,0.015949,-0.004008,-0.008078,-0.002365,-0.001181,0.006468,0.000830,0.017311
0.007774,0.012381,0.009539,-0.011375,0.008619,0.019536,-0.003889,0.006254,0.004725,0.014992,-0.003815,-0.005656,-0.004154,-0.000694,0.006773,-0.000550,0.013755
0.008465,0.011051,0.008217,-0.006861,0.004760,0.016726,-0.005474,0.004246,0.002755,0.013941,-0.003066,-0.003098,-0.005330,0.000036,0.007535,-0.000658,0.009881
0.009231,0.008694,0.006632,-0.000998,0.001080,0.014763,-0.007848,0.000805,0.000780,0.012637,-0.003172,0.000465,-0.006978,0.001175,0.007681,-0.002002,0.005183
0.008959,0.005732,0.004952,0.005085,-0.002739,0.011611,-0.010108,-0.003212,-0.000733,0.011376,-0.003373,0.004636,-0.008890,0.002157,0.007296,-0.004259,0.000176
0.008748,0.001981,0.003267,0.010690,-0.005851,0.008578,-0.012748,-0.006831,-0.002138,0.009645,-0.003614,0.008733,-0.010408,0.003644,0.007063,-0.006438,-0.005142
0.008633,-0.001258,0.001524,0.015522,-0.009087,0.005364,-0.014597,-0.010141,-0.003347,0.008251,-0.004448,0.009684,-0.011735,0.004942,0.007113,-0.008148,-0.010789
0.008552,-0.003044,-0.000020,0.019192,-0.012175,0.002003,-0.015769,-0.013167,-0.004188,0.006566,-0.005046,0.009841,-0.012736,0.005825,0.007791,-0.009678,-0.016448
0.008387,-0.003761,-0.001193,0.020147,-0.014404,-0.001637,-0.016708,-0.014223,-0.004577,0.004337,-0.004450,0.009919,-0.013104,0.005975,0.008597,-0.010477,-0.018552
0.007791,-0.003988,-0.001348,0.020119,-0.014258,-0.002514,-0.016986,-0.014804,-0.004591,0.002253,-0.003186,0.009853,-0.013335,0.005744,0.009643,-0.010971,-0.017272
0.006916,-0.004972,-0.001349,0.019935,-0.013385,-0.003315,-0.016837,-0.014811,-0.003900,0.000251,-0.002157,0.009824,-0.012912,0.005326,0.009688,-0.010439,-0.015799
0.005845,-0.004692,-0.001433,0.020095,-0.012385,-0.004034,-0.016503,-0.014621,-0.003207,-0.001447,-0.000653,0.008771,-0.012641,0.004461,0.009490,-0.009177,-0.014493
0.005117,-0.006533,-0.001173,0.019529,-0.011181,-0.004925,-0.015646,-0.015090,-0.002300,-0.002822,0.001008,0.008521,-0.012820,0.003592,0.010474,-0.009199,-0.013112
0.004584,-0.007852,-0.000933,0.019234,-0.009777,-0.006052,-0.014237,-0.015958,-0.001223,-0.004286,0.001882,0.007453,-0.013253,0.003133,0.011171,-0.010374,-0.011896
0.003834,-0.008074,-0.000763,0.018228,-0.007294,-0.005180,-0.011770,-0.016213,-0.000089,-0.005696,0.002686,0.006412,-0.013915,0.003179,0.011897,-0.012277,-0.010529
0.002625,-0.008702,-0.000689,0.016119,-0.004709,-0.004742,-0.009543,-0.015296,0.001326,-0.007113,0.004467,0.005163,-0.014089,0.003210,0.012166,-0.014019,-0.009090
0.001358,-0.009485,-0.000338,0.012603,-0.002203,-0.005057,-0.007267,-0.013371,0.003297,-0.008098,0.006200,0.004399,-0.013259,0.002372,0.012544,-0.014228,-0.008257
0.000276,-0.008976,-0.000055,0.008900,0.000322,-0.005014,-0.004148,-0.011418,0.005195,-0.008915,0.007061,0.004567,-0.011765,0.001368,0.013100,-0.013211,-0.007793
-0.000412,-0.007292,0.000859,0.005963,0.002842,-0.005826,-0.000640,-0.008154,0.007011,-0.009808,0.008318,0.005350,-0.009263,-0.000006,0.012910,-0.010291,-0.007091
-0.001201,-0.005306,0.001678,0.003208,0.005532,-0.004316,0.003290,-0.005602,0.008856,-0.010185,0.009139,0.005216,-0.006487,-0.000808,0.011293,-0.006706,-0.006336
-0.001705,-0.003185,0.001857,0.000275,0.008325,-0.002018,0.006774,-0.003133,0.010536,-0.010839,0.009785,0.004989,-0.003888,-0.001584,0.009438,-0.002398,-0.005974
-0.001386,-0.001391,0.002383,-0.000216,0.011255,0.000454,0.009931,0.000054,0.012450,-0.011112,0.010254,0.004853,-0.001445,-0.001970,0.007816,0.001940,-0.005800
-0.002019,0.000367,0.003502,-0.000676,0.014033,0.001222,0.013073,0.002792,0.014075,-0.011250,0.010880,0.004657,0.001027,-0.002324,0.007179,0.005190,-0.005269
-0.002731,0.001785,0.004595,-0.002832,0.016521,0.001388,0.016174,0.005450,0.015101,-0.011457,0.011593,0.004167,0.003727,-0.002706,0.006376,0.007909,-0.004568
-0.003384,0.002909,0.004916,-0.005680,0.018425,0.001329,0.018801,0.007358,0.015828,-0.011858,0.012046,0.002413,0.005603,-0.002797,0.004820,0.010122,-0.004245
-0.004025,0.003598,0.004498,-0.007442,0.020133,0.002602,0.020807,0.010121,0.016443,-0.012134,0.012044,0.000492,0.007517,-0.002920,0.003642,0.011952,-0.003879
-0.003750,0.004333,0.004131,-0.008330,0.021074,0.003824,0.022787,0.012748,0.017085,-0.011664,0.011839,-0.000546,0.009887,-0.003171,0.002355,0.012863,-0.003471
-0.003443,0.005058,0.003651,-0.009123,0.021236,0.004153,0.023999,0.015378,0.017520,-0.010649,0.011367,-0.000564,0.011791,-0.003414,0.001758,0.013381,-0.003047
-0.002820,0.006317,0.003124,-0.010565,0.021241,0.004038,0.024873,0.018612,0.017691,-0.009367,0.010847,-0.001072,0.013266,-0.003980,0.001167,0.015007,-0.003002
-0.001114,0.007735,0.002012,-0.010694,0.020590,0.003382,0.025370,0.021707,0.017639,-0.007308,0.010074,-0.001567,0.014693,-0.004259,0.000616,0.016328,-0.002878
0.000805,0.008479,0.000729,-0.011437,0.020197,0.003053,0.024627,0.023647,0.017195,-0.005776,0.008587,-0.001395,0.016070,-0.004234,0.000290,0.016213,-0.002740
0.001755,0.009485,-0.000041,-0.012287,0.019688,0.001698,0.023676,0.025487,0.016756,-0.003872,0.007146,-0.000621,0.016526,-0.003851,-0.000617,0.015806,-0.002615
0.002927,0.009943,-0.000855,-0.011987,0.019551,0.001582,0.022771,0.027453,0.016394,-0.002629,0.005914,0.000267,0.016514,-0.003368,-0.001325,0.015416,-0.002817
0.003433,0.008790,-0.001653,-0.011453,0.018951,0.001573,0.021553,0.028853,0.016571,-0.001027,0.005198,-0.000124,0.016642,-0.002799,-0.002298,0.014666,-0.003026
0.003847,0.007070,-0.003004,-0.011184,0.018066,0.001510,0.019839,0.029712,0.016482,0.000852,0.004684,-0.000941,0.016608,-0.002783,-0.002917,0.013746,-0.003026
0.004249,0.006084,-0.004597,-0.011032,0.016956,0.000983,0.017829,0.030514,0.016261,0.002696,0.003545,-0.001735,0.016831,-0.002707,-0.003144,0.013504,-0.003211
0.004690,0.006101,-0.006077,-0.010952,0.016638,0.000098,0.016247,0.031104,0.016531,0.005214,0.002866,-0.002043,0.016371,-0.002646,-0.003721,0.013082,-0.003662
0.004932,0.005980,-0.007706,-0.010756,0.016565,-0.001006,0.014671,0.031406,0.016772,0.008609,0.002185,-0.001384,0.016791,-0.002620,-0.004497,0.013100,-0.004261
0.004490,0.006712,-0.009058,-0.010759,0.016873,-0.001356,0.012483,0.031517,0.017166,0.010759,0.001844,-0.000923,0.016966,-0.003171,-0.005085,0.013190,-0.004916
0.002754,0.004838,-0.009839,-0.013163,0.017064,-0.000411,0.010493,0.031189,0.017474,0.012755,0.001543,-0.000575,0.016876,-0.003359,-0.004459,0.012012,-0.005645
0.001272,0.002496,-0.010344,-0.015163,0.016985,0.001333,0.008443,0.029716,0.017965,0.014454,0.000918,-0.000206,0.015711,-0.003532,-0.003682,0.010353,-0.006433
0.000181,-0.001071,-0.010862,-0.014438,0.017244,0.003982,0.007184,0.026669,0.018227,0.016134,0.000258,0.000139,0.013890,-0.003206,-0.003122,0.007157,-0.007975
-0.000651,-0.005148,-0.012494,-0.014191,0.016908,0.005383,0.005051,0.024026,0.018410,0.016980,-0.000324,0.000371,0.011488,-0.002644,-0.002560,0.004717,-0.009859
-0.001373,-0.008714,-0.013615,-0.013691,0.016246,0.005962,0.002565,0.021799,0.018355,0.016807,-0.001689,0.000178,0.009754,-0.002393,-0.002280,0.002929,-0.012094
-0.001246,-0.010306,-0.014898,-0.011659,0.015250,0.007373,0.001069,0.019582,0.018070,0.016464,-0.002982,-0.000026,0.007871,-0.002215,-0.001995,0.002063,-0.014807
-0.000736,-0.010830,-0.015582,-0.009206,0.014158,0.007889,0.000051,0.018885,0.017921,0.015936,-0.003396,0.000435,0.007056,-0.001900,-0.002507,0.002487,-0.017333
-0.001088,-0.010823,-0.015902,-0.006097,0.012932,0.008119,-0.000544,0.018542,0.017850,0.015838,-0.004032,0.000057,0.006236,-0.001560,-0.003876,0.003487,-0.020125
-0.001264,-0.011139,-0.015722,-0.003066,0.011588,0.008251,-0.001460,0.017933,0.017519,0.015783,-0.004528,-0.000354,0.005449,-0.001217,-0.005177,0.003291,-0.022704
-0.001070,-0.011169,-0.014727,-0.000658,0.010207,0.008421,-0.002701,0.017552,0.017206,0.015701,-0.004342,-0.000819,0.004949,-0.000670,-0.005938,0.002617,-0.024692
-0.001631,-0.010231,-0.013189,0.001739,0.008778,0.007859,-0.003671,0.016328,0.016447,0.014092,-0.003885,-0.000789,0.004392,-0.000049,-0.005510,0.001560,-0.026084
-0.001941,-0.009558,-0.011225,0.003369,0.006664,0.004735,-0.004890,0.014915,0.014952,0.012059,-0.003425,-0.000087,0.003643,0.001433,-0.005008,0.000586,-0.026743
-0.002329,-0.009477,-0.009699,0.004919,0.004233,0.001586,-0.005995,0.013042,0.012946,0.009807,-0.003324,0.000060,0.003100,0.003045,-0.006238,0.000121,-0.027489
-0.003063,-0.010068,-0.008790,0.007480,0.001373,0.001205,-0.007222,0.011378,0.010819,0.008167,-0.003177,0.000143,0.002720,0.004511,-0.007384,-0.000587,-0.027785
-0.003269,-0.011061,-0.007804,0.009985,-0.001530,0.000922,-0.008228,0.008370,0.008930,0.006934,-0.002853,0.001096,0.002874,0.005984,-0.008222,-0.001606,-0.027715
-0.002981,-0.011469,-0.006890,0.011965,-0.004377,0.000336,-0.009327,0.004732,0.006674,0.005686,-0.002420,0.001992,0.002631,0.007366,-0.008444,-0.002917,-0.027260
-0.002743,-0.012162,-0.005905,0.013674,-0.007326,-0.000543,-0.010036,0.001604,0.004402,0.004405,-0.002165,0.001515,0.002043,0.008357,-0.008594,-0.003873,-0.027004
-0.001639,-0.012163,-0.004811,0.015953,-0.010386,-0.001760,-0.010633,-0.001990,0.001844,0.004876,-0.002993,0.001073,0.000933,0.009224,-0.007981,-0.004231,-0.026638
-0.000533,-0.012199,-0.003779,0.017620,-0.013106,-0.003298,-0.011171,-0.005485,-0.000869,0.004588,-0.004715,0.000315,-0.000578,0.009902,-0.007093,-0.003920,-0.026102
0.000385,-0.011641,-0.002400,0.019805,-0.015950,-0.005302,-0.011854,-0.008110,-0.003659,0.003651,-0.006345,-0.000676,-0.002015,0.010565,-0.006213,-0.003277,-0.025472
0.001427,-0.010771,-0.001514,0.021715,-0.018542,-0.006123,-0.012183,-0.009606,-0.006313,0.002203,-0.008656,-0.001628,-0.003155,0.010989,-0.006616,-0.002525,-0.024706
0.002391,-0.009230,-0.000550,0.023723,-0.020676,-0.006833,-0.012355,-0.011028,-0.008556,0.001546,-0.010170,-0.003168,-0.003876,0.011722,-0.006714,-0.002285,-0.023708
0.003274,-0.007344,0.000812,0.025326,-0.022498,-0.007724,-0.012686,-0.012537,-0.010859,0.001254,-0.011510,-0.004597,-0.005596,0.012074,-0.006077,-0.002260,-0.022299
0.004468,-0.005458,0.002008,0.027423,-0.024024,-0.010012,-0.012867,-0.013913,-0.013391,0.000446,-0.012708,-0.006251,-0.007185,0.012116,-0.005211,-0.001815,-0.020801
0.005821,-0.002709,0.003240,0.028985,-0.025413,-0.012381,-0.012636,-0.015333,-0.015339,-0.000362,-0.013713,-0.007435,-0.008125,0.011918,-0.004478,-0.001056,-0.019402
0.007118,-0.000045,0.004260,0.030235,-0.025991,-0.015263,-0.011904,-0.016484,-0.016916,-0.000544,-0.014110,-0.007230,-0.008292,0.011578,-0.003583,-0.000537,-0.017854
0.007847,0.002490,0.005717,0.029353,-0.025690,-0.017131,-0.011290,-0.017267,-0.017877,-0.001066,-0.013277,-0.006912,-0.008907,0.010822,-0.001990,-0.000497,-0.015960
0.007161,0.004226,0.007211,0.024809,-0.024762,-0.016743,-0.010437,-0.017388,-0.018589,-0.001509,-0.012273,-0.006881,-0.009360,0.009881,-0.000390,-0.000962,-0.013621
0.006141,0.005031,0.008353,0.019918,-0.023582,-0.015257,-0.009849,-0.017509,-0.018762,-0.001873,-0.012526,-0.006871,-0.010020,0.008417,0.000840,-0.001305,-0.010975
0.005572,0.004862,0.009345,0.017231,-0.022244,-0.015828,-0.009213,-0.018501,-0.018592,-0.001883,-0.012691,-0.006731,-0.010341,0.007169,0.001496,-0.001680,-0.008948
0.004701,0.004268,0.009149,0.014892,-0.020904,-0.017373,-0.009114,-0.020172,-0.018632,-0.002092,-0.013171,-0.006469,-0.010919,0.006697,0.002223,-0.001033,-0.007293
0.004205,0.004366,0.008802,0.013240,-0.019834,-0.017692,-0.009363,-0.021774,-0.019068,-0.002680,-0.014053,-0.006565,-0.011872,0.006485,0.002982,-0.000230,-0.006032
0.004120,0.003480,0.007693,0.012846,-0.018594,-0.016947,-0.008995,-0.023179,-0.019369,-0.002793,-0.014724,-0.007152,-0.012757,0.006123,0.002666,0.001478,-0.005389
0.004032,0.002651,0.006470,0.012760,-0.017180,-0.016428,-0.008366,-0.023765,-0.019026,-0.002629,-0.014878,-0.007405,-0.013336,0.005820,0.001763,0.001937,-0.004543
0.003015,0.001409,0.005072,0.013022,-0.015697,-0.016263,-0.007068,-0.023609,-0.018092,-0.002400,-0.014894,-0.008244,-0.013602,0.005121,0.001076,0.002010,-0.004348
0.002213,-0.000311,0.004419,0.013457,-0.014091,-0.017129,-0.006151,-0.023067,-0.016850,-0.001486,-0.014805,-0.008357,-0.013446,0.003920,0.000813,0.001028,-0.004334
0.002004,-0.001002,0.004534,0.014178,-0.012410,-0.017540,-0.005367,-0.020827,-0.014839,-0.000921,-0.013898,-0.008256,-0.013211,0.002492,0.000987,-0.001473,-0.004096
0.001887,-0.000039,0.004556,0.014570,-0.010448,-0.017406,-0.004489,-0.018473,-0.012663,-0.001642,-0.012779,-0.007705,-0.012775,0.000964,0.001385,-0.004763,-0.004161
0.002200,0.000967,0.004741,0.014644,-0.009115,-0.018786,-0.003874,-0.015684,-0.011366,-0.002772,-0.011348,-0.007038,-0.013035,0.000400,0.001719,-0.007895,-0.003808
0.002465,0.001103,0.005037,0.014069,-0.008245,-0.020492,-0.003555,-0.012972,-0.010348,-0.004135,-0.009987,-0.006242,-0.013093,0.000158,0.001259,-0.010329,-0.004132
0.002578,0.000916,0.005279,0.013276,-0.007798,-0.021061,-0.003558,-0.010824,-0.009444,-0.005246,-0.008191,-0.005310,-0.012718,0.000004,0.000741,-0.012326,-0.004134
0.002603,0.000651,0.005422,0.012262,-0.007417,-0.019961,-0.003500,-0.009631,-0.009169,-0.006781,-0.006126,-0.003967,-0.012001,0.000066,0.000668,-0.014485,-0.003978
0.002967,0.000849,0.005503,0.010091,-0.007256,-0.018982,-0.003611,-0.008827,-0.009296,-0.008412,-0.003624,-0.002572,-0.010785,0.000243,0.000542,-0.015239,-0.003317
0.002982,0.000051,0.005702,0.008345,-0.007451,-0.017809,-0.003861,-0.008668,-0.009371,-0.009918,-0.001155,-0.002421,-0.009400,0.000604,0.000396,-0.015646,-0.002596
0.002773,-0.000746,0.005965,0.007574,-0.007517,-0.016600,-0.004052,-0.008859,-0.009477,-0.008795,0.000109,-0.002192,-0.008724,0.001087,0.000888,-0.015546,-0.002027
0.001934,-0.002021,0.006390,0.006861,-0.007882,-0.014711,-0.004560,-0.009077,-0.009476,-0.007541,0.001145,-0.001164,-0.008343,0.001711,0.001423,-0.014306,-0.001208
0.000932,-0.003877,0.006557,0.005562,-0.009162,-0.013025,-0.005501,-0.008746,-0.009604,-0.006679,0.002043,-0.000392,-0.007229,0.002152,0.001849,-0.012427,-0.000495
0.000165,-0.005810,0.005261,0.004251,-0.010749,-0.011463,-0.006418,-0.008099,-0.009685,-0.005173,0.001855,0.000600,-0.005524,0.002509,0.000865,-0.010414,0.000014
-0.000538,-0.006450,0.003577,0.003812,-0.012008,-0.009312,-0.007275,-0.007409,-0.009984,-0.003175,0.001657,0.001612,-0.003757,0.003491,-0.001311,-0.009430,0.000459
-0.001105,-0.006431,0.001253,0.003588,-0.012950,-0.006615,-0.008224,-0.007567,-0.010447,-0.001254,0.001596,0.002565,-0.002887,0.004312,-0.002978,-0.009007,0.000877
-0.001333,-0.006075,-0.000970,0.003659,-0.013919,-0.005362,-0.009550,-0.007664,-0.011386,-0.000290,0.001824,0.003824,-0.002038,0.005016,-0.003787,-0.008494,0.001114
-0.001930,-0.004656,-0.003034,0.003076,-0.014983,-0.003908,-0.010570,-0.009120,-0.012390,-0.000554,0.002328,0.004468,-0.001044,0.005645,-0.004129,-0.006793,0.001319
-0.002696,-0.003180,-0.005019,0.003525,-0.016061,-0.003019,-0.011596,-0.010744,-0.013162,-0.001006,0.003274,0.005646,-0.000584,0.006258,-0.004501,-0.005049,0.001771
-0.003798,-0.001368,-0.006661,0.003013,-0.017033,-0.001438,-0.012527,-0.013017,-0.014194,-0.001800,0.004596,0.006752,-0.000705,0.006974,-0.004802,-0.003064,0.002203
-0.004832,0.000377,-0.008175,0.001542,-0.018087,-0.001384,-0.013339,-0.015273,-0.016156,-0.002587,0.004940,0.007815,-0.000733,0.007554,-0.005302,-0.000967,0.002319
-0.005563,0.002437,-0.009807,0.000103,-0.019319,-0.001107,-0.014032,-0.017965,-0.018289,-0.003600,0.004360,0.008714,-0.000081,0.008144,-0.006605,0.001163,0.002425
-0.005741,0.004494,-0.010714,-0.001433,-0.020400,-0.001232,-0.014681,-0.020356,-0.020732,-0.004840,0.003618,0.010644,0.000885,0.008581,-0.009230,0.002403,0.002493
-0.006395,0.006212,-0.011256,-0.002691,-0.021403,-0.001325,-0.015132,-0.023180,-0.023419,-0.007174,0.003032,0.012365,0.001319,0.009595,-0.012183,0.003496,0.002421
-0.006769,0.009173,-0.011225,-0.003778,-0.022363,0.000283,-0.015409,-0.025804,-0.026045,-0.009960,0.002898,0.013554,0.001267,0.010645,-0.015209,0.003501,0.002293
-0.007383,0.009973,-0.011135,-0.004868,-0.022744,0.001405,-0.015267,-0.027978,-0.028362,-0.011982,0.002783,0.013914,0.000807,0.011731,-0.019471,0.003739,0.001592
-0.007950,0.011360,-0.011159,-0.005076,-0.023277,0.002200,-0.014924,-0.029580,-0.030784,-0.013501,0.002473,0.014241,-0.000340,0.012964,-0.023613,0.002728,0.001241
-0.008377,0.011422,-0.011361,-0.005195,-0.023482,0.002828,-0.014209,-0.030902,-0.033199,-0.013623,0.002133,0.014705,-0.001447,0.014117,-0.027151,0.001433,0.000859
-0.008460,0.012151,-0.011377,-0.004920,-0.023253,0.002207,-0.013548,-0.031774,-0.035099,-0.013488,0.001897,0.015559,-0.002422,0.014933,-0.030274,0.000245,0.000532
-0.008134,0.013101,-0.011041,-0.003024,-0.022724,0.001666,-0.012651,-0.032123,-0.035928,-0.013309,0.001603,0.016451,-0.003217,0.015649,-0.033454,-0.000045,0.000404
-0.008155,0.014589,-0.010591,-0.001033,-0.022150,0.001257,-0.012377,-0.032531,-0.036221,-0.012981,0.001266,0.017076,-0.004197,0.016447,-0.035904,-0.000990,0.000604
-0.007598,0.016016,-0.009770,0.001035,-0.021742,-0.000265,-0.011723,-0.032954,-0.036708,-0.012874,0.001234,0.016718,-0.004922,0.017099,-0.037919,-0.002353,0.000760
-0.007183,0.015981,-0.008738,0.002600,-0.021354,-0.003617,-0.011450,-0.033059,-0.037020,-0.013531,0.001417,0.016005,-0.005958,0.017465,-0.039630,-0.003740,0.000563
-0.006408,0.015086,-0.007536,0.003316,-0.021095,-0.006879,-0.010308,-0.033132,-0.037116,-0.014577,0.001558,0.015154,-0.006712,0.017901,-0.041143,-0.004803,0.000420
-0.005505,0.014527,-0.006221,0.003853,-0.020570,-0.010418,-0.009122,-0.033030,-0.037673,-0.015713,0.000892,0.015663,-0.007843,0.019156,-0.043062,-0.003990,0.000271
-0.004599,0.013892,-0.004976,0.003483,-0.020061,-0.014144,-0.007863,-0.033414,-0.038544,-0.016314,0.000553,0.017473,-0.010012,0.022418,-0.047619,-0.001846,0.000445
-0.004691,0.011771,-0.003931,0.003168,-0.019475,-0.017497,-0.007290,-0.034037,-0.039098,-0.016863,0.000362,0.018427,-0.011955,0.025321,-0.052077,0.001344,0.000492
-0.004982,0.009593,-0.002760,0.004101,-0.018624,-0.019683,-0.007121,-0.034704,-0.039542,-0.016373,0.000016,0.018934,-0.014057,0.028683,-0.055955,0.004765,0.000499
-0.005968,0.007760,-0.001093,0.005075,-0.018275,-0.020961,-0.007208,-0.035771,-0.039791,-0.015825,-0.000482,0.019506,-0.015973,0.032442,-0.059545,0.008261,0.000765
-0.007691,0.005948,0.000879,0.003843,-0.018467,-0.022014,-0.007339,-0.036023,-0.040617,-0.014967,-0.001797,0.019999,-0.017356,0.036024,-0.063731,0.011624,0.001191
-0.009165,0.004049,0.001968,0.002597,-0.019847,-0.023316,-0.007577,-0.035484,-0.041973,-0.013768,-0.003230,0.020379,-0.018651,0.039175,-0.068258,0.016921,0.001943
-0.010276,0.002154,0.002037,0.002996,-0.022181,-0.024540,-0.007919,-0.035108,-0.044894,-0.012588,-0.004306,0.021328,-0.019670,0.041753,-0.073446,0.021524,0.002893
-0.010843,0.000165,0.001154,0.004459,-0.024329,-0.025710,-0.008265,-0.035291,-0.048363,-0.011725,-0.005140,0.021910,-0.020472,0.043132,-0.077630,0.025084,0.003890
-0.011134,-0.001588,0.001753,0.005121,-0.027063,-0.026480,-0.009469,-0.036560,-0.052187,-0.011022,-0.005301,0.023092,-0.023418,0.044031,-0.080008,0.027256,0.004686
-0.013346,-0.002513,0.003066,0.009715,-0.034173,-0.024367,-0.012233,-0.037933,-0.063842,-0.016315,-0.001056,0.034249,-0.028466,0.044626,-0.095429,0.037131,0.006466
-0.015608,-0.003513,0.004233,0.014847,-0.040621,-0.022017,-0.014881,-0.039043,-0.073806,-0.020954,0.003526,0.044376,-0.033441,0.044683,-0.108821,0.046165,0.008395
-0.017729,-0.004290,0.004887,0.019539,-0.046162,-0.019430,-0.017334,-0.040435,-0.082579,-0.024938,0.007361,0.053305,-0.037806,0.044347,-0.120573,0.054501,0.010196
-0.019624,-0.004940,0.005347,0.023458,-0.051221,-0.018842,-0.019492,-0.041562,-0.090863,-0.028326,0.009927,0.061287,-0.041473,0.043781,-0.130749,0.062086,0.011440
-0.020854,-0.005249,0.005633,0.026913,-0.055769,-0.018176,-0.021249,-0.042703,-0.098104,-0.031375,0.012193,0.068179,-0.044019,0.042949,-0.139399,0.068847,0.012525
-0.021535,-0.005572,0.006385,0.029904,-0.059489,-0.016368,-0.022684,-0.043376,-0.104536,-0.034268,0.014127,0.075138,-0.045875,0.041608,-0.146902,0.073785,0.013451
-0.021937,-0.005909,0.007085,0.032427,-0.062587,-0.014407,-0.023834,-0.043527,-0.109668,-0.037558,0.016221,0.081012,-0.047671,0.039739,-0.152823,0.077559,0.014182
-0.022139,-0.005209,0.008172,0.034122,-0.064851,-0.011615,-0.024471,-0.043157,-0.113608,-0.041370,0.018317,0.085532,-0.048924,0.037510,-0.157073,0.078977,0.014609
-0.022189,-0.004964,0.009171,0.035328,-0.066281,-0.009208,-0.024697,-0.042062,-0.116086,-0.044734,0.020163,0.088948,-0.049999,0.034979,-0.160164,0.079376,0.014347
-0.021974,-0.003872,0.009819,0.036410,-0.067264,-0.006549,-0.024598,-0.040158,-0.117663,-0.047502,0.021485,0.091260,-0.050470,0.032278,-0.161515,0.078320,0.013876
-0.021394,-0.003520,0.010117,0.037258,-0.067440,-0.003816,-0.024176,-0.037698,-0.118394,-0.048575,0.022538,0.092860,-0.050337,0.029363,-0.160884,0.076323,0.013355
-0.020542,-0.002210,0.010352,0.037699,-0.066696,-0.000831,-0.023430,-0.034564,-0.117745,-0.049002,0.023592,0.093190,-0.049712,0.026306,-0.158567,0.073285,0.012668
-0.019467,-0.000809,0.010469,0.038156,-0.065137,0.002464,-0.022359,-0.031862,-0.115662,-0.048566,0.024396,0.092430,-0.048490,0.022982,-0.154928,0.071284,0.012037
-0.018562,0.000683,0.010466,0.038239,-0.063180,0.005935,-0.021805,-0.029210,-0.112195,-0.047552,0.024951,0.090470,-0.046948,0.019627,-0.149373,0.068389,0.011727
-0.016982,0.002390,0.010623,0.038488,-0.060877,0.008436,-0.020986,-0.026641,-0.107586,-0.046238,0.025472,0.087211,-0.044147,0.015877,-0.141982,0.064295,0.011275
-0.015389,0.003357,0.010588,0.038370,-0.057876,0.009657,-0.020561,-0.023656,-0.101842,-0.045106,0.026034,0.082782,-0.041064,0.011732,-0.132790,0.059285,0.010712
-0.013541,0.003610,0.010448,0.037029,-0.054587,0.010874,-0.019203,-0.020307,-0.095013,-0.043471,0.026106,0.077294,-0.037380,0.007449,-0.122036,0.053530,0.010142
-0.011443,0.003849,0.010202,0.035060,-0.050581,0.010131,-0.017481,-0.016877,-0.087273,-0.040984,0.025115,0.072054,-0.033708,0.003839,-0.110423,0.048952,0.009443
-0.009095,0.004074,0.009648,0.032553,-0.045859,0.008686,-0.015483,-0.014126,-0.079005,-0.037478,0.023831,0.067495,-0.030949,0.002322,-0.100467,0.043738,0.008614
-0.007343,0.003416,0.008850,0.029690,-0.040449,0.007057,-0.013594,-0.011195,-0.069643,-0.033408,0.022367,0.062041,-0.027738,0.000694,-0.089770,0.038689,0.007567
-0.005784,0.002682,0.007924,0.026459,-0.034336,0.006286,-0.012016,-0.008592,-0.059626,-0.029071,0.020616,0.055673,-0.023991,-0.000196,-0.077933,0.033785,0.006383
-0.004389,0.002304,0.006904,0.022789,-0.027846,0.006075,-0.010230,-0.006586,-0.048796,-0.024306,0.018392,0.048027,-0.019787,-0.000413,-0.065344,0.028259,0.005064
-0.003931,0.001944,0.005928,0.017924,-0.021421,0.005804,-0.008236,-0.004514,-0.037853,-0.019417,0.015148,0.039736,-0.015372,-0.000200,-0.052958,0.022111,0.003799
-0.003410,0.001543,0.004838,0.012567,-0.015483,0.005471,-0.006189,-0.002309,-0.027084,-0.014631,0.011554,0.030541,-0.011255,0.000249,-0.040821,0.017683,0.002798
-0.002705,0.001101,0.002868,0.007942,-0.010273,0.004420,-0.004128,-0.000829,-0.017590,-0.009761,0.007930,0.021116,-0.006813,0.000512,-0.028214,0.012800,0.001899
-0.001474,0.000573,0.000729,0.004130,-0.004921,0.002298,-0.001916,0.000435,-0.008617,-0.005076,0.003978,0.010836,-0.002238,0.000267,-0.014653,0.007155,0.001051
