AU01,AU02,AU04,AU05,AU06,AU07,AU09,AU10,AU12,AU14,AU15,AU17,AU20,AU23,AU25,AU26,AU45
0.001247,0.008201,-0.001383,-0.003585,0.002511,-0.000389,0.000717,0.002384,0.001564,-0.001719,0.002562,-0.001466,-0.001249,-0.000956,-0.001473,0.003078,-0.001286
0.001089,0.011530,-0.002091,-0.004361,0.003782,0.001734,0.002121,0.004818,0.002183,-0.001480,0.004664,-0.001094,-0.002381,-0.001303,-0.000653,0.004703,-0.001433
0.000282,0.011172,-0.002914,-0.005067,0.004797,0.005513,0.003448,0.007866,0.002956,-0.000057,0.006674,-0.000291,-0.003470,-0.001571,0.000709,0.005363,-0.001293
-0.001292,0.007891,-0.003364,-0.005032,0.005613,0.010203,0.004535,0.010484,0.004033,0.002470,0.008037,0.000652,-0.003831,-0.001790,0.002859,0.005244,-0.000709
-0.003092,0.002800,-0.002967,-0.004269,0.005963,0.014882,0.005184,0.012598,0.005294,0.005311,0.008462,0.001523,-0.002974,-0.001804,0.005432,0.004528,0.000247
-0.004775,-0.002419,-0.001860,-0.003225,0.005721,0.018088,0.004770,0.013622,0.007108,0.007965,0.007407,0.001960,-0.001191,-0.001650,0.008520,0.003139,0.001526
-0.005584,-0.006705,-0.000249,-0.002244,0.004920,0.018365,0.003333,0.012917,0.009537,0.010506,0.004644,0.001578,0.001461,-0.001333,0.010983,0.000473,0.002717
-0.005466,-0.008520,0.001224,-0.000466,0.003867,0.015551,0.000778,0.011570,0.012379,0.012743,0.000101,0.000934,0.004820,-0.000837,0.012710,-0.002814,0.003695
-0.004163,-0.007179,0.001989,0.001208,0.003639,0.010815,-0.001064,0.009950,0.015111,0.013932,-0.005270,-0.000088,0.007184,-0.000540,0.013153,-0.005181,0.003888
-0.001568,-0.001955,0.002052,0.003419,0.004301,0.004911,-0.002060,0.008293,0.016977,0.014234,-0.010544,-0.000670,0.007950,-0.000326,0.012221,-0.006443,0.003258
0.001517,0.006738,0.001859,0.005806,0.005467,-0.000524,-0.001607,0.007305,0.017425,0.013277,-0.013487,-0.000958,0.006698,0.000190,0.009881,-0.006837,0.002193
0.004472,0.012003,0.001132,0.007440,0.006445,-0.003663,-0.000323,0.006680,0.016120,0.012830,-0.014181,-0.000731,0.003311,0.000705,0.005916,-0.006940,0.000799
0.006155,0.013287,0.000157,0.008673,0.007449,-0.003820,0.001379,0.005379,0.013326,0.012293,-0.012329,-0.000169,-0.001313,0.001021,0.002476,-0.006355,-0.000550
0.006153,0.010934,-0.000132,0.008784,0.008437,-0.001263,0.002827,0.003972,0.009479,0.010415,-0.008159,0.000025,-0.005503,0.001306,-0.000689,-0.004395,-0.001718
0.004756,0.007275,-0.000057,0.007229,0.008383,0.002581,0.002956,0.001698,0.005485,0.006269,-0.002610,-0.000586,-0.008844,0.001493,-0.002533,-0.001048,-0.002443
0.002261,0.002437,0.000630,0.004455,0.007015,0.005561,0.001913,-0.001758,0.002100,0.002003,0.002456,-0.001794,-0.011369,0.001737,-0.003424,0.002509,-0.002608
-0.001083,-0.002335,0.000811,0.002072,0.004387,0.006534,-0.000592,-0.005001,-0.000551,-0.001780,0.005907,-0.002734,-0.011702,0.001917,-0.002731,0.005097,-0.002448
-0.004411,-0.005944,0.000303,-0.000743,0.001283,0.005800,-0.003297,-0.007558,-0.002409,-0.005520,0.007960,-0.003237,-0.010184,0.001918,-0.001105,0.007318,-0.002365
-0.005907,-0.006645,-0.000928,-0.001909,-0.001077,0.002755,-0.005646,-0.009111,-0.003876,-0.008861,0.008708,-0.003174,-0.007359,0.001723,0.000245,0.007993,-0.002386
-0.005848,-0.004969,-0.002354,-0.001866,-0.002871,-0.001514,-0.007008,-0.009237,-0.005213,-0.012221,0.008630,-0.002992,-0.004314,0.002046,0.000399,0.006769,-0.002005
-0.003854,-0.003601,-0.003063,-0.000954,-0.004957,-0.006305,-0.006862,-0.008577,-0.007135,-0.013445,0.007729,-0.002362,-0.002189,0.002390,-0.001774,0.004101,-0.001307
-0.000530,-0.003109,-0.003517,0.000337,-0.007095,-0.009833,-0.005366,-0.007972,-0.009609,-0.013231,0.006756,-0.000878,-0.001263,0.002496,-0.003600,0.000331,-0.000456
0.002156,-0.004612,-0.002863,0.000587,-0.007742,-0.011138,-0.003144,-0.006616,-0.011531,-0.012281,0.005516,0.000241,-0.000439,0.002423,-0.005458,-0.003679,0.000457
0.003503,-0.006474,-0.002494,-0.000181,-0.008100,-0.009429,-0.000587,-0.005489,-0.012799,-0.011973,0.003947,0.000708,0.000563,0.002225,-0.006427,-0.006776,0.001455
0.002981,-0.008417,-0.001275,-0.000381,-0.008084,-0.004758,0.001852,-0.004523,-0.012822,-0.010952,0.001357,0.000768,0.000818,0.001827,-0.006895,-0.007179,0.002565
0.001806,-0.008760,-0.000202,0.000014,-0.007928,0.000950,0.003835,-0.003654,-0.012073,-0.009487,-0.001945,0.000953,0.001052,0.000899,-0.006259,-0.006343,0.003111
0.000107,-0.007321,0.001325,0.000285,-0.007974,0.006058,0.005145,-0.003002,-0.010314,-0.007439,-0.004648,0.001750,0.001785,-0.000351,-0.004618,-0.004267,0.002739
-0.000556,-0.003717,0.002446,0.001377,-0.006626,0.008589,0.005664,-0.002434,-0.008042,-0.005687,-0.006033,0.002439,0.002852,-0.001782,-0.002453,-0.001724,0.001585
-0.000539,0.000026,0.002606,0.002175,-0.004305,0.008614,0.005265,-0.001880,-0.005819,-0.004869,-0.005761,0.002429,0.003768,-0.002658,-0.000249,0.000729,0.000890
0.000734,0.003986,0.003147,0.002418,-0.002350,0.005428,0.004468,-0.001523,-0.004276,-0.004292,-0.004258,0.002022,0.003531,-0.003202,0.000687,0.003070,0.000715
0.003399,0.007406,0.003273,0.001014,-0.001439,0.000413,0.002973,-0.001967,-0.003703,-0.003834,-0.001453,0.002002,0.002239,-0.004016,0.001385,0.004943,0.001528
0.005559,0.008375,0.003765,-0.004011,-0.000237,-0.005448,0.001277,-0.002297,-0.003287,-0.001985,0.002123,0.002067,0.000964,-0.005217,0.001050,0.005469,0.004399
0.005410,0.007091,0.003532,-0.011566,0.000719,-0.009843,-0.000397,-0.002922,-0.003295,0.000297,0.005351,0.002055,0.000136,-0.006026,0.000386,0.004848,0.009410
0.002661,0.003848,0.003850,-0.016660,0.001145,-0.009689,-0.001638,-0.003099,-0.003324,0.002830,0.007023,0.001969,-0.000249,-0.006307,-0.000927,0.004741,0.014956
-0.000012,0.001423,0.003680,-0.018674,0.001157,-0.005516,-0.002289,-0.002609,-0.003435,0.004862,0.006994,0.002091,-0.000091,-0.006301,-0.001806,0.004684,0.018987
-0.002322,0.001024,0.003774,-0.017398,0.000463,0.000131,-0.002428,-0.001828,-0.003099,0.007101,0.006097,0.002823,0.000845,-0.005652,-0.002569,0.004208,0.019591
-0.003700,0.001481,0.003092,-0.011877,-0.000537,0.003734,-0.002272,-0.001351,-0.002460,0.008394,0.004427,0.004138,0.002089,-0.003806,-0.002125,0.004340,0.015324
-0.003996,0.001166,0.001170,-0.003513,-0.001757,0.003950,-0.002021,-0.001192,-0.001652,0.008254,0.002394,0.005068,0.003432,-0.000572,-0.000222,0.004657,0.007321
-0.003059,0.000862,-0.001220,0.006327,-0.003662,0.001232,-0.001795,-0.001210,-0.000892,0.006234,0.000012,0.005248,0.004031,0.003774,0.002386,0.004900,-0.004115
-0.000765,0.000355,-0.004203,0.015481,-0.006200,-0.004096,-0.002319,-0.001524,-0.000343,0.001990,-0.002284,0.004974,0.003282,0.008011,0.005288,0.004959,-0.017164
0.001552,-0.000477,-0.007168,0.020128,-0.008197,-0.011518,-0.002749,-0.001823,0.000201,-0.000841,-0.003426,0.004591,0.001914,0.010571,0.006847,0.004177,-0.027456
0.002539,-0.001637,-0.008725,0.019910,-0.008710,-0.018841,-0.003229,-0.002176,0.000512,-0.002372,-0.003474,0.003890,0.000208,0.011501,0.006882,0.002595,-0.031825
0.002060,-0.003328,-0.007964,0.017815,-0.007959,-0.023056,-0.003245,-0.002054,0.000541,-0.003097,-0.002998,0.002623,-0.000821,0.010751,0.004853,0.000369,-0.030517
0.001504,-0.004353,-0.005741,0.013991,-0.005888,-0.022086,-0.002945,-0.000796,0.000374,-0.003400,-0.002550,0.000723,-0.001183,0.008174,0.001905,-0.002214,-0.024194
0.000996,-0.002627,-0.002934,0.008749,-0.002578,-0.016609,-0.002251,0.001410,0.000083,-0.002401,-0.001859,-0.002049,-0.000841,0.004354,-0.001985,-0.004976,-0.015046
0.000503,-0.000149,-0.000504,0.004446,0.000835,-0.009609,-0.001331,0.003333,-0.000630,-0.000736,-0.001315,-0.004342,0.000252,0.000607,-0.005177,-0.006561,-0.006010
0.000194,0.001749,0.001167,0.001190,0.003710,-0.004187,-0.000172,0.004503,-0.001303,0.000956,-0.001046,-0.005816,0.002092,-0.002522,-0.006787,-0.006884,0.001958
0.000127,0.002093,0.002001,-0.000856,0.005151,0.001115,0.000568,0.004728,-0.001826,0.001913,-0.001211,-0.006706,0.004201,-0.004533,-0.006843,-0.006338,0.007420
0.000697,0.001275,0.002159,-0.001397,0.004805,0.005563,0.000469,0.004058,-0.002245,0.000546,-0.001778,-0.006890,0.004923,-0.005041,-0.005665,-0.005093,0.009265
0.000902,0.000011,0.001622,-0.001590,0.003139,0.009455,0.000061,0.002500,-0.002681,-0.000542,-0.002189,-0.005991,0.004245,-0.004619,-0.004022,-0.003259,0.008921
0.000565,-0.000889,0.001759,-0.001754,0.001139,0.011574,-0.000350,0.000281,-0.002965,-0.001376,-0.001618,-0.004858,0.002435,-0.003619,-0.002184,-0.000864,0.007789
-0.000063,-0.000946,0.002856,-0.000319,-0.000792,0.012246,-0.000447,-0.001843,-0.002963,-0.002197,-0.000164,-0.003431,0.000230,-0.002203,-0.000713,0.001083,0.005972
-0.000336,-0.000246,0.004243,0.001609,-0.001932,0.013901,-0.000341,-0.003226,-0.002431,-0.003100,0.001104,-0.002032,-0.002189,-0.001126,0.000123,0.002323,0.004479
-0.000256,0.002069,0.005235,0.002742,-0.001965,0.015737,0.000140,-0.003329,-0.001472,-0.003214,0.002203,-0.001561,-0.004553,-0.000402,0.000495,0.003316,0.003202
0.000167,0.005103,0.005021,0.003470,-0.001180,0.016144,0.000769,-0.002553,-0.000580,-0.002432,0.003455,-0.001636,-0.005596,0.000310,0.000868,0.003596,0.002172
-0.000203,0.007504,0.003617,0.003050,-0.000022,0.012804,0.001159,-0.000771,0.000345,-0.001199,0.004657,-0.001174,-0.005153,0.000913,0.001116,0.003214,0.001485
-0.001074,0.007639,0.001100,0.001169,0.001238,0.007041,0.001073,0.001408,0.001472,-0.000350,0.005128,-0.000075,-0.002763,0.001237,0.001194,0.002093,0.001308
-0.001421,0.006129,-0.001988,-0.001462,0.001984,0.000209,0.000471,0.003458,0.002607,-0.000752,0.004935,0.001407,0.000541,0.001341,0.000890,0.000456,0.001116
-0.001593,0.003149,-0.005026,-0.004527,0.002155,-0.004532,-0.000456,0.004678,0.002978,-0.000997,0.003861,0.003512,0.004086,0.001569,-0.000194,-0.000905,0.000977
-0.001641,-0.000786,-0.006820,-0.007423,0.001791,-0.008136,-0.001319,0.004692,0.002550,-0.001131,0.003031,0.004946,0.007210,0.001621,-0.000908,-0.001627,0.000707
-0.001309,-0.004177,-0.006712,-0.008580,0.000831,-0.010788,-0.001862,0.003638,0.001645,-0.001044,0.002331,0.006124,0.008546,0.001394,-0.001315,-0.001616,0.000085
-0.000426,-0.006348,-0.005369,-0.007969,0.000096,-0.009983,-0.001934,0.001584,0.000671,-0.001086,0.000752,0.006558,0.007166,0.000595,-0.001659,-0.000381,-0.000364
0.001032,-0.007535,-0.002598,-0.006600,-0.000323,-0.006243,-0.001074,-0.001026,-0.000154,-0.000895,-0.001890,0.006944,0.003268,-0.000401,-0.001171,0.002720,-0.000787
0.002582,-0.008181,0.000425,-0.004853,-0.000378,-0.001462,0.000700,-0.003953,-0.000686,-0.000225,-0.004060,0.006654,-0.000403,-0.001392,0.000201,0.005755,-0.000677
0.002595,-0.008524,0.003321,-0.002942,-0.000509,0.001897,0.002052,-0.005498,-0.000819,0.000915,-0.005210,0.006092,-0.003748,-0.002083,0.001008,0.007920,-0.000166
0.001353,-0.007735,0.005457,-0.001244,-0.000419,0.002594,0.002923,-0.005467,-0.000478,0.001708,-0.006416,0.005151,-0.005790,-0.002446,0.001102,0.007168,0.000735
-0.000037,-0.005696,0.006298,-0.000037,-0.000482,0.000758,0.003454,-0.004232,0.000206,0.001596,-0.006841,0.003646,-0.006202,-0.002533,0.000593,0.003875,0.001474
-0.001477,-0.002902,0.005744,0.000615,-0.000615,-0.000844,0.003843,-0.002425,0.000572,0.001358,-0.006988,0.001815,-0.004819,-0.001659,-0.001438,0.000186,0.001846
-0.002763,-0.000657,0.004194,0.001603,-0.000805,-0.002075,0.003667,-0.000647,0.000480,0.000949,-0.005932,-0.000689,-0.002229,-0.000122,-0.002991,-0.004040,0.001523
-0.002833,0.001639,0.002554,0.002941,-0.001137,-0.002424,0.003158,0.000994,0.000275,0.001013,-0.003943,-0.003073,0.000435,0.001038,-0.003984,-0.007767,0.000542
-0.001677,0.004240,0.001236,0.005139,-0.001055,-0.001649,0.002288,0.002325,0.000036,0.001415,-0.001783,-0.006124,0.001474,0.001574,-0.004318,-0.009263,-0.000403
0.000670,0.006227,0.000852,0.007446,-0.000589,0.000467,0.001460,0.003037,-0.000037,0.001986,-0.000449,-0.007127,0.000428,0.001620,-0.003418,-0.007521,-0.001446
0.003184,0.005714,0.000789,0.008844,0.000163,0.004068,0.001101,0.002725,0.000112,0.002468,0.000499,-0.006462,-0.000456,0.001443,-0.001084,-0.003614,-0.002456
0.004858,0.002841,0.000902,0.009202,0.000404,0.007763,0.000444,0.002318,0.000406,0.002795,0.001635,-0.004408,-0.001116,0.001309,0.001035,0.001825,-0.002946
0.006227,0.000499,0.000648,0.008384,0.000355,0.009324,-0.000982,0.002087,0.000683,0.002738,0.001764,-0.001930,-0.000796,0.001008,0.002817,0.004522,-0.003074
0.007165,-0.000818,-0.000014,0.006013,0.000003,0.007232,-0.002547,0.001116,0.000625,0.001815,0.001886,0.000042,0.000190,0.000562,0.003986,0.003686,-0.002996
0.006601,-0.000862,-0.001055,0.002179,-0.000486,0.002478,-0.003442,-0.000345,0.000029,0.000239,0.001399,0.001271,0.001707,0.000683,0.003806,0.002536,-0.002614
0.004282,-0.001120,-0.002569,-0.002079,-0.001044,-0.004200,-0.004174,-0.002386,-0.000967,-0.001924,0.001299,0.001528,0.003651,0.001390,0.003630,0.000871,-0.002019
0.001307,-0.001092,-0.004273,-0.006350,-0.001623,-0.009927,-0.004425,-0.004266,-0.001898,-0.004105,0.001685,0.000905,0.005172,0.001766,0.003578,-0.000934,-0.001203
-0.001566,-0.000318,-0.005151,-0.009375,-0.001755,-0.013776,-0.003958,-0.005200,-0.002364,-0.005254,0.002603,-0.001641,0.005593,0.001503,0.003582,-0.001999,0.000108
-0.004031,0.001406,-0.004800,-0.010408,-0.001289,-0.015209,-0.002837,-0.004980,-0.001964,-0.005345,0.003336,-0.003614,0.003989,0.000520,0.003514,-0.001686,0.001125
-0.005890,0.002787,-0.003456,-0.009842,-0.000227,-0.012705,-0.000863,-0.003802,-0.000869,-0.004436,0.003533,-0.004596,0.001035,-0.000583,0.003381,-0.000144,0.001350
-0.007262,0.003104,-0.001586,-0.007920,0.000408,-0.006118,0.001797,-0.001636,0.000368,-0.002620,0.004060,-0.004206,-0.002946,-0.001326,0.002528,0.002213,0.001464
-0.006716,0.003987,-0.000166,-0.005073,0.000641,0.001635,0.003711,0.001361,0.001594,-0.000082,0.004197,-0.002736,-0.005935,-0.001825,0.001423,0.003346,0.001075
-0.004379,0.005181,0.000775,-0.001423,0.000592,0.008112,0.004653,0.003132,0.002449,0.002351,0.004147,-0.001175,-0.007617,-0.002246,-0.000101,0.001716,0.000320
-0.001752,0.006508,0.000902,0.001698,0.000453,0.011981,0.004887,0.003702,0.002605,0.004532,0.003259,0.000757,-0.008014,-0.002298,-0.002255,-0.000539,-0.000453
0.000336,0.006805,0.000385,0.003997,0.000694,0.012314,0.004537,0.003200,0.001770,0.006129,0.001998,0.002532,-0.005892,-0.001924,-0.003611,-0.002588,-0.000910
0.001726,0.005726,-0.000566,0.005247,0.001161,0.009986,0.003368,0.002298,0.000217,0.006676,0.000426,0.003752,-0.002585,-0.001322,-0.003963,-0.003844,-0.001006
0.002460,0.003405,-0.001132,0.003975,0.001634,0.006049,0.001979,0.001515,-0.001305,0.006205,-0.001219,0.003477,0.001407,-0.000784,-0.003285,-0.004266,-0.000413
0.002327,0.000843,-0.001115,0.001450,0.002089,0.001635,0.000321,0.000801,-0.002141,0.004665,-0.003251,0.002472,0.004177,-0.000571,-0.001824,-0.003448,0.000322
0.001794,-0.001572,-0.000477,-0.002320,0.002362,-0.001970,-0.001230,0.000271,-0.002233,0.002467,-0.005595,0.001628,0.004959,-0.000485,-0.000054,-0.000824,0.001078
0.000572,-0.004587,0.000549,-0.006399,0.002107,-0.003007,-0.002148,0.000092,-0.002206,0.000261,-0.006666,0.001161,0.003332,-0.000197,0.001435,0.002191,0.001926
-0.000349,-0.006362,0.001630,-0.009921,0.001039,-0.002953,-0.002937,0.000542,-0.001988,-0.001432,-0.006466,0.000995,0.000762,0.000280,0.002551,0.004458,0.002622
-0.000690,-0.006976,0.002780,-0.010571,-0.000661,-0.001869,-0.003643,0.000413,-0.001240,-0.002940,-0.005401,0.000572,-0.002153,0.000537,0.002980,0.004507,0.003098
-0.000616,-0.005861,0.002755,-0.008562,-0.002610,-0.000252,-0.003819,-0.000350,-0.000158,-0.003980,-0.003858,0.000578,-0.004714,0.000427,0.001930,0.002752,0.003537
-0.000291,-0.003443,0.002073,-0.003509,-0.003571,0.001400,-0.003004,-0.001257,0.000467,-0.004202,-0.001929,0.000160,-0.005072,-0.000031,0.000738,0.000163,0.004030
0.000151,-0.000587,0.000771,0.004366,-0.003398,0.002972,-0.001762,-0.001713,0.000532,-0.003746,0.000293,-0.000578,-0.003457,-0.000631,-0.000649,-0.002394,0.004105
0.000506,0.002115,0.000142,0.011123,-0.002362,0.003588,-0.000082,-0.001662,0.000362,-0.003560,0.002690,-0.002354,-0.000249,-0.001214,-0.001886,-0.004690,0.003753
0.001093,0.004360,0.000149,0.016430,-0.000626,0.003352,0.001560,-0.001617,0.000290,-0.003763,0.005070,-0.004823,0.003265,-0.001762,-0.002695,-0.006399,0.002702
0.001933,0.006057,0.000457,0.018887,0.001081,0.002117,0.002761,-0.001660,0.000378,-0.003869,0.006834,-0.006270,0.005477,-0.002130,-0.003269,-0.005605,0.001532
0.002339,0.005138,0.000903,0.017414,0.002677,0.001232,0.003069,-0.001616,0.000357,-0.003264,0.008133,-0.006349,0.005696,-0.002177,-0.003525,-0.002692,0.000434
0.001494,0.002791,0.002688,0.009517,0.004993,0.002249,0.002406,-0.000667,0.000215,-0.001800,0.008875,-0.005192,0.004376,-0.002622,-0.003409,0.001168,0.003956
-0.000388,-0.000938,0.005605,-0.003952,0.007689,0.007392,0.001172,0.001012,0.000782,0.000222,0.007856,-0.002784,0.001342,-0.004693,-0.003871,0.004267,0.017515
-0.002569,-0.004084,0.008000,-0.019361,0.010050,0.014918,0.000394,0.003021,0.001461,0.001964,0.004515,0.000463,-0.002584,-0.007741,-0.005200,0.006080,0.035597
-0.004775,-0.005390,0.009822,-0.032617,0.011975,0.022476,0.000649,0.004664,0.001869,0.003645,0.000279,0.003531,-0.005812,-0.010825,-0.006201,0.006251,0.053228
-0.006742,-0.005064,0.009698,-0.039920,0.012704,0.027757,0.001473,0.005460,0.001759,0.004953,-0.003772,0.006332,-0.007295,-0.012874,-0.006682,0.005125,0.063623
-0.008278,-0.003918,0.008027,-0.040759,0.010794,0.027013,0.002358,0.005017,0.001251,0.004599,-0.006771,0.007561,-0.005173,-0.012142,-0.005861,0.002886,0.061013
-0.007635,-0.002106,0.004608,-0.033658,0.006485,0.019633,0.003031,0.002978,-0.000017,0.002329,-0.007405,0.006702,-0.000132,-0.008463,-0.003459,-0.000285,0.044003
-0.004160,0.000424,-0.000569,-0.015525,-0.000561,0.003784,0.002533,-0.000695,-0.001886,-0.000772,-0.006454,0.004667,0.005795,-0.001596,-0.000368,-0.003327,0.011024
0.001455,0.001816,-0.007420,0.010214,-0.010510,-0.018700,-0.000063,-0.005262,-0.003848,-0.003497,-0.004431,0.002362,0.011096,0.007866,0.003490,-0.005691,-0.035387
0.006003,0.001829,-0.012642,0.033907,-0.018948,-0.040063,-0.003880,-0.008853,-0.005063,-0.005238,-0.001499,0.000573,0.014632,0.017266,0.007935,-0.006502,-0.082770
0.008591,0.000000,-0.015819,0.047244,-0.023828,-0.052676,-0.007793,-0.010024,-0.004320,-0.005522,0.000970,0.000059,0.015265,0.022531,0.010586,-0.006023,-0.109450
0.008938,-0.003486,-0.016574,0.049806,-0.024525,-0.054613,-0.010745,-0.008527,-0.002784,-0.004769,0.000850,-0.000572,0.012099,0.022978,0.011043,-0.004517,-0.113871
0.007160,-0.005917,-0.014771,0.042668,-0.020813,-0.046535,-0.011193,-0.005280,-0.000506,-0.002741,-0.000294,-0.001155,0.005597,0.018816,0.009826,-0.002833,-0.096077
0.003573,-0.006243,-0.010790,0.029272,-0.013394,-0.031320,-0.009152,-0.001452,0.001924,0.000365,-0.001561,-0.001084,-0.003073,0.011204,0.006936,-0.001194,-0.063598
-0.001505,-0.005452,-0.006334,0.012363,-0.005590,-0.014008,-0.005355,0.002006,0.004340,0.002856,-0.002307,-0.000717,-0.009478,0.003588,0.003825,0.000147,-0.027232
-0.006085,-0.003199,-0.002276,-0.005081,0.001942,0.003441,-0.000151,0.004289,0.005509,0.003738,-0.001653,-0.001028,-0.012842,-0.002915,0.001071,0.001375,0.007768
-0.007605,0.000235,0.000941,-0.013979,0.007878,0.015022,0.004838,0.004986,0.004858,0.003079,-0.000916,-0.002144,-0.013109,-0.006728,-0.001403,0.001963,0.031896
-0.005650,0.003413,0.002857,-0.013244,0.009821,0.019673,0.007601,0.004121,0.002599,0.001301,-0.000570,-0.003340,-0.010508,-0.007037,-0.002994,0.001552,0.041604
-0.002148,0.005847,0.004653,-0.008569,0.009282,0.019576,0.008183,0.002393,0.000063,-0.000893,-0.000395,-0.003135,-0.006324,-0.004588,-0.003834,0.000829,0.036869
0.001947,0.008364,0.005379,-0.004713,0.007126,0.016974,0.007160,0.000393,-0.002073,-0.002754,-0.000177,-0.001226,-0.001470,-0.001614,-0.004590,0.000723,0.027870
0.005220,0.009044,0.005391,-0.003067,0.004312,0.013263,0.005051,-0.001155,-0.003939,-0.004265,-0.000583,-0.000137,0.002283,0.000838,-0.005191,0.001195,0.017896
0.007110,0.007902,0.004491,-0.003978,0.001696,0.008463,0.003156,-0.002004,-0.005021,-0.004886,-0.000899,0.000088,0.004238,0.001908,-0.005295,0.001907,0.011084
0.007488,0.006847,0.003806,-0.005416,0.000040,0.003124,0.001803,-0.002160,-0.005406,-0.003847,-0.000446,0.000364,0.004005,0.001317,-0.005418,0.002755,0.007566
0.006006,0.005234,0.002328,-0.006152,-0.001534,-0.002094,0.000571,-0.001818,-0.004824,-0.001997,0.000942,0.000788,0.003039,0.000417,-0.005002,0.003434,0.005101
0.003331,0.003948,0.000299,-0.006439,-0.002477,-0.005793,-0.000107,-0.001197,-0.003621,0.000264,0.003667,0.000520,0.001831,-0.000777,-0.004218,0.004093,0.004314
0.001597,0.002920,-0.001950,-0.002930,-0.002236,-0.008713,-0.000357,-0.000219,-0.002326,0.002724,0.006332,-0.000464,0.000529,-0.001996,-0.002718,0.004411,0.003304
0.000801,0.000496,-0.003278,0.003655,-0.001392,-0.008653,-0.000736,0.000985,-0.001122,0.004972,0.007646,-0.001349,-0.000041,-0.002781,-0.000545,0.004080,0.003155
0.000594,-0.003356,-0.003163,0.009146,0.000084,-0.005008,-0.001528,0.002402,0.000435,0.006826,0.007195,-0.001056,-0.000078,-0.003003,0.001206,0.002818,0.002923
0.000967,-0.005859,-0.002386,0.011833,0.001522,0.000372,-0.002468,0.002973,0.001648,0.008331,0.005119,0.000593,0.000307,-0.002779,0.002771,0.001620,0.002723
0.001360,-0.006546,-0.000645,0.010036,0.002816,0.006062,-0.002920,0.002808,0.002343,0.008300,0.002281,0.001383,0.000576,-0.001984,0.003950,0.000748,0.002330
0.001087,-0.007114,0.001298,0.003304,0.003622,0.009416,-0.002275,0.002060,0.002599,0.006946,-0.000930,0.001180,0.000827,-0.000792,0.004985,0.000339,0.002160
-0.000245,-0.006046,0.004010,-0.005227,0.003766,0.009984,-0.000609,0.001180,0.002356,0.005030,-0.003765,0.001050,0.001111,0.000453,0.005469,0.000222,0.002059
-0.002906,-0.004844,0.006323,-0.011679,0.003541,0.008940,0.001088,0.000473,0.001806,0.002470,-0.005953,0.001069,0.001363,0.001671,0.005287,-0.000260,0.001822
-0.005953,-0.003164,0.008139,-0.015305,0.002946,0.006596,0.002502,0.000029,0.001221,-0.000346,-0.006876,0.000400,0.001546,0.002550,0.004367,-0.001241,0.001684
-0.007753,-0.001259,0.008772,-0.013756,0.002180,0.003682,0.003386,-0.000002,0.000762,-0.002578,-0.006733,-0.000799,0.000888,0.002804,0.003544,-0.002448,0.001688
-0.008286,-0.000369,0.008387,-0.008196,0.001375,0.001142,0.003627,0.000468,0.000619,-0.003480,-0.005657,-0.001377,-0.000209,0.002521,0.003051,-0.003512,0.002014
-0.007679,-0.000867,0.006990,-0.000179,0.000773,-0.000028,0.002894,0.001573,0.001013,-0.003165,-0.004013,-0.001079,-0.001462,0.001754,0.002364,-0.004608,0.002563
-0.005967,-0.001803,0.004194,0.007612,0.000337,-0.000157,0.001241,0.002533,0.001520,-0.001792,-0.002206,0.000025,-0.002530,0.000505,0.001738,-0.005355,0.003134
-0.003188,-0.002073,0.001093,0.012685,-0.000044,0.000466,-0.000792,0.003118,0.001783,-0.001505,-0.000274,0.000362,-0.003173,-0.000771,0.000713,-0.005180,0.003411
0.000055,-0.001536,-0.002336,0.012225,-0.000533,0.001526,-0.002986,0.003076,0.001546,-0.001979,0.001771,-0.000097,-0.003248,-0.001651,-0.000374,-0.004017,0.003180
0.002525,0.000471,-0.004505,0.006847,-0.001281,0.002373,-0.004755,0.002424,0.000967,-0.002853,0.003593,-0.000618,-0.002724,-0.002134,-0.001617,-0.002021,0.002194
0.003636,0.002518,-0.005739,0.000141,-0.001441,0.002360,-0.005625,0.001057,0.000184,-0.004185,0.004609,-0.000972,-0.001388,-0.002387,-0.003184,-0.000125,0.000525
0.004007,0.004427,-0.005613,-0.007051,-0.001115,0.001715,-0.005545,-0.000608,-0.000660,-0.005925,0.004274,-0.001413,0.000596,-0.002488,-0.004846,0.001159,-0.001352
0.004195,0.004785,-0.004421,-0.012243,-0.000746,0.001120,-0.004259,-0.002709,-0.001683,-0.007648,0.002898,-0.001377,0.002326,-0.002475,-0.006054,0.001858,-0.002834
0.004086,0.003266,-0.002513,-0.014873,-0.000475,0.000301,-0.001999,-0.004610,-0.002790,-0.007913,0.001955,-0.000319,0.003337,-0.002328,-0.006325,0.002182,-0.003680
0.003750,0.000258,-0.000402,-0.013929,-0.000540,-0.000454,0.000830,-0.005724,-0.003976,-0.006279,0.001498,0.001631,0.003809,-0.002327,-0.005669,0.002548,-0.003786
0.003619,-0.003676,0.001003,-0.011007,-0.000846,-0.002052,0.003835,-0.005749,-0.005138,-0.002051,0.001505,0.004765,0.003786,-0.002574,-0.004270,0.002901,-0.003459
0.003784,-0.007825,0.001915,-0.006021,-0.001623,-0.004321,0.006513,-0.004711,-0.006426,0.002015,0.002583,0.007961,0.003601,-0.003331,-0.002838,0.003883,-0.003048
0.003883,-0.010304,0.001767,-0.000778,-0.002754,-0.005180,0.007663,-0.003191,-0.008110,0.005346,0.004854,0.010472,0.003277,-0.004121,-0.001300,0.004768,-0.002589
0.003533,-0.010452,0.001433,0.003601,-0.004160,-0.004673,0.007154,-0.001475,-0.009976,0.007611,0.007855,0.011692,0.003103,-0.004950,-0.000046,0.005343,-0.002272
0.002566,-0.008203,0.000739,0.006878,-0.005501,-0.004617,0.005534,-0.000479,-0.011422,0.008653,0.010155,0.011563,0.003825,-0.005683,0.000539,0.005197,-0.002438
0.001868,-0.002617,-0.000259,0.008794,-0.006794,-0.004961,0.003321,-0.000366,-0.012542,0.007678,0.011088,0.009937,0.004884,-0.005959,0.000661,0.003677,-0.002881
0.001446,0.004320,-0.000975,0.008981,-0.008612,-0.004728,0.001179,-0.001394,-0.014305,0.004051,0.010227,0.007473,0.005501,-0.005477,0.000673,0.000712,-0.002959
0.000846,0.011013,-0.001798,0.008505,-0.010265,-0.003702,-0.000352,-0.003036,-0.016613,-0.000620,0.008651,0.004463,0.005136,-0.003961,0.000480,-0.003055,-0.002368
0.000344,0.016277,-0.002057,0.008119,-0.011183,-0.001117,-0.001055,-0.005188,-0.019199,-0.005394,0.006301,0.001338,0.004555,-0.002090,0.000472,-0.004523,-0.000916
0.000488,0.019302,-0.001729,0.007846,-0.011475,0.001037,-0.000784,-0.006540,-0.021055,-0.008966,0.002202,-0.000624,0.003468,0.000134,0.000191,-0.003460,0.001146
0.001147,0.019567,-0.000699,0.008712,-0.010822,0.002023,-0.000076,-0.006137,-0.021940,-0.011675,-0.001391,-0.001452,0.001267,0.001877,-0.000356,0.000427,0.003018
0.001243,0.016827,0.000443,0.008776,-0.008970,0.002642,-0.000034,-0.004545,-0.021259,-0.014804,-0.004068,-0.001630,-0.002319,0.003414,-0.001486,0.005721,0.004630
0.001031,0.011316,0.001575,0.008153,-0.005604,0.002904,-0.000966,-0.002049,-0.018654,-0.017380,-0.005142,-0.002019,-0.007288,0.004326,-0.003626,0.011489,0.005992
0.000149,0.003552,0.002045,0.006530,-0.001434,0.001942,-0.002745,0.000238,-0.012716,-0.018046,-0.005045,-0.002082,-0.011277,0.004575,-0.006481,0.016754,0.006374
-0.000940,-0.003241,0.001426,0.003568,0.002818,-0.000676,-0.004581,0.001234,-0.004207,-0.016748,-0.003970,-0.002041,-0.013903,0.004664,-0.009304,0.018731,0.005731
-0.002476,-0.008078,0.000478,-0.001127,0.004907,-0.004097,-0.006604,0.000739,0.004238,-0.015077,-0.002235,-0.002254,-0.015360,0.005029,-0.011005,0.015808,0.004604
-0.004656,-0.010492,-0.001828,-0.006493,0.005628,-0.007562,-0.008149,-0.000327,0.011629,-0.012052,-0.000227,-0.002745,-0.016229,0.006063,-0.011436,0.007573,0.003302
-0.005583,-0.009702,-0.004547,-0.011118,0.005671,-0.009069,-0.009656,-0.002119,0.017197,-0.007368,0.002060,-0.003887,-0.016370,0.007477,-0.010434,-0.000710,0.002071
-0.005207,-0.006629,-0.006487,-0.012662,0.004680,-0.008659,-0.010215,-0.003594,0.021233,-0.001998,0.002004,-0.004858,-0.014851,0.008955,-0.008128,-0.007708,0.001017
-0.003725,-0.001872,-0.007136,-0.010439,0.003657,-0.006569,-0.009516,-0.003293,0.023006,0.004146,0.000971,-0.005640,-0.012286,0.009579,-0.004012,-0.012203,0.000000
-0.002107,0.002333,-0.006428,-0.008214,0.002997,-0.003222,-0.008232,-0.000996,0.022735,0.007860,-0.001120,-0.006459,-0.008882,0.009255,0.000615,-0.014361,-0.000909
-0.000503,0.002967,-0.003722,-0.005184,0.005530,0.002907,-0.003732,0.003774,0.022659,0.013536,-0.004692,-0.007796,-0.002693,0.005781,0.006652,-0.014383,-0.001511
0.000905,0.001973,-0.001109,-0.002005,0.007755,0.007915,-0.000001,0.007812,0.021231,0.016634,-0.007130,-0.008302,0.002215,0.002187,0.010489,-0.011537,-0.001829
0.001949,0.000238,0.001042,0.000519,0.009734,0.011083,0.003268,0.010354,0.019261,0.017957,-0.008625,-0.007932,0.006116,-0.001117,0.012227,-0.007663,-0.002001
0.002105,-0.001821,0.002881,0.001873,0.010199,0.012185,0.005614,0.010925,0.016353,0.016989,-0.008855,-0.006949,0.009020,-0.003744,0.012308,-0.004333,-0.001897
0.001073,-0.003831,0.003646,0.001826,0.009581,0.011100,0.007131,0.010033,0.012908,0.014551,-0.008103,-0.005268,0.010447,-0.005342,0.011144,-0.003081,-0.001552
0.000340,-0.004559,0.003290,0.000800,0.008114,0.008768,0.006905,0.007916,0.009183,0.011486,-0.006032,-0.003660,0.009595,-0.005497,0.008748,-0.002163,-0.001081
-0.000061,-0.004088,0.002381,0.000179,0.005679,0.005873,0.005365,0.004983,0.005807,0.007832,-0.003962,-0.002093,0.007290,-0.004360,0.005650,-0.001456,-0.000626
-0.000115,-0.002293,0.001187,0.000464,0.002889,0.002864,0.003055,0.002101,0.002729,0.004360,-0.001832,-0.000793,0.003846,-0.002393,0.002746,-0.000662,-0.000240
