AU01,AU02,AU04,AU05,AU06,AU07,AU09,AU10,AU12,AU14,AU15,AU17,AU20,AU23,AU25,AU26,AU45
-0.036256,-0.103818,-0.006576,-0.075471,-0.009214,-0.036228,-0.014762,-0.003528,0.003804,0.023704,-0.007918,0.011718,-0.004475,-0.009250,-0.017474,-0.040956,0.000640
-0.020173,-0.081116,-0.006478,-0.089244,-0.011557,-0.046832,-0.014574,-0.005262,0.008449,0.022943,-0.011225,0.023769,0.013868,-0.006992,-0.010857,-0.047327,0.012600
0.010462,-0.040121,-0.006925,-0.104244,-0.010016,-0.052007,0.002346,-0.002018,0.025582,0.021707,-0.005893,0.032125,0.027944,-0.004323,-0.001522,-0.037144,0.025458
0.038843,0.010080,-0.003765,-0.116892,-0.000675,-0.051751,0.018676,0.020807,0.054908,0.026692,0.002426,0.018342,0.037755,-0.017135,0.033481,-0.023859,0.048355
0.059709,0.059150,-0.003647,-0.113794,0.021729,-0.021205,0.032704,0.045234,0.086668,0.027307,0.016874,-0.000242,0.050466,-0.035594,0.062807,-0.002897,0.063746
0.072643,0.107088,-0.017082,-0.093836,0.063229,0.010556,0.044902,0.067530,0.127696,0.035382,0.033815,-0.016483,0.060906,-0.047161,0.089707,0.018326,0.068894
0.073887,0.110153,-0.026314,-0.088393,0.109670,0.048826,0.052509,0.091332,0.154651,0.046553,0.046146,-0.033718,0.074055,-0.045676,0.112017,0.040572,0.065774
0.058904,0.105500,-0.030004,-0.067402,0.160112,0.083452,0.066878,0.113008,0.171925,0.064545,0.051732,-0.045648,0.090599,-0.041280,0.129927,0.040120,0.056243
0.032230,0.070792,-0.031888,-0.014938,0.184612,0.090869,0.071755,0.164943,0.179476,0.080732,0.042164,-0.062551,0.091307,-0.040754,0.132752,0.032234,0.035349
-0.011066,0.036686,-0.022601,0.037360,0.174765,0.022890,0.053662,0.190383,0.164981,0.077088,0.015538,-0.078056,0.070297,-0.037227,0.129105,0.011212,0.001474
-0.036003,0.018536,-0.009161,0.066456,0.147519,-0.054496,0.030269,0.181262,0.131243,0.058122,-0.037750,-0.086954,0.056788,-0.026014,0.097252,-0.014848,-0.021219
-0.040930,0.012840,0.014364,0.052776,0.106510,-0.106830,0.034539,0.153540,0.092366,0.021418,-0.080304,-0.083405,0.035190,-0.001528,0.056251,-0.032261,-0.033116
-0.038533,0.014967,0.063534,0.014111,0.058977,-0.148326,0.035032,0.110627,0.058453,-0.008030,-0.129108,-0.088723,0.009615,0.028442,0.042676,-0.045096,-0.028116
-0.034074,0.022464,0.107244,-0.023044,0.018753,-0.152568,0.030672,0.061238,0.027088,-0.045648,-0.154671,-0.090300,-0.017575,0.044240,0.063653,-0.048712,-0.023885
-0.026952,0.025399,0.122870,-0.039219,-0.004412,-0.161947,0.018069,0.005428,0.017642,-0.068630,-0.150163,-0.081695,-0.041790,0.052408,0.091390,-0.040647,-0.024581
-0.017943,0.023681,0.113021,-0.043449,-0.013670,-0.139506,0.018359,-0.054598,0.007485,-0.075019,-0.129203,-0.063149,-0.053903,0.072070,0.127076,-0.026834,-0.024155
-0.006192,0.013667,0.093866,-0.036458,-0.001973,-0.090474,0.028393,-0.094618,-0.003511,-0.071833,-0.086024,-0.035453,-0.061739,0.084921,0.164010,-0.010935,-0.019185
0.012914,-0.005477,0.068327,0.014891,0.012736,-0.020041,0.036655,-0.080111,-0.003351,-0.052725,-0.034777,-0.023695,-0.059263,0.078590,0.209677,0.006861,-0.006431
0.034635,-0.001792,0.058249,0.067443,0.019194,0.010609,0.025951,-0.050913,-0.000462,-0.031714,0.024604,-0.014745,-0.057024,0.046528,0.239352,0.026502,-0.002090
0.049813,0.006264,0.036715,0.109021,0.022017,0.028782,0.006093,-0.024422,0.002044,-0.013042,0.072321,-0.028115,-0.052415,0.000898,0.256767,0.035922,0.006377
0.054912,0.005980,0.017295,0.110601,0.025617,0.055059,0.001284,0.024847,0.012253,-0.005466,0.112104,-0.042854,-0.047744,-0.042753,0.239981,0.036516,0.025161
0.052704,-0.007847,0.006215,0.086914,0.033407,0.075074,-0.001906,0.051151,0.021828,0.011908,0.118972,-0.057056,-0.040712,-0.066113,0.195300,0.031039,0.041096
0.032152,-0.031301,0.020683,0.052091,0.041538,0.090940,-0.003777,0.070684,0.028434,0.029389,0.113566,-0.064389,-0.034902,-0.079594,0.161667,0.020139,0.049656
0.011375,-0.055054,0.012237,0.027876,0.048897,0.095625,-0.000874,0.087930,0.038535,0.042182,0.107287,-0.061478,-0.025506,-0.092181,0.125096,0.019504,0.053794
-0.008679,-0.084447,-0.000644,0.006822,0.055241,0.086650,0.015821,0.088847,0.052843,0.048023,0.113445,-0.051594,-0.010485,-0.095306,0.100463,0.018391,0.050894
-0.031394,-0.126431,-0.014855,-0.030040,0.059035,0.069687,0.032456,0.091852,0.062057,0.053154,0.115707,-0.033864,-0.004984,-0.093689,0.072722,0.018021,0.040560
-0.052692,-0.148725,-0.017392,-0.057127,0.055404,0.034832,0.046378,0.083471,0.064241,0.056148,0.107983,-0.016344,0.011387,-0.081005,0.043544,0.012296,0.037834
-0.054325,-0.143824,-0.004370,-0.064551,0.051772,0.015401,0.054198,0.067362,0.060170,0.070268,0.108898,0.018218,0.026497,-0.072158,0.011878,0.016228,0.034576
-0.059253,-0.115268,0.008650,-0.070101,0.041759,0.005671,0.058311,0.042640,0.051509,0.074332,0.113402,0.037375,0.046415,-0.063380,0.006859,0.026290,0.031838
-0.058717,-0.078090,0.026097,-0.071905,0.030890,-0.000419,0.057316,0.032498,0.047940,0.067391,0.109467,0.060727,0.058647,-0.055478,-0.005163,0.037067,0.031943
-0.049836,-0.054223,0.032881,-0.066359,0.025797,-0.012847,0.048695,0.024932,0.040867,0.056646,0.093103,0.072062,0.064158,-0.049138,-0.015142,0.039858,0.028149
-0.049005,-0.035814,0.054575,-0.046935,0.019144,-0.036249,0.036387,0.016290,0.026466,0.050266,0.067428,0.074655,0.063316,-0.036206,-0.029051,0.033874,0.020611
-0.047412,-0.019070,0.040507,-0.021127,0.012004,-0.036478,0.027771,0.014791,0.010338,0.043506,0.035146,0.068322,0.056797,-0.022957,-0.043756,0.030542,0.019204
-0.038459,-0.016166,0.028271,-0.005101,0.005496,-0.022229,0.019295,0.026743,0.000564,0.036697,0.022669,0.053911,0.051771,-0.013521,-0.052112,0.025589,0.017348
-0.025530,-0.020226,0.012569,-0.018380,0.001998,-0.005144,0.007896,0.037376,-0.002010,0.039091,0.019987,0.036478,0.042967,-0.018639,-0.052813,0.013560,0.014836
-0.018702,-0.014556,-0.007286,-0.040842,-0.003380,0.004761,-0.008217,0.046382,-0.004261,0.040119,0.012951,0.026018,0.039139,-0.021080,-0.056079,-0.009201,0.020175
-0.011733,-0.002182,-0.022317,-0.048367,-0.010287,0.001237,-0.023479,0.046547,-0.008810,0.052550,0.017921,0.023874,0.028008,-0.020427,-0.054020,-0.026750,0.026954
-0.007454,0.028138,-0.033251,-0.055760,-0.014009,-0.001771,-0.029407,0.041121,-0.012851,0.051621,0.023469,0.017048,0.021066,-0.016705,-0.048002,-0.036141,0.030185
0.000722,0.053748,-0.035796,-0.060733,-0.018205,-0.008472,-0.027448,0.025118,-0.013955,0.046467,0.030516,0.017591,0.011904,-0.016146,-0.043414,-0.045201,0.035320
0.009162,0.051901,-0.027193,-0.064709,-0.020366,-0.011743,-0.022206,0.012523,-0.014045,0.025251,0.028733,0.017603,0.004560,-0.014642,-0.028605,-0.047680,0.036469
0.017350,0.043688,-0.014767,-0.062156,-0.018842,-0.021457,-0.014646,-0.004459,-0.013309,0.001885,0.029850,0.016713,-0.008657,-0.008544,-0.012297,-0.045576,0.033682
0.021120,0.039963,-0.005851,-0.049434,-0.016387,-0.030511,-0.006951,-0.019911,-0.012069,-0.024391,0.030779,0.013454,-0.019192,0.002089,0.002552,-0.038079,0.029653
0.023043,0.035262,0.000790,-0.023984,-0.014322,-0.026524,0.002205,-0.023691,-0.009247,-0.043541,0.026861,0.006011,-0.019435,0.015616,0.002972,-0.029706,0.027164
0.024076,0.024732,0.003437,-0.010786,-0.019034,-0.019734,0.008766,-0.036599,-0.004210,-0.051285,0.018106,-0.010119,-0.010753,0.020078,-0.000900,-0.022181,0.018737
0.019718,0.007655,-0.005187,-0.002789,-0.025252,-0.004599,0.014252,-0.046673,0.000120,-0.053072,0.007712,-0.016775,-0.002316,0.027325,-0.007822,-0.015888,0.015194
0.031886,-0.004781,-0.011718,0.003544,-0.032917,0.015855,0.011341,-0.050894,-0.000581,-0.046690,-0.001554,-0.022609,0.001798,0.031317,-0.012267,-0.002446,0.005496
0.060281,0.014296,-0.016346,0.010996,-0.036402,0.040937,0.005821,-0.047788,-0.004958,-0.042226,-0.008094,-0.025722,-0.002303,0.031266,-0.016448,0.004635,-0.005682
0.085876,0.031669,-0.011421,0.020298,-0.040431,0.056220,0.000053,-0.042246,-0.010909,-0.032787,-0.011550,-0.029233,-0.004834,0.026800,-0.018365,0.002646,-0.011472
0.097442,0.022141,0.001219,0.022781,-0.046451,0.065693,-0.007535,-0.035546,-0.027809,-0.031799,-0.019104,-0.017034,-0.020408,0.017210,-0.015688,0.000389,-0.015608
0.104950,0.003922,0.012954,0.008381,-0.061136,0.067900,-0.021734,-0.033387,-0.048209,-0.029894,-0.009816,0.002447,-0.046042,-0.004764,-0.019724,0.001942,-0.012682
0.096092,-0.006841,0.024718,-0.020905,-0.084232,0.064737,-0.032662,-0.030795,-0.085854,-0.040919,0.003265,0.028917,-0.065423,-0.023863,-0.020124,-0.007341,-0.009662
0.077969,-0.013256,0.035936,-0.020607,-0.102093,0.064544,-0.046706,-0.027897,-0.131371,-0.059930,0.004148,0.052711,-0.102801,-0.037275,-0.041800,-0.016577,-0.004464
0.050919,-0.018436,0.033135,-0.012609,-0.119508,0.056132,-0.053215,-0.051991,-0.168871,-0.079446,-0.001712,0.063403,-0.121384,-0.047730,-0.064904,-0.023940,-0.001410
0.022076,-0.020365,0.028644,-0.002533,-0.129035,0.042706,-0.052409,-0.072771,-0.186987,-0.097644,-0.007194,0.066538,-0.127460,-0.045331,-0.096465,-0.020356,0.001537
0.013434,-0.021833,0.022052,0.005110,-0.130068,0.034727,-0.051188,-0.088332,-0.197234,-0.104844,-0.022590,0.055140,-0.119527,-0.038261,-0.125947,-0.013944,-0.000681
0.018345,-0.000696,0.010275,0.020407,-0.126154,0.017005,-0.049024,-0.103220,-0.186450,-0.104096,-0.037934,0.036407,-0.114134,-0.017307,-0.150509,-0.010459,-0.004619
0.020872,0.021619,0.004592,0.037108,-0.110102,0.004838,-0.044823,-0.104414,-0.163460,-0.099710,-0.054415,0.011738,-0.093888,0.005819,-0.179724,0.006801,-0.008477
0.018159,0.020392,0.008524,0.050967,-0.085687,-0.012610,-0.039953,-0.096170,-0.138948,-0.079470,-0.067168,0.003811,-0.076546,0.025494,-0.189116,0.015450,-0.012102
0.037486,0.017744,0.017291,0.063000,-0.068219,-0.022957,-0.042609,-0.080423,-0.103800,-0.051675,-0.059820,0.001360,-0.053493,0.021074,-0.206232,0.026090,-0.008929
0.045113,0.017115,0.022267,0.047103,-0.058773,-0.033919,-0.040688,-0.059036,-0.078142,-0.028800,-0.032052,0.008602,-0.015667,0.014763,-0.212150,0.020216,-0.000446
0.035473,0.013812,0.020818,0.046108,-0.048816,-0.032230,-0.039955,-0.041732,-0.068167,-0.017888,-0.005409,0.014752,0.006598,0.012792,-0.223893,0.007121,-0.003283
0.000657,0.009982,0.000611,0.043797,-0.038898,-0.049618,-0.044337,-0.039358,-0.060491,-0.011129,0.034095,0.019232,0.024779,0.007235,-0.210831,-0.008223,-0.002563
-0.028163,0.001130,-0.014915,0.040418,-0.028093,-0.057470,-0.047377,-0.031315,-0.044325,-0.004312,0.068672,0.025985,0.031539,0.002784,-0.187517,-0.022549,-0.012253
-0.045904,-0.007656,-0.028391,0.016773,-0.012367,-0.067197,-0.041463,-0.024094,-0.033368,0.005679,0.076793,0.032255,0.035358,-0.003600,-0.150455,-0.033345,-0.021559
-0.074701,-0.015321,-0.039305,0.002727,-0.002929,-0.070623,-0.031808,-0.025807,-0.017693,0.020952,0.068169,0.037017,0.027851,0.001167,-0.106607,-0.033538,-0.028525
-0.103305,-0.024628,-0.043841,0.007887,0.006142,-0.070412,-0.017020,-0.026366,-0.007198,0.013715,0.051124,0.035835,0.012355,0.006354,-0.076282,-0.017949,-0.032157
-0.121754,-0.038672,-0.041817,0.008689,0.013206,-0.066753,0.000997,-0.024212,-0.003133,0.011906,0.027867,0.036462,-0.006410,0.009419,-0.038379,-0.011953,-0.030925
-0.108096,-0.060889,-0.027595,0.016272,0.015749,-0.053088,0.014973,-0.017454,0.001449,0.009338,0.002089,0.040648,-0.020767,0.004165,-0.017042,-0.003336,-0.026994
-0.075104,-0.058774,-0.014843,0.006746,0.016182,-0.022129,0.025832,-0.003390,0.004335,0.007143,-0.007867,0.043861,-0.027336,0.000446,-0.007982,0.004118,-0.018241
-0.036104,-0.040755,-0.015777,0.005145,0.012912,-0.006819,0.032455,-0.001852,0.002492,0.003959,-0.008972,0.040748,-0.029490,0.005879,-0.010419,0.006260,-0.019530
-0.013699,-0.017893,-0.025734,0.007858,0.008301,-0.006168,0.023334,0.004923,0.000367,-0.000216,0.009149,0.030031,-0.026514,0.009837,-0.013311,0.001650,-0.013992
0.010212,-0.005833,-0.027875,0.017177,0.002348,-0.009277,0.010276,0.009115,-0.000620,-0.004304,0.027109,0.019562,-0.022248,0.013331,-0.015865,-0.014433,-0.014611
0.035226,0.008096,-0.025115,0.018078,0.002308,-0.017329,-0.001041,0.010631,-0.001093,-0.002893,0.033606,0.014240,-0.015004,0.016881,-0.016898,-0.032285,-0.016139
0.039595,0.012209,-0.020179,0.004243,0.001820,-0.018088,-0.012534,0.000606,-0.002677,0.012419,0.030364,0.011088,-0.004573,0.024665,-0.014817,-0.036158,-0.019611
0.034823,0.011630,-0.010434,0.009290,0.001177,-0.021601,-0.018158,-0.010329,-0.002542,0.017356,0.023735,0.018184,0.002658,0.029352,-0.012020,-0.035330,-0.020875
0.027064,0.021371,0.001290,0.014370,-0.000360,-0.018383,-0.019841,-0.021426,-0.002298,0.019013,0.005379,0.020482,0.008449,0.032607,-0.007850,-0.034563,-0.018958
0.021670,0.015559,0.017581,0.014682,0.002755,-0.019715,-0.014025,-0.028334,0.002475,0.014415,-0.011468,0.016066,0.016951,0.031129,-0.006815,-0.030436,-0.012856
0.010225,0.019674,0.025463,0.010994,0.007020,0.004790,-0.012306,-0.030740,0.002428,0.010082,-0.025136,0.011802,0.026342,0.028192,-0.005457,-0.017447,-0.008542
0.004423,0.036707,0.008383,-0.000243,0.012594,-0.006711,-0.007898,-0.031190,0.004701,0.009816,-0.034465,0.013364,0.024825,0.031541,-0.006388,0.005643,-0.009527
0.000358,0.049766,-0.008662,-0.003440,0.015937,-0.007652,-0.008093,-0.021606,0.006994,0.010698,-0.038196,0.009882,0.023747,0.032968,-0.007604,0.023394,-0.010882
0.004716,0.052472,-0.019537,-0.007762,0.015953,-0.013737,-0.007207,-0.011808,0.008794,0.010498,-0.037406,0.007117,0.024180,0.028743,-0.006515,0.031719,-0.017030
0.011115,0.048541,-0.025426,0.001113,0.015775,-0.009394,-0.012646,-0.002756,0.012669,0.018140,-0.031073,0.007066,0.028575,0.023956,-0.004232,0.029385,-0.020000
0.026392,0.054907,-0.023894,0.012139,0.015534,0.008883,-0.005023,0.005562,0.011024,0.025471,-0.010416,-0.006660,0.042491,0.022864,0.008101,0.027290,-0.027167
0.036367,0.050538,-0.018785,0.020785,0.013861,0.023431,0.001521,0.011393,0.009824,0.031453,0.011022,-0.005488,0.050671,0.018754,0.017184,0.022109,-0.030922
0.042002,0.052523,-0.011071,0.027052,0.009817,0.034251,0.006985,0.013921,0.005850,0.033600,0.021073,-0.001458,0.052338,0.016607,0.026338,0.014918,-0.032568
0.050661,0.051913,0.000450,0.024939,0.005710,0.039097,0.015022,0.015435,0.005431,0.027770,0.029472,-0.009387,0.051210,0.012335,0.032906,0.004857,-0.029421
0.047702,0.047428,0.011976,0.025914,0.001614,0.050565,0.015591,0.011168,0.001564,0.018161,0.030708,-0.017421,0.046786,0.005938,0.036889,-0.002027,-0.024166
0.038830,0.042908,0.010653,0.017975,0.002215,0.042935,0.018496,0.009121,-0.000199,0.010797,0.029189,-0.016863,0.036938,0.003723,0.034338,-0.000801,-0.016208
0.024688,0.033218,0.008117,0.017609,0.002749,0.032495,0.016341,0.008209,-0.001392,0.004741,0.021710,-0.014671,0.026713,0.003587,0.024562,0.000718,-0.006812
0.012290,0.019193,0.004638,0.010062,0.001847,0.017145,0.013623,0.006456,-0.002197,-0.000796,0.010836,-0.010845,0.012074,0.001102,0.010641,0.002659,-0.003743
