AU01,AU02,AU04,AU05,AU06,AU07,AU09,AU10,AU12,AU14,AU15,AU17,AU20,AU23,AU25,AU26,AU45
0.003439,-0.000297,0.005195,0.002431,0.000374,0.004884,0.002822,0.000401,-0.002288,-0.001597,0.000431,0.001938,0.000404,-0.000095,-0.004757,-0.003933,0.001944
0.008014,0.002262,0.008386,0.002587,0.000963,0.006128,0.004019,0.000616,-0.001825,-0.002152,0.000783,0.001094,0.000425,-0.002288,-0.005814,-0.006362,0.002205
0.011991,0.005627,0.011195,0.001868,0.001818,0.006469,0.004191,0.000668,-0.000485,-0.002445,0.000981,-0.000519,0.000817,-0.005410,-0.006229,-0.009192,0.002148
0.015165,0.009511,0.012385,0.000680,0.002849,0.005993,0.004119,0.001082,0.001650,-0.002575,0.001092,-0.002441,0.001316,-0.008302,-0.005294,-0.011702,0.001869
0.016972,0.013229,0.011607,0.000209,0.003984,0.005192,0.003026,0.002094,0.004265,-0.002228,0.001050,-0.004394,0.001833,-0.010195,-0.002913,-0.011862,0.001284
0.017085,0.015660,0.007932,-0.000483,0.005003,0.004200,0.001280,0.003250,0.007208,-0.001442,0.000686,-0.006119,0.002402,-0.011279,0.000770,-0.010058,0.000313
0.015485,0.015652,0.002442,-0.001047,0.006311,0.004583,-0.000524,0.004008,0.009751,-0.000272,-0.000077,-0.006233,0.003244,-0.010744,0.004377,-0.007837,-0.000308
0.012634,0.013673,-0.003201,-0.001330,0.006730,0.005255,-0.002390,0.003843,0.010922,-0.000226,-0.001199,-0.005329,0.003738,-0.008460,0.007235,-0.004965,-0.000980
0.008574,0.009875,-0.008396,0.000061,0.006508,0.004692,-0.004266,0.003132,0.010209,-0.001325,-0.002342,-0.004223,0.003714,-0.004835,0.009100,-0.001784,-0.001435
0.005339,0.004748,-0.010728,0.002549,0.005455,0.003474,-0.005533,0.002119,0.007584,-0.002324,-0.002934,-0.002881,0.002460,-0.000782,0.009772,0.001445,-0.001778
0.003364,-0.000042,-0.010192,0.003394,0.003800,0.002395,-0.005255,0.000897,0.004551,-0.002445,-0.003041,-0.001518,-0.000161,0.002178,0.008926,0.003898,-0.001983
0.000304,-0.004594,-0.007628,0.002566,0.002026,-0.000246,-0.004593,-0.001473,0.001688,-0.001757,-0.003278,-0.000535,-0.002868,0.003979,0.006882,0.004871,-0.002114
-0.003049,-0.007664,-0.004028,0.000752,0.000422,-0.004009,-0.002327,-0.003700,-0.000507,-0.000774,-0.003422,0.000131,-0.005893,0.004743,0.004862,0.004848,-0.001894
-0.005844,-0.009133,0.000470,-0.000383,-0.000902,-0.005945,-0.000126,-0.003962,-0.001861,0.000330,-0.003259,0.000684,-0.008644,0.005245,0.003088,0.005984,-0.001356
-0.008174,-0.009622,0.003448,-0.002476,-0.001984,-0.005597,0.002252,-0.002781,-0.002283,0.001910,-0.002743,0.001384,-0.011091,0.004653,0.001501,0.007401,-0.000488
-0.009205,-0.009363,0.004512,-0.005436,-0.001828,-0.002678,0.004298,-0.001359,-0.001280,0.003793,-0.002143,0.002628,-0.011958,0.003249,0.000296,0.008452,0.000882
-0.008359,-0.007765,0.003862,-0.008054,-0.001281,0.000415,0.005556,-0.000453,0.000218,0.003841,-0.001305,0.002656,-0.011169,0.001478,-0.000608,0.008524,0.001701
-0.006235,-0.005185,0.002035,-0.009098,-0.000700,0.002349,0.005264,0.000332,0.001275,0.001900,-0.000597,0.001296,-0.007650,0.000200,-0.001342,0.008152,0.001987
-0.002856,-0.002574,0.000052,-0.008459,-0.000641,0.003539,0.003563,0.001817,0.001170,0.000149,0.000773,-0.000653,-0.003139,-0.000291,-0.001845,0.007214,0.001839
0.000589,-0.000654,-0.001895,-0.007752,-0.001211,0.003903,0.001244,0.003632,0.000424,-0.001012,0.002409,-0.002215,0.001165,-0.000586,-0.003090,0.006367,0.001377
0.001712,0.000524,-0.004137,-0.007346,-0.001711,0.001570,-0.001454,0.003675,-0.000222,-0.001230,0.003279,-0.003293,0.005157,-0.000812,-0.004715,0.004856,0.000847
0.000592,0.001359,-0.006197,-0.006225,-0.001690,-0.004403,-0.003002,0.002246,-0.000311,-0.000789,0.003232,-0.004493,0.007806,-0.001447,-0.005763,0.003253,0.000390
-0.000892,0.001458,-0.006911,-0.003412,-0.000799,-0.009299,-0.004127,0.001626,0.000779,-0.000656,0.001941,-0.005877,0.009248,-0.001924,-0.005927,0.001940,0.000002
-0.002851,0.000934,-0.006170,-0.000623,0.000943,-0.010625,-0.004283,0.001408,0.003110,-0.000209,0.000025,-0.007062,0.008258,-0.002548,-0.004481,0.001180,0.000053
-0.004087,0.001304,-0.004237,0.001148,0.003529,-0.008246,-0.004592,0.001454,0.006571,0.000354,-0.002610,-0.007189,0.005589,-0.003031,-0.001658,0.002773,0.000320
-0.004519,0.002732,-0.002209,0.002028,0.006647,-0.004208,-0.004696,0.001239,0.010039,0.000167,-0.005154,-0.007844,0.002334,-0.003425,0.003352,0.005093,0.000393
-0.003820,0.003813,0.000771,0.002558,0.009519,0.001131,-0.004771,0.000591,0.012379,-0.000648,-0.007872,-0.008858,-0.000432,-0.002999,0.011272,0.008862,-0.000092
-0.006580,-0.000083,0.003912,0.002940,0.011428,0.006819,-0.004191,0.001274,0.012921,-0.000696,-0.008955,-0.010012,-0.002692,-0.001368,0.021094,0.011748,-0.001126
-0.010811,-0.010789,0.007132,0.003181,0.011745,0.012219,-0.002414,0.003705,0.011552,-0.000209,-0.006323,-0.009877,-0.004395,0.002301,0.029488,0.014064,-0.003280
-0.016797,-0.024781,0.009589,0.002194,0.010446,0.013784,-0.000335,0.006826,0.008503,0.000677,-0.001026,-0.006924,-0.005904,0.005843,0.035361,0.016292,-0.005448
-0.023284,-0.038476,0.010881,0.001446,0.007981,0.011082,0.002628,0.009344,0.004751,0.002078,0.005994,-0.002503,-0.006947,0.008464,0.037292,0.016591,-0.006987
-0.027817,-0.050306,0.010669,0.001984,0.005364,0.004932,0.005415,0.011080,0.001087,0.003702,0.012863,0.002061,-0.006504,0.009303,0.033777,0.013322,-0.006658
-0.029592,-0.057172,0.009413,0.002668,0.002966,-0.000802,0.007160,0.010695,-0.000370,0.005633,0.018790,0.005212,-0.004966,0.008260,0.026176,0.007136,-0.003711
-0.026762,-0.053788,0.006671,0.003230,0.000631,-0.005267,0.006155,0.008614,-0.000008,0.006827,0.022452,0.007219,-0.001585,0.005495,0.013142,0.000250,0.000616
-0.018094,-0.038706,0.002482,0.001181,-0.001488,-0.008352,0.002777,0.004944,0.001210,0.006746,0.022440,0.007658,0.003835,0.001194,-0.002957,-0.006950,0.006597
-0.002735,-0.014521,-0.000849,-0.002235,-0.003572,-0.008218,-0.002487,-0.001083,0.002059,0.006429,0.017723,0.007103,0.009281,-0.003789,-0.018050,-0.012778,0.013441
0.009119,0.009885,-0.003571,-0.006202,-0.005182,-0.005636,-0.007305,-0.007426,0.001998,0.006482,0.008716,0.004898,0.013758,-0.008432,-0.029741,-0.018416,0.019857
0.017592,0.026895,-0.004831,-0.009897,-0.006629,-0.000913,-0.009703,-0.012501,0.001007,0.006586,0.000917,0.000502,0.016286,-0.009928,-0.037878,-0.023463,0.022785
0.021994,0.035691,-0.005602,-0.014431,-0.008296,0.000234,-0.009594,-0.014093,-0.001368,0.005725,-0.005369,-0.002821,0.015610,-0.008954,-0.040415,-0.023465,0.021595
0.022400,0.038232,-0.005620,-0.016857,-0.009763,0.000942,-0.006634,-0.012869,-0.004336,0.003921,-0.009769,-0.004521,0.011727,-0.005493,-0.037270,-0.019809,0.015826
0.020045,0.034477,-0.005825,-0.014914,-0.010027,-0.000543,-0.001563,-0.009325,-0.008381,0.001925,-0.011912,-0.003834,0.006168,-0.001228,-0.030183,-0.014350,0.007577
0.016123,0.027955,-0.005156,-0.009164,-0.009387,-0.001834,0.003229,-0.005230,-0.010971,0.000242,-0.011678,-0.001909,-0.000672,0.003071,-0.019839,-0.008568,-0.000718
0.011565,0.021201,-0.005020,0.000267,-0.007613,-0.003178,0.006627,-0.001471,-0.011899,-0.001828,-0.009201,0.001452,-0.006307,0.006259,-0.008263,-0.003050,-0.009088
0.008754,0.017940,-0.005246,0.009018,-0.005364,-0.004597,0.008242,0.001619,-0.011486,-0.005407,-0.005996,0.005432,-0.009272,0.007561,0.002589,0.001597,-0.015570
0.011169,0.017910,-0.004070,0.016617,-0.003430,-0.004194,0.007353,0.002738,-0.010415,-0.008506,-0.003208,0.010142,-0.010027,0.006686,0.011233,0.004714,-0.018994
0.014881,0.019969,-0.002284,0.021640,-0.002304,-0.002681,0.005293,0.002640,-0.009167,-0.010052,-0.002346,0.014980,-0.008895,0.004163,0.016865,0.005254,-0.018859
0.018484,0.021185,0.000088,0.023468,-0.002249,0.000329,0.002964,0.001293,-0.007661,-0.009873,-0.001174,0.016906,-0.006773,0.001316,0.018747,0.002489,-0.016260
0.020895,0.019900,0.001448,0.019632,-0.003288,0.000724,0.001161,0.000399,-0.006083,-0.008677,-0.000301,0.016232,-0.004595,-0.001294,0.018207,-0.001445,-0.012088
0.021541,0.016774,0.003339,0.012548,-0.005069,0.000427,0.000356,-0.000562,-0.004415,-0.006955,-0.000305,0.013099,-0.002756,-0.002743,0.015456,-0.006236,-0.008022
0.020285,0.011987,0.003406,0.005397,-0.006240,-0.000885,0.000853,-0.000790,-0.003715,-0.004434,-0.000659,0.008919,-0.000497,-0.003512,0.010421,-0.010869,-0.004599
0.017247,0.008499,0.003191,-0.000079,-0.006882,-0.000962,0.001241,0.000323,-0.003238,-0.000976,-0.001588,0.004021,0.001148,-0.003765,0.002722,-0.014394,-0.001464
0.012167,0.003641,0.001749,-0.002982,-0.006171,0.000193,0.001402,0.001663,-0.002863,0.002725,-0.003202,0.000311,0.002242,-0.003802,-0.004837,-0.016316,0.000678
0.004554,-0.000267,0.000002,-0.002344,-0.004157,0.001927,0.001381,0.002292,-0.002840,0.004435,-0.005125,-0.002323,0.003057,-0.003797,-0.011150,-0.016565,0.002036
-0.002126,-0.004050,-0.000864,0.001261,-0.001252,0.005006,0.001128,0.001643,-0.003228,0.004695,-0.006906,-0.003760,0.003617,-0.003886,-0.015804,-0.014476,0.002259
-0.006600,-0.006819,-0.001468,0.004740,0.001143,0.007786,0.001010,0.000736,-0.004024,0.004109,-0.008280,-0.003278,0.003895,-0.003758,-0.018623,-0.009914,0.001425
-0.009733,-0.008603,-0.002465,0.007102,0.002642,0.010646,0.000886,-0.000421,-0.005068,0.002995,-0.008267,-0.001728,0.002850,-0.003387,-0.019280,-0.003288,0.000114
-0.012269,-0.010047,-0.004441,0.006828,0.003439,0.013433,0.000802,-0.001341,-0.005706,0.001255,-0.006739,-0.000076,0.000278,-0.002661,-0.016613,0.002788,-0.000983
-0.013239,-0.011218,-0.004039,0.004773,0.003454,0.015212,0.000737,-0.002743,-0.005428,-0.001020,-0.003920,0.000803,-0.002814,-0.001350,-0.011572,0.006839,-0.001721
-0.012055,-0.010782,-0.001912,0.001592,0.003425,0.014797,0.000985,-0.004605,-0.004501,-0.002896,0.000203,0.000204,-0.004538,0.000051,-0.004992,0.008973,-0.002060
-0.009358,-0.007589,0.001880,-0.002669,0.003207,0.012530,0.001079,-0.004923,-0.002870,-0.004244,0.004709,-0.001800,-0.004935,0.001099,0.000186,0.009212,-0.001880
-0.006493,-0.004148,0.005334,-0.007777,0.003017,0.008734,0.000946,-0.004749,-0.000737,-0.004601,0.007237,-0.003587,-0.004224,0.001960,0.003318,0.007684,-0.001436
-0.005212,0.000961,0.008118,-0.010103,0.003013,0.003612,0.000321,-0.005088,0.001285,-0.004693,0.007600,-0.004847,-0.002188,0.002861,0.004067,0.003767,-0.000796
-0.004474,0.006790,0.009920,-0.009744,0.002963,-0.001879,-0.000426,-0.006327,0.003022,-0.004274,0.006127,-0.006031,0.001248,0.003916,0.002773,-0.000459,-0.000286
-0.003864,0.011915,0.010248,-0.008836,0.002409,-0.008055,-0.001190,-0.007982,0.004323,-0.003270,0.003590,-0.006759,0.006352,0.005429,0.000128,-0.002936,-0.000567
-0.004430,0.014103,0.008459,-0.007561,0.001346,-0.014415,-0.002161,-0.009087,0.004803,-0.001646,0.001132,-0.006313,0.010556,0.006816,-0.002716,-0.002599,-0.001336
-0.006646,0.012534,0.004938,-0.005872,0.000470,-0.017954,-0.003129,-0.009051,0.004885,0.000413,-0.000384,-0.004859,0.012517,0.007483,-0.004281,-0.000930,-0.001376
-0.009824,0.007132,0.000950,-0.003430,0.000047,-0.016976,-0.003948,-0.007919,0.004917,0.002361,-0.000336,-0.002683,0.012830,0.006706,-0.004164,0.001704,-0.000422
-0.012009,0.000433,-0.002066,-0.000833,0.000106,-0.011528,-0.004398,-0.006441,0.004796,0.004765,0.001377,-0.001246,0.012405,0.004274,-0.001624,0.005521,0.001710
-0.012677,-0.006543,-0.003604,0.000587,0.000395,-0.004755,-0.004595,-0.003741,0.004774,0.006505,0.005352,-0.000650,0.010795,0.000620,0.001884,0.009176,0.004747
-0.012671,-0.012981,-0.004280,0.000810,0.000637,0.000541,-0.004068,-0.001061,0.004749,0.007512,0.008811,-0.000002,0.007595,-0.003566,0.005507,0.011826,0.007967
-0.011547,-0.017036,-0.004827,0.000866,0.000794,0.004215,-0.003161,0.001396,0.004288,0.007838,0.010357,0.001068,0.002982,-0.007317,0.007897,0.011658,0.010384
-0.008683,-0.018032,-0.005661,0.000352,0.000422,0.007149,-0.002001,0.003290,0.003382,0.007727,0.009685,0.001733,-0.002442,-0.009906,0.008071,0.009032,0.011610
-0.004090,-0.015612,-0.006480,-0.000370,-0.000617,0.008094,-0.000932,0.004147,0.001963,0.007034,0.007292,0.001832,-0.006445,-0.009792,0.006382,0.005825,0.010937
0.000769,-0.012052,-0.007074,-0.000431,-0.002534,0.005070,-0.000667,0.003956,0.000136,0.005653,0.003464,0.001756,-0.009597,-0.006920,0.003460,0.002713,0.008060
0.005266,-0.008443,-0.006384,0.000523,-0.004400,-0.001331,-0.000942,0.003341,-0.001340,0.004112,-0.000861,0.001609,-0.012259,-0.002516,-0.000037,-0.000337,0.004711
0.008134,-0.005543,-0.004310,0.002256,-0.005327,-0.007069,-0.001144,0.002581,-0.002529,0.001793,-0.004848,0.001687,-0.012715,0.001186,-0.003102,-0.003495,0.001512
0.009979,-0.002605,-0.001755,0.004004,-0.005150,-0.009268,-0.001089,0.001580,-0.003590,-0.000427,-0.007673,0.001447,-0.010825,0.003208,-0.004808,-0.005802,-0.000981
0.010537,0.000701,0.000681,0.004920,-0.004249,-0.008792,-0.001075,0.000245,-0.004029,-0.002664,-0.007792,0.000852,-0.007027,0.003764,-0.005294,-0.006720,-0.002579
0.008872,0.004845,0.002514,0.005492,-0.003178,-0.008883,-0.000675,-0.000733,-0.003550,-0.004773,-0.006221,0.000284,-0.002634,0.003127,-0.004588,-0.007718,-0.003077
0.005826,0.007402,0.002773,0.005031,-0.002034,-0.010402,-0.000300,-0.000871,-0.002391,-0.006744,-0.004154,0.000217,0.001315,0.001762,-0.002937,-0.008940,-0.003108
0.002830,0.007984,0.002104,0.003163,-0.000914,-0.009627,-0.000005,-0.000037,-0.001128,-0.008168,-0.001759,-0.000353,0.003952,-0.000045,-0.001183,-0.010276,-0.002754
0.000822,0.007968,0.001004,0.001785,-0.000244,-0.006785,-0.000016,0.001411,-0.000077,-0.008851,0.000651,-0.001399,0.005471,-0.001183,0.000511,-0.010579,-0.001922
-0.000317,0.007605,-0.001399,0.001130,-0.000628,-0.003797,-0.000728,0.002427,0.000805,-0.008386,0.002074,-0.002031,0.005886,-0.000513,0.001858,-0.009576,-0.001376
-0.000713,0.006319,-0.004747,0.001323,-0.001736,-0.003872,-0.001749,0.002987,0.001869,-0.006216,0.002684,-0.001356,0.005270,0.002917,0.000265,-0.007546,-0.000651
-0.001553,0.004401,-0.006576,-0.000064,-0.002676,-0.004407,-0.002006,0.002545,0.002577,-0.003287,0.002145,0.001493,0.005504,0.007818,-0.003069,-0.006022,0.000126
-0.002169,0.002231,-0.007586,-0.002341,-0.002708,-0.004237,-0.000972,0.001692,0.002482,0.000160,0.001557,0.005445,0.006083,0.012146,-0.006977,-0.004557,0.000739
-0.002421,0.000639,-0.007971,-0.006265,-0.002076,-0.002546,0.000726,-0.000539,0.001684,0.004017,0.001200,0.009372,0.006941,0.014933,-0.010376,-0.001716,0.000889
-0.002357,0.000702,-0.008186,-0.010055,-0.001083,-0.000933,0.002787,-0.002439,0.000758,0.007762,0.000801,0.012549,0.006836,0.015634,-0.013500,-0.000205,0.000766
-0.002286,-0.000008,-0.008513,-0.013685,0.000563,-0.001758,0.004486,-0.003259,0.000028,0.010002,-0.000281,0.014634,0.005718,0.014005,-0.014820,0.000382,0.000013
-0.001591,-0.002416,-0.006995,-0.016524,0.002740,-0.001984,0.005266,-0.002608,-0.001187,0.010250,-0.001534,0.013693,0.003748,0.009859,-0.013552,0.000461,-0.001247
-0.000030,-0.005357,-0.002898,-0.016485,0.004505,-0.000594,0.005124,-0.000801,-0.002660,0.008130,-0.002117,0.009137,0.000543,0.003245,-0.009272,0.000863,-0.002289
0.002243,-0.006347,0.000556,-0.013114,0.005106,0.002436,0.003751,0.001509,-0.003772,0.004673,-0.002572,0.002186,-0.003383,-0.004821,-0.001309,0.001992,-0.003081
0.004950,-0.006159,0.002713,-0.005953,0.004463,0.004309,0.001455,0.003644,-0.004269,0.000969,-0.002315,-0.005140,-0.007328,-0.011166,0.004970,0.003317,-0.003270
0.006406,-0.004500,0.005318,0.000252,0.002967,0.005998,-0.000742,0.004689,-0.004091,-0.002371,-0.001975,-0.010098,-0.009320,-0.014115,0.009959,0.004587,-0.002929
0.006755,-0.001603,0.008064,0.005830,0.001126,0.007371,-0.002020,0.004840,-0.003550,-0.005312,-0.001122,-0.012629,-0.009618,-0.014393,0.013405,0.005711,-0.002318
0.006552,0.002241,0.010308,0.009122,-0.000916,0.008421,-0.002495,0.003535,-0.002734,-0.006903,-0.000129,-0.012968,-0.008344,-0.012689,0.015764,0.007719,-0.001529
0.006883,0.006758,0.011646,0.011353,-0.003106,0.007541,-0.002340,0.001289,-0.001571,-0.007117,0.000293,-0.011476,-0.006643,-0.009802,0.015699,0.009490,-0.000647
0.007280,0.010669,0.011593,0.011872,-0.004053,0.004251,-0.001615,-0.001113,0.000002,-0.005739,-0.000473,-0.008324,-0.005366,-0.006337,0.013753,0.010710,-0.000014
0.007664,0.011787,0.010351,0.011129,-0.003694,-0.000086,-0.000851,-0.002973,0.001009,-0.003448,-0.002404,-0.004697,-0.004445,-0.002945,0.010704,0.010903,-0.000064
0.006967,0.010455,0.008639,0.009465,-0.002703,-0.004492,-0.000102,-0.004458,0.001321,-0.001798,-0.003556,-0.001707,-0.004222,-0.000479,0.006991,0.010026,-0.000587
0.005274,0.008376,0.004702,0.008063,-0.001848,-0.007763,0.000618,-0.005173,0.001130,-0.000726,-0.004092,0.000131,-0.004053,0.000367,0.004009,0.008430,-0.001499
0.003431,0.005426,-0.000748,0.009141,-0.001094,-0.008727,0.001255,-0.005070,0.000342,-0.000274,-0.003548,0.000793,-0.003737,0.000350,0.000134,0.006148,-0.002448
0.000916,0.002007,-0.005669,0.010150,-0.000344,-0.007064,0.001712,-0.004323,-0.000724,0.000070,-0.002311,0.000795,-0.002439,0.000480,-0.002954,0.004316,-0.003235
-0.001880,-0.000870,-0.007798,0.011207,0.000333,-0.003260,0.002109,-0.003900,-0.002441,-0.000758,-0.000824,0.000502,-0.000357,0.000792,-0.005140,0.003056,-0.003827
-0.004115,-0.002291,-0.007519,0.011602,0.000603,0.002033,0.002554,-0.003595,-0.004542,-0.001933,0.000513,0.000719,0.002386,0.001123,-0.005685,0.002406,-0.003743
-0.005388,-0.002404,-0.005313,0.012091,-0.000553,0.005812,0.003138,-0.003573,-0.006692,-0.004070,0.001007,0.001326,0.005261,0.001357,-0.005235,0.002402,-0.002999
-0.006148,-0.001586,-0.001820,0.010112,-0.001868,0.008053,0.003768,-0.003537,-0.008300,-0.005592,0.000845,0.002252,0.006742,0.001476,-0.004159,0.003366,-0.001690
-0.005979,-0.002050,0.001304,0.005915,-0.003735,0.008721,0.004413,-0.003030,-0.009130,-0.005831,-0.000251,0.002657,0.005995,0.001428,-0.002997,0.003367,0.000019
-0.006470,-0.003109,0.003187,-0.001883,-0.005699,0.008196,0.004424,-0.003074,-0.009070,-0.005498,-0.000916,0.002676,0.003191,0.001331,-0.001961,0.001492,0.001691
-0.007577,-0.004549,0.003258,-0.011488,-0.007428,0.006140,0.004228,-0.003164,-0.008488,-0.004289,-0.001085,0.002586,-0.000007,0.000948,-0.001820,-0.001839,0.003001
-0.008704,-0.006257,0.000801,-0.019168,-0.008441,0.004732,0.003929,-0.002947,-0.006980,-0.002132,-0.000176,0.002235,-0.002899,0.000325,-0.002311,-0.005588,0.003824
-0.009855,-0.008531,-0.003360,-0.024593,-0.007963,0.004364,0.003566,-0.001997,-0.004560,0.001254,0.001536,0.001026,-0.004849,-0.000240,-0.001857,-0.008955,0.004122
-0.009154,-0.009289,-0.005522,-0.026321,-0.005509,0.004158,0.002883,-0.001343,-0.001898,0.004541,0.003121,-0.000598,-0.005655,-0.000523,-0.000675,-0.010855,0.003658
-0.006144,-0.008349,-0.004717,-0.022699,-0.001337,0.004319,0.001964,-0.000605,0.000535,0.007706,0.003499,-0.001540,-0.004967,-0.000590,0.000649,-0.010689,0.002635
-0.001450,-0.005214,-0.002320,-0.012825,0.002704,0.003543,0.001177,0.000418,0.002580,0.008394,0.001751,-0.001413,-0.002682,-0.000490,0.002022,-0.009147,0.000976
0.002729,-0.000636,0.000709,-0.001102,0.006834,0.002240,0.000279,0.002273,0.004008,0.006937,-0.000722,-0.000244,0.000488,-0.000062,0.003428,-0.004078,-0.001084
0.006875,0.003921,0.004026,0.011004,0.009300,0.000081,-0.000482,0.005164,0.005302,0.004169,-0.002788,-0.000280,0.002557,0.000591,0.004148,0.001489,-0.002130
0.010057,0.008551,0.006830,0.019312,0.009972,-0.001470,-0.001766,0.007327,0.006463,0.000451,-0.004254,-0.001605,0.002881,0.001297,0.004511,0.005811,-0.002321
0.011936,0.012423,0.008454,0.023028,0.009259,-0.003463,-0.003294,0.008807,0.006571,-0.003318,-0.004715,-0.003180,0.002587,0.001541,0.003466,0.008146,-0.001866
0.011684,0.014451,0.007590,0.021301,0.007159,-0.005262,-0.004957,0.009268,0.006381,-0.006176,-0.003227,-0.004541,0.001915,0.001248,0.001437,0.008602,-0.001062
0.008671,0.013649,0.004284,0.014414,0.004394,-0.006604,-0.005895,0.008689,0.005865,-0.006933,0.000118,-0.005727,0.000789,0.000383,0.000325,0.007104,0.000003
0.005153,0.011872,0.000344,0.003796,0.001800,-0.007791,-0.006172,0.006764,0.005235,-0.005641,0.004335,-0.006477,-0.000863,-0.000803,0.000355,0.004393,0.000869
0.001888,0.008632,-0.002288,-0.006576,0.000090,-0.008327,-0.005867,0.004264,0.004559,-0.002288,0.007428,-0.006524,-0.003000,-0.002089,0.000417,0.001844,0.001444
-0.000172,0.005059,-0.003727,-0.012751,-0.000856,-0.008220,-0.004683,0.002104,0.004372,0.000939,0.007370,-0.005315,-0.004722,-0.003439,0.000314,-0.001199,0.001260
-0.001804,0.000751,-0.003985,-0.015175,-0.000620,-0.006682,-0.003088,0.001136,0.004305,0.003540,0.004784,-0.002175,-0.005085,-0.004153,0.000410,-0.002002,0.000131
-0.001863,-0.002608,-0.001926,-0.013006,-0.000005,-0.003624,-0.001049,0.001532,0.004339,0.005407,0.001685,0.000920,-0.004621,-0.003580,0.000568,-0.001957,-0.000586
-0.000895,-0.004381,0.001817,-0.007247,0.000587,0.000991,0.000811,0.002091,0.004517,0.006024,-0.002354,0.003552,-0.003265,-0.001813,0.000899,-0.001363,-0.000606
0.000983,-0.004606,0.004809,0.001210,0.001207,0.005087,0.002347,0.002348,0.004254,0.005201,-0.006041,0.005587,-0.000631,0.000381,0.000865,-0.000057,-0.000256
0.002402,-0.004958,0.006202,0.007823,0.001551,0.008243,0.003125,0.002102,0.003831,0.003342,-0.007839,0.006914,0.002769,0.002289,0.000394,0.001083,0.000334
0.002870,-0.006418,0.007127,0.011342,0.001507,0.010040,0.003527,0.000767,0.002812,0.001409,-0.007344,0.007507,0.006196,0.003258,0.000433,0.001031,0.000776
0.002411,-0.007977,0.006846,0.010722,0.000939,0.010328,0.003495,-0.002235,0.001396,-0.000199,-0.004551,0.007812,0.008812,0.003182,0.001338,0.000184,0.001131
0.001132,-0.008965,0.005438,0.006904,0.000375,0.009316,0.002780,-0.005875,-0.000266,-0.001271,-0.001477,0.006979,0.008987,0.002186,0.002619,-0.000348,0.001554
-0.000332,-0.008692,0.002908,0.002246,-0.000040,0.006956,0.001867,-0.008970,-0.001479,-0.002265,0.000801,0.004887,0.006937,0.000722,0.003624,-0.000655,0.001814
-0.002266,-0.007950,0.000112,-0.002640,0.000051,0.004206,0.000486,-0.010967,-0.001966,-0.003058,0.002035,0.002365,0.003455,-0.000580,0.004263,0.000022,0.001635
-0.002952,-0.005791,-0.001325,-0.006341,0.000483,0.002631,-0.000848,-0.011328,-0.002004,-0.003270,0.002994,-0.000108,-0.001218,-0.001244,0.004408,0.000381,0.001318
-0.003478,-0.002633,-0.001753,-0.007893,0.000980,0.001860,-0.002006,-0.010018,-0.001704,-0.002707,0.002642,-0.002239,-0.005176,-0.001019,0.003808,-0.000360,0.001120
-0.003493,0.001386,-0.003098,-0.006808,0.001432,0.000485,-0.002692,-0.007593,-0.001334,-0.001631,0.001591,-0.003948,-0.007276,-0.000137,0.002631,-0.000482,0.000471
-0.003640,0.004338,-0.005716,-0.004519,0.001803,-0.001436,-0.002902,-0.003795,-0.000747,-0.000169,0.000877,-0.005475,-0.007682,0.000785,0.000892,-0.000137,-0.000131
-0.003305,0.004698,-0.006939,-0.001762,0.001979,-0.003542,-0.002532,0.001010,-0.000456,0.001272,0.000709,-0.006820,-0.006458,0.001215,-0.001278,-0.000642,-0.001206
-0.002941,0.003029,-0.007613,0.000645,0.001468,-0.005590,-0.001637,0.005242,-0.000405,0.002626,0.001908,-0.006677,-0.004089,0.000983,-0.002849,-0.001758,-0.002121
-0.002614,-0.000035,-0.007996,0.002187,0.000991,-0.007005,-0.000713,0.008572,-0.000676,0.003526,0.002976,-0.005472,-0.001910,0.000078,-0.003388,-0.002679,-0.002783
-0.002054,-0.002793,-0.008127,0.002990,0.000301,-0.008478,0.000200,0.010703,-0.001026,0.003543,0.003562,-0.003851,0.000291,-0.000647,-0.003171,-0.002936,-0.002991
-0.002285,-0.004299,-0.007400,0.002978,-0.000024,-0.009400,0.000772,0.011050,-0.001129,0.002540,0.003057,-0.002232,0.002272,-0.000903,-0.002502,-0.001868,-0.002897
-0.001730,-0.003143,-0.005307,0.002525,-0.000170,-0.008600,0.001066,0.009831,-0.000966,0.000866,0.001767,0.000181,0.002762,-0.001075,-0.001880,-0.000019,-0.002411
-0.001335,0.000006,-0.002391,0.001585,-0.000335,-0.006571,0.001102,0.007493,-0.000787,-0.000503,-0.000065,0.002359,0.002554,-0.001157,-0.001413,0.000691,-0.001742
-0.000386,0.004689,0.000715,0.000136,-0.000614,-0.004496,0.000857,0.004634,-0.000714,-0.001170,-0.001454,0.004303,0.002381,-0.001184,-0.001084,0.000958,-0.001261
0.000690,0.009367,0.003156,-0.001019,-0.000904,-0.003901,0.000609,0.002055,-0.000450,-0.001077,-0.002243,0.005415,0.002200,-0.001321,-0.000973,0.000994,-0.000692
0.001790,0.012254,0.005258,-0.002687,-0.001142,-0.004168,0.000371,0.000788,-0.000123,-0.000393,-0.002376,0.005401,0.001974,-0.001667,-0.001481,0.000757,-0.000267
0.002381,0.013229,0.005860,-0.004422,-0.001797,-0.004464,0.000242,0.000518,0.000175,0.000805,-0.001399,0.004673,0.001200,-0.002105,-0.001725,0.000766,0.000365
0.002016,0.011831,0.004764,-0.005877,-0.002749,-0.004465,-0.000026,0.000526,0.000219,0.001415,0.000692,0.003430,-0.000289,-0.002517,-0.001118,0.000819,0.001047
0.001101,0.008504,0.002338,-0.006804,-0.003777,-0.004613,-0.000462,0.000358,0.000088,0.001110,0.003131,0.001392,-0.001316,-0.002335,0.000413,0.000758,0.001823
-0.000000,0.003094,-0.000211,-0.007421,-0.004267,-0.004749,-0.001002,-0.000379,-0.000217,0.000251,0.004418,-0.000756,-0.001542,-0.001382,0.002364,0.000875,0.002400
-0.000649,-0.001960,-0.002546,-0.007660,-0.004132,-0.003882,-0.001508,-0.001995,-0.000500,-0.000880,0.004236,-0.002193,-0.001653,-0.000211,0.003677,0.001125,0.002819
-0.001275,-0.006448,-0.003553,-0.006735,-0.003670,-0.001396,-0.001797,-0.004498,-0.001312,-0.001694,0.002579,-0.003025,-0.001565,0.001045,0.004355,0.000702,0.002913
-0.001269,-0.009858,-0.002564,-0.004858,-0.002861,0.002763,-0.001761,-0.006757,-0.002517,-0.002026,0.001113,-0.003061,-0.001229,0.002252,0.004184,-0.000243,0.002683
-0.000392,-0.011531,0.000275,-0.001844,-0.001665,0.006030,-0.001265,-0.008261,-0.003478,-0.001677,-0.000300,-0.002624,-0.000641,0.003169,0.002943,-0.001961,0.002163
0.000920,-0.011923,0.002923,0.000483,0.000010,0.008395,-0.000396,-0.008498,-0.003677,-0.000612,-0.001385,-0.001502,0.000217,0.003534,0.000780,-0.004283,0.001391
0.002021,-0.010802,0.004663,0.002219,0.001724,0.010120,0.000919,-0.007402,-0.003130,0.001371,-0.002389,0.000101,0.000957,0.003520,-0.001794,-0.005758,0.000352
0.001981,-0.007313,0.005095,0.004051,0.002783,0.010583,0.002330,-0.005827,-0.002191,0.002252,-0.002972,0.002191,0.001812,0.003159,-0.003556,-0.006193,-0.000860
0.000838,-0.002061,0.004126,0.006002,0.003305,0.009480,0.003481,-0.004147,-0.000924,0.001767,-0.003296,0.003604,0.002163,0.002607,-0.003986,-0.005487,-0.002155
0.000439,0.002235,0.002485,0.007566,0.003203,0.007015,0.003862,-0.002522,0.000455,0.000829,-0.003715,0.004366,0.002400,0.002019,-0.003025,-0.003597,-0.003409
0.000742,0.005583,0.000079,0.008064,0.002664,0.003092,0.003465,-0.001532,0.001966,-0.000615,-0.004077,0.004212,0.002492,0.001302,-0.001401,-0.001192,-0.004450
0.001193,0.006739,-0.002013,0.008122,0.001321,-0.001724,0.002396,-0.001373,0.002369,-0.001979,-0.004637,0.003264,0.002476,0.000626,0.000159,0.001517,-0.004859
0.001021,0.006167,-0.003128,0.007320,-0.000630,-0.006520,0.001175,-0.001207,0.001641,-0.003091,-0.004356,0.001671,0.001488,0.000234,0.000832,0.005033,-0.004540
0.000530,0.004170,-0.003079,0.005912,-0.002804,-0.010680,-0.000460,-0.000831,-0.000013,-0.003268,-0.003335,-0.000508,-0.000198,0.000212,-0.000056,0.008356,-0.003447
-0.000019,0.000453,-0.003151,0.003894,-0.004643,-0.013177,-0.002149,-0.000398,-0.002086,-0.003010,-0.001362,-0.002840,-0.002222,0.000245,-0.002215,0.009915,-0.001646
-0.000531,-0.004080,-0.003332,0.001200,-0.006165,-0.013414,-0.003320,0.000196,-0.004145,-0.001631,0.001110,-0.004867,-0.004214,0.000542,-0.005360,0.009884,0.000334
-0.000757,-0.006345,-0.003536,-0.000743,-0.006932,-0.011487,-0.003590,0.000940,-0.006059,-0.000562,0.003129,-0.005191,-0.004734,0.000913,-0.008519,0.008736,0.002059
-0.000940,-0.005127,-0.003513,-0.002198,-0.006672,-0.009242,-0.002819,0.001283,-0.007261,0.000172,0.004154,-0.003921,-0.004548,0.001401,-0.010757,0.006640,0.003374
-0.000209,-0.001164,-0.003088,-0.002393,-0.005641,-0.005313,-0.001678,0.001085,-0.007291,0.000870,0.004251,-0.001558,-0.003222,0.001690,-0.011229,0.004703,0.004016
0.001245,0.004359,-0.002469,-0.001669,-0.003804,-0.000538,-0.000340,0.000123,-0.005853,0.000902,0.003575,0.001115,-0.000821,0.001472,-0.009496,0.002738,0.003813
0.002928,0.007899,-0.001802,-0.000289,-0.001967,0.003727,0.000879,-0.001637,-0.004340,0.000813,0.002435,0.003115,0.002567,0.000850,-0.007331,0.000971,0.003076
0.003941,0.010472,-0.000866,0.000176,-0.000337,0.005728,0.002203,-0.003226,-0.002452,0.000699,0.001518,0.004393,0.005195,0.000165,-0.005318,-0.000185,0.002029
0.004027,0.011151,0.000164,-0.000457,0.001056,0.006813,0.002666,-0.004431,-0.000883,0.001022,0.001067,0.004808,0.006671,-0.000279,-0.003657,-0.000928,0.000746
0.003138,0.008703,0.001436,-0.000927,0.001728,0.007456,0.002196,-0.004846,0.000354,0.001159,0.001589,0.004230,0.006310,-0.000954,-0.001689,-0.002079,-0.000500
0.001352,0.002990,0.002373,-0.001586,0.001211,0.008338,0.001031,-0.004007,0.001162,0.001404,0.002746,0.002807,0.004040,-0.001635,0.000734,-0.003907,-0.001805
-0.000081,-0.002828,0.003062,-0.001360,0.000000,0.010036,-0.000411,-0.001468,0.001198,0.001086,0.003805,0.001676,0.000828,-0.002346,0.002551,-0.005636,-0.003080
-0.001065,-0.006579,0.003711,-0.001319,-0.001433,0.010642,-0.001405,0.001801,0.000559,0.000166,0.004154,0.001306,-0.002448,-0.002583,0.004212,-0.007560,-0.003633
-0.001340,-0.006037,0.005129,-0.000446,-0.002512,0.010941,-0.001867,0.005120,-0.000120,-0.001084,0.003652,0.001612,-0.004866,-0.002834,0.005872,-0.008704,-0.003345
-0.001152,-0.001655,0.006536,0.000909,-0.002883,0.009545,-0.001660,0.007737,-0.000461,-0.003265,0.001838,0.001745,-0.005952,-0.003295,0.008163,-0.008625,-0.002389
-0.001607,0.001376,0.006855,0.002510,-0.002889,0.006564,-0.000958,0.008318,-0.001524,-0.005556,-0.000797,0.000324,-0.004537,-0.003826,0.008519,-0.006747,-0.001075
-0.002919,0.003306,0.005576,0.002907,-0.001888,0.001567,0.000336,0.007213,-0.002532,-0.007272,-0.003688,-0.002159,-0.001314,-0.003513,0.006371,-0.004428,0.000515
-0.004632,0.003859,0.002192,0.003285,0.000468,-0.003370,0.001291,0.004191,-0.003574,-0.007192,-0.006663,-0.005373,0.003432,-0.001970,0.002451,-0.002076,0.001825
-0.006302,0.002940,-0.001331,0.004038,0.003074,-0.008395,0.001613,0.000028,-0.004008,-0.005438,-0.008553,-0.009219,0.008052,-0.000036,-0.001688,-0.000417,0.002752
-0.007356,-0.000298,-0.004483,0.004280,0.005249,-0.012241,0.001419,-0.003873,-0.003816,-0.002798,-0.009085,-0.012241,0.011681,0.001790,-0.004632,0.001022,0.002734
-0.006625,-0.003968,-0.007044,0.004598,0.006361,-0.014373,0.000735,-0.005791,-0.002930,0.000086,-0.008238,-0.013622,0.013387,0.003131,-0.006538,0.002301,0.001804
-0.003706,-0.006715,-0.008083,0.005369,0.006493,-0.012877,-0.000107,-0.005656,-0.001592,0.002117,-0.006258,-0.012721,0.012936,0.003976,-0.006573,0.003210,0.000383
0.001587,-0.006203,-0.005178,0.006622,0.006048,-0.007289,-0.000603,-0.004029,0.000433,0.003543,-0.004328,-0.008808,0.010005,0.003480,-0.004759,0.002719,-0.001206
0.009131,-0.002363,0.000858,0.006097,0.004960,-0.000500,-0.000609,-0.000936,0.002720,0.003228,-0.003028,-0.002834,0.004275,0.001590,-0.001125,0.001062,-0.002497
0.015665,0.001460,0.009123,0.003604,0.002939,0.006182,-0.000581,0.002330,0.004510,0.001616,-0.001696,0.003585,-0.001949,-0.001683,0.002907,-0.000236,-0.003287
0.019292,0.004181,0.016879,-0.000680,0.001144,0.012268,-0.000360,0.006170,0.005780,-0.000699,-0.000817,0.010224,-0.007214,-0.004521,0.005644,-0.001582,-0.003661
0.019351,0.005470,0.021313,-0.003628,0.000076,0.017665,-0.000892,0.008976,0.006613,-0.001606,-0.001086,0.016484,-0.010388,-0.006458,0.006472,-0.002966,-0.004072
0.016293,0.005817,0.022087,-0.005368,-0.000338,0.019786,-0.002265,0.009244,0.007145,-0.000726,-0.001434,0.020964,-0.012200,-0.007191,0.005421,-0.004815,-0.004105
0.010577,0.004476,0.019764,-0.006841,-0.000803,0.018836,-0.004073,0.007278,0.006831,0.000555,-0.001172,0.023568,-0.012104,-0.006829,0.003719,-0.004880,-0.004172
0.003388,0.001538,0.013193,-0.008160,-0.001651,0.013664,-0.005882,0.004748,0.005709,0.001989,0.000006,0.023959,-0.010342,-0.005465,0.001905,-0.003818,-0.003924
-0.003701,-0.002852,0.004065,-0.006798,-0.002543,0.005063,-0.007320,0.002312,0.004339,0.002645,0.002417,0.021658,-0.007287,-0.003606,0.000447,-0.000805,-0.003214
-0.009445,-0.006750,-0.005217,-0.003156,-0.003137,-0.004736,-0.007790,-0.000490,0.003088,0.002907,0.004214,0.017587,-0.004071,-0.001674,-0.000028,0.003022,-0.002344
-0.012455,-0.009490,-0.014527,-0.000838,-0.003327,-0.014186,-0.007002,-0.003249,0.001417,0.002187,0.005263,0.011098,-0.002467,0.000216,0.000002,0.006468,-0.001268
-0.013915,-0.010641,-0.020992,-0.000330,-0.003816,-0.022435,-0.005666,-0.005658,-0.000206,0.000923,0.005964,0.003504,-0.002202,0.002196,0.002339,0.009638,0.000377
-0.014365,-0.010368,-0.024439,-0.000710,-0.003655,-0.027095,-0.003370,-0.005805,-0.001295,-0.000611,0.005635,-0.003904,-0.001529,0.004944,0.005772,0.011885,0.002109
-0.014290,-0.008607,-0.024816,-0.000739,-0.002785,-0.027234,-0.001027,-0.004039,-0.001331,-0.001239,0.003985,-0.010053,0.000002,0.007055,0.008543,0.012322,0.003310
-0.012849,-0.005230,-0.022422,-0.000654,-0.000808,-0.023576,0.001059,-0.001957,-0.000264,-0.000664,0.002035,-0.013983,0.001060,0.008491,0.009874,0.010316,0.004250
-0.008551,-0.000541,-0.014465,-0.000955,0.002096,-0.011307,0.004000,0.000257,0.001951,0.000683,0.000503,-0.016592,0.001762,0.007976,0.008873,0.005244,0.004850
-0.004642,0.003307,-0.007059,-0.001824,0.004093,0.000598,0.005785,0.002036,0.003477,0.001939,-0.000592,-0.016393,0.002164,0.006925,0.007331,0.000202,0.004773
-0.001172,0.005408,-0.000383,-0.001794,0.005218,0.009687,0.006580,0.003481,0.004571,0.002686,-0.000771,-0.014371,0.002567,0.005137,0.005143,-0.003864,0.004377
0.001711,0.006084,0.005057,-0.000803,0.005580,0.015178,0.006603,0.004202,0.005206,0.002966,-0.000707,-0.011027,0.002869,0.002850,0.002725,-0.006426,0.003682
0.003791,0.005409,0.007633,-0.000330,0.005440,0.017226,0.006094,0.003925,0.004897,0.002664,-0.000323,-0.008049,0.002563,0.000406,-0.000250,-0.007555,0.002755
0.004592,0.004139,0.008018,-0.000398,0.004380,0.015701,0.004849,0.002744,0.003879,0.002047,0.000201,-0.005292,0.001361,-0.001224,-0.001829,-0.007052,0.001955
0.004099,0.002542,0.006372,-0.000316,0.002920,0.011740,0.003384,0.001530,0.002511,0.001286,0.000422,-0.003013,0.000391,-0.001464,-0.001919,-0.005210,0.001246
0.002282,0.001040,0.003467,-0.000154,0.001307,0.006186,0.001710,0.000662,0.001135,0.000585,0.000239,-0.001398,0.000087,-0.001013,-0.001222,-0.002682,0.000530
