AU01,AU02,AU04,AU05,AU06,AU07,AU09,AU10,AU12,AU14,AU15,AU17,AU20,AU23,AU25,AU26,AU45
0.000611,0.000459,-0.000320,-0.000447,0.001776,0.002266,0.002293,0.002915,0.002589,0.000679,-0.000462,-0.000042,0.001589,-0.002090,0.004801,0.000986,0.000220
0.000630,0.000510,-0.000366,-0.000420,0.002060,0.002616,0.002576,0.003262,0.003055,0.000935,-0.000560,-0.000071,0.001836,-0.002222,0.005339,0.001084,0.000301
0.000638,0.000569,-0.000417,-0.000398,0.002349,0.002962,0.002836,0.003578,0.003537,0.001221,-0.000663,-0.000109,0.002068,-0.002305,0.005824,0.001128,0.000393
0.000627,0.000634,-0.000473,-0.000373,0.002638,0.003288,0.003061,0.003851,0.004025,0.001529,-0.000764,-0.000159,0.002271,-0.002337,0.006237,0.001119,0.000496
0.000599,0.000692,-0.000530,-0.000339,0.002923,0.003598,0.003228,0.004068,0.004500,0.001850,-0.000861,-0.000220,0.002435,-0.002307,0.006556,0.001070,0.000607
0.000557,0.000735,-0.000579,-0.000262,0.003201,0.003884,0.003326,0.004219,0.004951,0.002174,-0.000949,-0.000290,0.002563,-0.002205,0.006763,0.000981,0.000727
0.000496,0.000743,-0.000615,-0.000151,0.003462,0.004132,0.003345,0.004296,0.005358,0.002495,-0.001009,-0.000368,0.002648,-0.002015,0.006827,0.000848,0.000854
0.000417,0.000706,-0.000635,-0.000061,0.003698,0.004320,0.003279,0.004302,0.005706,0.002807,-0.001034,-0.000451,0.002681,-0.001737,0.006741,0.000680,0.000983
0.000334,0.000623,-0.000631,-0.000010,0.003897,0.004432,0.003120,0.004233,0.005982,0.003110,-0.001009,-0.000533,0.002671,-0.001381,0.006485,0.000491,0.001112
0.000252,0.000504,-0.000595,0.000002,0.004046,0.004452,0.002867,0.004078,0.006167,0.003399,-0.000923,-0.000607,0.002617,-0.000967,0.006045,0.000298,0.001241
0.000169,0.000379,-0.000544,0.000034,0.004131,0.004352,0.002515,0.003825,0.006242,0.003663,-0.000778,-0.000669,0.002514,-0.000545,0.005405,0.000134,0.001364
0.000094,0.000267,-0.000483,0.000099,0.004139,0.004141,0.002063,0.003465,0.006190,0.003884,-0.000592,-0.000705,0.002363,-0.000194,0.004556,0.000029,0.001483
0.000033,0.000164,-0.000408,0.000195,0.004055,0.003818,0.001528,0.002990,0.005990,0.004042,-0.000386,-0.000705,0.002161,-0.000009,0.003515,-0.000001,0.001594
0.000001,0.000078,-0.000325,0.000322,0.003863,0.003380,0.000952,0.002405,0.005626,0.004123,-0.000190,-0.000668,0.001919,0.000076,0.002340,-0.000055,0.001697
-0.000016,0.000019,-0.000230,0.000489,0.003561,0.002855,0.000422,0.001737,0.005082,0.004117,-0.000051,-0.000603,0.001633,0.000419,0.001177,-0.000192,0.001789
-0.000080,-0.000000,-0.000143,0.000668,0.003171,0.002284,0.000076,0.001055,0.004371,0.003987,-0.000000,-0.000523,0.001311,0.000975,0.000311,-0.000405,0.001852
-0.000175,-0.000018,-0.000072,0.000825,0.002732,0.001700,-0.000012,0.000491,0.003547,0.003706,0.000053,-0.000445,0.000964,0.001636,0.000000,-0.000619,0.001887
-0.000275,-0.000064,-0.000023,0.000914,0.002250,0.001122,-0.000235,0.000113,0.002648,0.003286,0.000203,-0.000357,0.000625,0.002271,-0.000286,-0.000794,0.001899
-0.000356,-0.000120,-0.000001,0.000924,0.001740,0.000584,-0.000668,-0.000002,0.001747,0.002738,0.000417,-0.000247,0.000324,0.002809,-0.001034,-0.000900,0.001894
-0.000424,-0.000188,0.000009,0.000879,0.001225,0.000171,-0.001200,-0.000163,0.000921,0.002090,0.000670,-0.000132,0.000095,0.003217,-0.002005,-0.000944,0.001878
-0.000478,-0.000267,0.000050,0.000776,0.000734,0.000001,-0.001744,-0.000523,0.000298,0.001436,0.000935,-0.000039,0.000001,0.003490,-0.003016,-0.000921,0.001848
-0.000516,-0.000370,0.000126,0.000635,0.000326,-0.000131,-0.002238,-0.000983,0.000010,0.000840,0.001180,-0.000000,-0.000077,0.003622,-0.003968,-0.000836,0.001798
-0.000542,-0.000484,0.000227,0.000467,0.000062,-0.000512,-0.002651,-0.001474,-0.000125,0.000370,0.001367,0.000034,-0.000301,0.003632,-0.004809,-0.000649,0.001727
-0.000558,-0.000592,0.000343,0.000300,-0.000008,-0.001036,-0.002969,-0.001929,-0.000599,0.000077,0.001507,0.000146,-0.000571,0.003547,-0.005502,-0.000403,0.001637
-0.000567,-0.000668,0.000456,0.000155,-0.000175,-0.001623,-0.003178,-0.002320,-0.001311,-0.000003,0.001594,0.000305,-0.000811,0.003373,-0.006049,-0.000186,0.001524
-0.000573,-0.000703,0.000544,0.000058,-0.000524,-0.002184,-0.003284,-0.002628,-0.002142,-0.000139,0.001628,0.000481,-0.000995,0.003127,-0.006462,-0.000043,0.001382
-0.000588,-0.000692,0.000603,0.000008,-0.000988,-0.002689,-0.003296,-0.002861,-0.002984,-0.000438,0.001618,0.000665,-0.001136,0.002841,-0.006740,0.000001,0.001212
-0.000616,-0.000669,0.000636,-0.000003,-0.001508,-0.003114,-0.003221,-0.003023,-0.003762,-0.000833,0.001560,0.000857,-0.001230,0.002516,-0.006890,0.000076,0.001017
-0.000654,-0.000633,0.000651,-0.000033,-0.002018,-0.003452,-0.003059,-0.003132,-0.004433,-0.001244,0.001441,0.001051,-0.001297,0.002168,-0.006895,0.000257,0.000806
-0.000689,-0.000512,0.000631,-0.000110,-0.002494,-0.003687,-0.002826,-0.003188,-0.004972,-0.001631,0.001259,0.001219,-0.001351,0.001798,-0.006779,0.000465,0.000581
-0.000723,-0.000324,0.000580,-0.000251,-0.002914,-0.003835,-0.002532,-0.003191,-0.005368,-0.001974,0.001038,0.001346,-0.001406,0.001414,-0.006571,0.000654,0.000348
-0.000745,-0.000137,0.000516,-0.000450,-0.003253,-0.003848,-0.002208,-0.003153,-0.005632,-0.002274,0.000811,0.001425,-0.001468,0.001025,-0.006289,0.000816,0.000144
-0.000753,-0.000019,0.000451,-0.000647,-0.003502,-0.003723,-0.001860,-0.003083,-0.005761,-0.002525,0.000577,0.001455,-0.001525,0.000652,-0.005945,0.000927,0.000022
-0.000754,0.000006,0.000391,-0.000806,-0.003658,-0.003482,-0.001498,-0.002985,-0.005770,-0.002718,0.000377,0.001437,-0.001578,0.000329,-0.005569,0.000955,-0.000009
-0.000745,0.000067,0.000345,-0.000941,-0.003723,-0.003157,-0.001133,-0.002850,-0.005668,-0.002850,0.000215,0.001380,-0.001635,0.000094,-0.005157,0.000895,-0.000106
-0.000716,0.000153,0.000313,-0.001057,-0.003707,-0.002772,-0.000781,-0.002677,-0.005456,-0.002895,0.000102,0.001293,-0.001676,0.000000,-0.004724,0.000744,-0.000288
-0.000659,0.000230,0.000300,-0.001158,-0.003619,-0.002349,-0.000457,-0.002483,-0.005155,-0.002838,0.000036,0.001199,-0.001689,-0.000099,-0.004290,0.000530,-0.000519
-0.000579,0.000305,0.000286,-0.001245,-0.003477,-0.001919,-0.000191,-0.002275,-0.004782,-0.002696,0.000006,0.001100,-0.001678,-0.000388,-0.003873,0.000304,-0.000776
-0.000466,0.000408,0.000263,-0.001318,-0.003294,-0.001485,-0.000028,-0.002067,-0.004361,-0.002487,-0.000000,0.001015,-0.001650,-0.000763,-0.003492,0.000116,-0.001036
-0.000330,0.000524,0.000233,-0.001371,-0.003083,-0.001070,0.000017,-0.001872,-0.003909,-0.002239,-0.000003,0.000942,-0.001616,-0.001077,-0.003155,0.000011,-0.001285
-0.000190,0.000645,0.000194,-0.001392,-0.002863,-0.000696,0.000173,-0.001695,-0.003452,-0.001972,-0.000004,0.000874,-0.001556,-0.001270,-0.002864,-0.000020,-0.001513
-0.000072,0.000759,0.000152,-0.001350,-0.002636,-0.000382,0.000405,-0.001548,-0.003008,-0.001700,-0.000001,0.000802,-0.001479,-0.001367,-0.002619,-0.000156,-0.001713
-0.000008,0.000860,0.000110,-0.001256,-0.002399,-0.000151,0.000604,-0.001433,-0.002588,-0.001440,0.000000,0.000722,-0.001395,-0.001387,-0.002411,-0.000423,-0.001894
0.000007,0.000933,0.000073,-0.001127,-0.002145,-0.000021,0.000750,-0.001332,-0.002186,-0.001204,0.000002,0.000609,-0.001305,-0.001357,-0.002215,-0.000767,-0.002049
0.000059,0.000977,0.000041,-0.001003,-0.001884,0.000010,0.000830,-0.001250,-0.001811,-0.001003,0.000008,0.000479,-0.001210,-0.001306,-0.002030,-0.001139,-0.002168
0.000150,0.000993,0.000017,-0.000888,-0.001619,0.000096,0.000860,-0.001184,-0.001464,-0.000839,0.000013,0.000339,-0.001112,-0.001244,-0.001848,-0.001493,-0.002242
0.000248,0.000947,0.000003,-0.000765,-0.001362,0.000211,0.000853,-0.001123,-0.001158,-0.000716,0.000018,0.000201,-0.001017,-0.001178,-0.001655,-0.001815,-0.002261
0.000333,0.000841,-0.000001,-0.000642,-0.001119,0.000301,0.000812,-0.001063,-0.000893,-0.000615,0.000024,0.000082,-0.000920,-0.001113,-0.001454,-0.002076,-0.002224
0.000398,0.000673,-0.000007,-0.000527,-0.000892,0.000339,0.000749,-0.000999,-0.000669,-0.000531,0.000030,0.000011,-0.000828,-0.001054,-0.001262,-0.002265,-0.002135
0.000436,0.000470,-0.000019,-0.000433,-0.000688,0.000332,0.000671,-0.000943,-0.000483,-0.000445,0.000028,-0.000005,-0.000729,-0.000991,-0.001074,-0.002332,-0.002003
0.000441,0.000263,-0.000026,-0.000343,-0.000507,0.000265,0.000576,-0.000889,-0.000330,-0.000360,0.000020,-0.000048,-0.000611,-0.000916,-0.000876,-0.002275,-0.001835
0.000412,0.000095,-0.000034,-0.000244,-0.000355,0.000152,0.000464,-0.000833,-0.000214,-0.000271,0.000008,-0.000128,-0.000473,-0.000834,-0.000667,-0.002120,-0.001639
0.000352,0.000009,-0.000048,-0.000133,-0.000235,0.000045,0.000338,-0.000777,-0.000135,-0.000183,0.000000,-0.000234,-0.000343,-0.000738,-0.000459,-0.001877,-0.001426
0.000267,-0.000013,-0.000071,-0.000037,-0.000154,0.000000,0.000206,-0.000729,-0.000086,-0.000105,-0.000003,-0.000343,-0.000220,-0.000623,-0.000267,-0.001553,-0.001212
0.000159,-0.000098,-0.000107,0.000000,-0.000108,-0.000048,0.000092,-0.000686,-0.000059,-0.000043,-0.000018,-0.000431,-0.000118,-0.000490,-0.000111,-0.001190,-0.001003
0.000061,-0.000261,-0.000147,0.000060,-0.000085,-0.000201,0.000021,-0.000656,-0.000045,-0.000005,-0.000060,-0.000493,-0.000040,-0.000348,-0.000013,-0.000821,-0.000803
0.000007,-0.000424,-0.000199,0.000211,-0.000076,-0.000438,-0.000000,-0.000627,-0.000042,0.000008,-0.000147,-0.000539,-0.000001,-0.000211,0.000017,-0.000484,-0.000616
-0.000006,-0.000534,-0.000261,0.000384,-0.000074,-0.000733,-0.000029,-0.000582,-0.000047,0.000059,-0.000284,-0.000578,0.000019,-0.000103,0.000127,-0.000213,-0.000461
-0.000055,-0.000610,-0.000327,0.000537,-0.000077,-0.001027,-0.000097,-0.000530,-0.000065,0.000122,-0.000442,-0.000620,0.000087,-0.000032,0.000291,-0.000041,-0.000332
-0.000143,-0.000643,-0.000390,0.000655,-0.000084,-0.001276,-0.000189,-0.000475,-0.000090,0.000164,-0.000623,-0.000671,0.000159,-0.000001,0.000460,0.000006,-0.000227
-0.000264,-0.000658,-0.000444,0.000740,-0.000094,-0.001463,-0.000281,-0.000416,-0.000131,0.000185,-0.000799,-0.000724,0.000186,0.000012,0.000600,0.000128,-0.000143
-0.000410,-0.000667,-0.000465,0.000817,-0.000114,-0.001601,-0.000355,-0.000365,-0.000187,0.000183,-0.000958,-0.000769,0.000156,0.000054,0.000721,0.000381,-0.000081
-0.000572,-0.000673,-0.000422,0.000875,-0.000144,-0.001677,-0.000401,-0.000327,-0.000253,0.000164,-0.001080,-0.000793,0.000105,0.000094,0.000823,0.000691,-0.000038
-0.000725,-0.000696,-0.000307,0.000912,-0.000181,-0.001686,-0.000407,-0.000307,-0.000327,0.000126,-0.001157,-0.000771,0.000056,0.000104,0.000901,0.000999,-0.000014
-0.000844,-0.000713,-0.000163,0.000930,-0.000231,-0.001618,-0.000372,-0.000299,-0.000412,0.000070,-0.001189,-0.000703,0.000019,0.000079,0.000954,0.001272,-0.000005
-0.000897,-0.000658,-0.000052,0.000938,-0.000297,-0.001521,-0.000307,-0.000305,-0.000512,0.000024,-0.001174,-0.000583,0.000000,0.000040,0.000967,0.001491,-0.000003
-0.000879,-0.000519,-0.000003,0.000921,-0.000384,-0.001405,-0.000233,-0.000323,-0.000628,0.000001,-0.001118,-0.000417,-0.000021,0.000012,0.000917,0.001648,-0.000003
-0.000790,-0.000338,0.000010,0.000871,-0.000496,-0.001267,-0.000160,-0.000350,-0.000769,-0.000007,-0.001045,-0.000223,-0.000083,0.000001,0.000755,0.001739,-0.000006
-0.000641,-0.000166,0.000053,0.000803,-0.000636,-0.001105,-0.000098,-0.000403,-0.000944,-0.000041,-0.000964,-0.000061,-0.000166,-0.000001,0.000485,0.001763,-0.000010
-0.000442,-0.000041,0.000115,0.000727,-0.000798,-0.000929,-0.000051,-0.000489,-0.001156,-0.000100,-0.000883,0.000000,-0.000262,-0.000005,0.000180,0.001713,-0.000020
-0.000244,0.000000,0.000189,0.000670,-0.000979,-0.000754,-0.000017,-0.000612,-0.001396,-0.000178,-0.000808,0.000056,-0.000358,-0.000010,0.000013,0.001613,-0.000038
-0.000083,0.000053,0.000266,0.000626,-0.001176,-0.000604,-0.000002,-0.000775,-0.001663,-0.000276,-0.000759,0.000186,-0.000456,-0.000011,-0.000038,0.001496,-0.000068
-0.000002,0.000199,0.000339,0.000601,-0.001381,-0.000503,0.000001,-0.000977,-0.001954,-0.000397,-0.000735,0.000350,-0.000553,-0.000006,-0.000242,0.001373,-0.000107
0.000036,0.000409,0.000406,0.000594,-0.001596,-0.000436,0.000007,-0.001219,-0.002271,-0.000542,-0.000736,0.000525,-0.000644,-0.000001,-0.000591,0.001244,-0.000140
0.000164,0.000641,0.000449,0.000607,-0.001817,-0.000389,0.000016,-0.001491,-0.002610,-0.000699,-0.000752,0.000698,-0.000726,0.000000,-0.001058,0.001113,-0.000147
0.000349,0.000885,0.000509,0.000628,-0.002065,-0.000368,0.000008,-0.001810,-0.002992,-0.000897,-0.000766,0.000844,-0.000822,0.000000,-0.001635,0.000952,-0.000121
0.000556,0.001122,0.000579,0.000645,-0.002333,-0.000366,0.000000,-0.002170,-0.003402,-0.001111,-0.000782,0.000949,-0.000922,-0.000000,-0.002295,0.000765,-0.000074
0.000759,0.001346,0.000664,0.000661,-0.002612,-0.000384,-0.000015,-0.002566,-0.003825,-0.001333,-0.000802,0.001006,-0.001016,-0.000003,-0.002999,0.000558,-0.000026
0.000944,0.001552,0.000753,0.000688,-0.002896,-0.000420,-0.000070,-0.002980,-0.004252,-0.001555,-0.000830,0.001004,-0.001091,-0.000009,-0.003712,0.000345,-0.000001
0.001101,0.001749,0.000841,0.000735,-0.003177,-0.000486,-0.000171,-0.003404,-0.004670,-0.001779,-0.000865,0.000935,-0.001172,-0.000019,-0.004409,0.000158,0.000016
0.001234,0.001949,0.000924,0.000812,-0.003452,-0.000568,-0.000322,-0.003829,-0.005061,-0.002000,-0.000898,0.000807,-0.001227,-0.000031,-0.005064,0.000034,0.000070
0.001325,0.002146,0.000990,0.000912,-0.003712,-0.000680,-0.000518,-0.004237,-0.005404,-0.002212,-0.000930,0.000654,-0.001269,-0.000040,-0.005652,-0.000002,0.000153
0.001379,0.002335,0.001044,0.001038,-0.003936,-0.000820,-0.000750,-0.004614,-0.005676,-0.002406,-0.000974,0.000486,-0.001284,-0.000043,-0.006142,-0.000066,0.000253
0.001406,0.002522,0.001079,0.001184,-0.004099,-0.000971,-0.001005,-0.004931,-0.005861,-0.002564,-0.001032,0.000316,-0.001273,-0.000042,-0.006513,-0.000198,0.000363
0.001407,0.002713,0.001089,0.001327,-0.004178,-0.001114,-0.001265,-0.005148,-0.005936,-0.002683,-0.001100,0.000159,-0.001232,-0.000047,-0.006739,-0.000365,0.000458
0.001387,0.002865,0.001074,0.001450,-0.004161,-0.001228,-0.001518,-0.005254,-0.005886,-0.002759,-0.001147,0.000040,-0.001167,-0.000059,-0.006791,-0.000542,0.000532
0.001345,0.002996,0.001028,0.001546,-0.004038,-0.001303,-0.001755,-0.005233,-0.005692,-0.002772,-0.001148,-0.000001,-0.001093,-0.000073,-0.006651,-0.000702,0.000583
0.001277,0.003074,0.000952,0.001608,-0.003800,-0.001323,-0.001954,-0.005068,-0.005352,-0.002713,-0.001120,-0.000072,-0.001011,-0.000090,-0.006299,-0.000838,0.000614
0.000943,0.002335,0.000660,0.001204,-0.002468,-0.000860,-0.001694,-0.003492,-0.003405,-0.002083,-0.000767,-0.000209,-0.000718,-0.000109,-0.004112,-0.000866,0.000592
0.000634,0.001678,0.000424,0.000861,-0.001423,-0.000508,-0.001434,-0.002199,-0.001904,-0.001513,-0.000483,-0.000401,-0.000465,-0.000135,-0.002391,-0.000870,0.000564
0.000367,0.001106,0.000249,0.000578,-0.000668,-0.000250,-0.001176,-0.001203,-0.000850,-0.001022,-0.000266,-0.000618,-0.000259,-0.000173,-0.001138,-0.000851,0.000519
0.000164,0.000638,0.000133,0.000351,-0.000203,-0.000078,-0.000921,-0.000509,-0.000228,-0.000625,-0.000113,-0.000837,-0.000109,-0.000229,-0.000349,-0.000813,0.000461
0.000040,0.000299,0.000060,0.000189,-0.000009,-0.000005,-0.000677,-0.000114,-0.000003,-0.000323,-0.000024,-0.001041,-0.000023,-0.000303,-0.000015,-0.000760,0.000391
-0.000000,0.000095,0.000019,0.000076,0.000055,0.000015,-0.000458,0.000001,0.000123,-0.000119,0.000001,-0.001206,0.000000,-0.000395,0.000110,-0.000693,0.000322
-0.000038,0.000007,0.000002,0.000012,0.000292,0.000091,-0.000273,0.000139,0.000522,-0.000016,0.000043,-0.001308,0.000022,-0.000485,0.000569,-0.000619,0.000254
-0.000139,-0.000019,-0.000003,-0.000004,0.000665,0.000226,-0.000132,0.000479,0.001112,0.000007,0.000140,-0.001343,0.000076,-0.000561,0.001302,-0.000542,0.000190
-0.000269,-0.000121,-0.000020,-0.000062,0.001115,0.000416,-0.000039,0.000958,0.001807,0.000077,0.000282,-0.001316,0.000149,-0.000610,0.002192,-0.000472,0.000132
-0.000408,-0.000304,-0.000056,-0.000182,0.001597,0.000644,-0.000001,0.001520,0.002544,0.000214,0.000460,-0.001253,0.000239,-0.000629,0.003152,-0.000405,0.000080
-0.000538,-0.000559,-0.000111,-0.000347,0.002073,0.000884,0.000021,0.002117,0.003264,0.000402,0.000642,-0.001162,0.000332,-0.000618,0.004098,-0.000328,0.000036
-0.000636,-0.000859,-0.000188,-0.000532,0.002522,0.001095,0.000103,0.002712,0.003922,0.000624,0.000806,-0.001047,0.000422,-0.000576,0.004935,-0.000243,0.000008
-0.000704,-0.001172,-0.000288,-0.000720,0.002919,0.001267,0.000247,0.003252,0.004478,0.000864,0.000926,-0.000913,0.000516,-0.000510,0.005595,-0.000155,-0.000001
-0.000744,-0.001476,-0.000417,-0.000881,0.003247,0.001405,0.000453,0.003717,0.004907,0.001125,0.000996,-0.000764,0.000613,-0.000436,0.006038,-0.000075,-0.000021
-0.000762,-0.001700,-0.000527,-0.001005,0.003437,0.001480,0.000665,0.004010,0.005134,0.001323,0.001037,-0.000621,0.000671,-0.000371,0.006249,-0.000021,-0.000063
-0.000757,-0.001848,-0.000604,-0.001093,0.003493,0.001495,0.000853,0.004140,0.005173,0.001452,0.001045,-0.000487,0.000694,-0.000312,0.006239,-0.000000,-0.000112
-0.000735,-0.001920,-0.000643,-0.001146,0.003426,0.001459,0.000991,0.004112,0.005041,0.001513,0.001024,-0.000364,0.000684,-0.000258,0.006034,0.000012,-0.000149
-0.000695,-0.001921,-0.000646,-0.001156,0.003251,0.001385,0.001064,0.003944,0.004757,0.001509,0.000973,-0.000254,0.000652,-0.000210,0.005660,0.000046,-0.000165
-0.000642,-0.001849,-0.000616,-0.001118,0.002982,0.001274,0.001072,0.003652,0.004344,0.001439,0.000896,-0.000163,0.000588,-0.000167,0.005143,0.000086,-0.000158
-0.000573,-0.001705,-0.000557,-0.001031,0.002635,0.001140,0.001018,0.003256,0.003829,0.001313,0.000797,-0.000092,0.000516,-0.000128,0.004514,0.000118,-0.000142
-0.000494,-0.001501,-0.000481,-0.000907,0.002229,0.000977,0.000913,0.002780,0.003238,0.001139,0.000679,-0.000038,0.000433,-0.000091,0.003804,0.000131,-0.000119
-0.000405,-0.001248,-0.000392,-0.000753,0.001788,0.000792,0.000767,0.002250,0.002602,0.000934,0.000549,-0.000006,0.000346,-0.000059,0.003044,0.000129,-0.000094
-0.000310,-0.000967,-0.000297,-0.000582,0.001338,0.000596,0.000598,0.001695,0.001951,0.000711,0.000412,0.000002,0.000260,-0.000032,0.002271,0.000114,-0.000067
-0.000215,-0.000673,-0.000201,-0.000404,0.000903,0.000402,0.000418,0.001151,0.001318,0.000487,0.000275,0.000021,0.000177,-0.000015,0.001525,0.000087,-0.000043
-0.000124,-0.000391,-0.000113,-0.000234,0.000507,0.000227,0.000243,0.000651,0.000741,0.000275,0.000152,0.000029,0.000102,-0.000005,0.000853,0.000052,-0.000023
-0.000046,-0.000145,-0.000041,-0.000088,0.000184,0.000083,0.000091,0.000237,0.000270,0.000100,0.000055,0.000015,0.000038,-0.000001,0.000308,0.000020,-0.000008
