AU01,AU02,AU04,AU05,AU06,AU07,AU09,AU10,AU12,AU14,AU15,AU17,AU20,AU23,AU25,AU26,AU45
-0.061994,-0.008129,-0.082777,-0.130439,-0.047121,-0.172087,0.014872,0.027987,0.033066,-0.054409,0.068645,-0.124084,-0.125010,-0.200900,0.075704,0.098156,-0.030511
-0.054697,-0.000143,-0.081447,-0.133035,-0.036016,-0.168954,0.011571,0.038013,0.042943,-0.024811,0.088903,-0.165400,-0.103451,-0.255666,0.102122,0.153849,-0.046789
-0.020342,0.013870,-0.030753,-0.110740,-0.019942,-0.129467,-0.002187,0.059986,0.054674,-0.001464,0.087938,-0.206460,-0.038328,-0.294915,0.114220,0.203788,-0.065260
0.005607,0.059818,-0.002952,-0.054398,-0.005747,-0.071939,-0.034179,0.075923,0.060857,0.009933,0.031953,-0.218282,-0.002539,-0.311956,0.104409,0.278433,-0.092967
0.069737,0.109785,0.003358,-0.000921,0.000037,-0.002206,-0.094945,0.080700,0.056911,0.087560,-0.000054,-0.202429,0.004557,-0.282470,0.072134,0.341232,-0.129427
0.166143,0.163430,0.029177,0.060609,0.020639,0.076715,-0.152959,0.088841,0.044935,0.199650,-0.051996,-0.153234,0.041761,-0.207082,0.009994,0.378344,-0.159925
0.193465,0.158108,0.025888,0.089337,0.015491,0.133135,-0.195188,0.089460,0.028765,0.206473,-0.147595,-0.099107,0.013119,-0.129623,-0.013953,0.360333,-0.174386
0.192590,0.130513,0.015577,0.108374,0.010151,0.160663,-0.198011,0.094647,0.018553,0.179987,-0.188502,-0.047185,0.000125,-0.084647,-0.053000,0.318715,-0.173730
0.178796,0.110937,0.002880,0.089841,0.005239,0.135324,-0.177904,0.076582,0.011539,0.143986,-0.185465,-0.009113,-0.010047,-0.037397,-0.017848,0.289041,-0.150755
0.125658,0.072435,-0.001846,0.062956,0.004024,0.099780,-0.133034,0.049354,0.005921,0.121831,-0.142637,0.002783,-0.033495,-0.001972,-0.002013,0.234695,-0.112775
0.059037,0.032712,-0.023125,0.021553,0.008253,0.060923,-0.078158,0.028106,0.002826,0.091421,-0.059571,0.053605,-0.052551,0.014215,0.002837,0.147894,-0.070984
0.007592,0.007273,-0.011733,-0.000714,0.015496,0.025341,-0.033706,0.020325,0.005132,0.066446,-0.002916,0.085715,-0.029412,0.036772,0.029923,0.067050,-0.030361
-0.003913,-0.000068,-0.008988,-0.025907,0.022027,0.000326,-0.012062,0.013434,0.013238,0.046780,0.018873,0.107477,-0.014962,0.027525,0.064811,0.015863,-0.006359
-0.000002,-0.013855,-0.010682,-0.037913,0.027251,-0.003954,-0.009262,0.005587,0.022800,0.048530,0.073161,0.076802,-0.008728,0.016133,0.096320,0.000488,0.000049
0.005612,-0.014776,-0.020798,-0.035505,0.031472,0.001709,-0.006537,0.005893,0.030448,0.038704,0.067861,0.037904,-0.019977,0.011053,0.081427,-0.007655,-0.000748
0.024568,0.000127,-0.037406,-0.029364,0.037838,0.019101,-0.009386,0.012861,0.039378,0.024618,0.060780,0.003514,-0.029374,0.005619,0.054840,-0.027707,-0.003799
0.049405,0.008877,-0.050062,-0.036485,0.045334,0.051503,-0.005336,0.034243,0.041629,0.009198,0.048661,-0.009022,-0.033277,0.004855,0.029204,-0.046565,-0.009226
0.077188,0.032655,-0.056422,-0.054283,0.048042,0.055156,-0.000721,0.043151,0.036219,0.000235,0.037613,-0.025625,-0.032174,0.009355,0.020967,-0.051738,-0.016592
0.070664,0.039918,-0.047091,-0.065850,0.044853,0.056757,0.001082,0.048136,0.026226,-0.001750,0.035661,-0.027492,-0.017417,0.015082,0.010130,-0.048107,-0.026204
0.045691,0.044813,-0.029448,-0.076512,0.039322,0.052622,0.012433,0.052742,0.016659,-0.008112,0.047939,-0.009537,-0.004758,0.014191,0.000469,-0.034619,-0.034499
0.021159,0.041935,-0.004761,-0.063525,0.034688,0.047043,0.025485,0.051231,0.008465,-0.006469,0.050613,0.000000,0.000471,0.003387,-0.000179,-0.018816,-0.037175
0.003092,0.018312,0.003823,-0.037424,0.025587,0.039859,0.038604,0.048082,0.004403,0.000000,0.064618,0.017992,0.006476,-0.001201,-0.001125,-0.014141,-0.026095
0.000387,-0.000238,0.023886,-0.016522,0.017652,0.029854,0.043451,0.042318,0.006924,0.016912,0.078155,0.027960,0.017517,-0.011755,-0.000082,-0.002109,-0.010032
0.000298,-0.014405,0.046878,-0.000988,0.016176,0.033585,0.044758,0.030970,0.010761,0.027592,0.080219,0.024418,0.006031,-0.020079,-0.001958,-0.000853,-0.000970
0.007514,0.005297,0.047684,0.016366,0.024634,0.037114,0.035447,0.025002,0.020077,0.034684,0.088576,0.002214,-0.001737,-0.024493,-0.008762,0.000039,0.000925
0.025777,0.027460,0.034765,0.023860,0.037263,0.035796,0.023876,0.027614,0.029739,0.037843,0.085483,-0.011352,-0.025445,-0.021165,-0.014993,0.000063,0.003259
0.047911,0.057363,0.018792,0.024684,0.045847,0.028879,0.010029,0.027925,0.035152,0.038409,0.077390,-0.012082,-0.064961,-0.018682,-0.020752,0.000255,0.003938
0.063362,0.094761,0.006800,0.020980,0.044271,0.018489,-0.002986,0.030401,0.037958,0.029306,0.073084,-0.003217,-0.092951,-0.013803,-0.019613,0.002573,0.001512
0.068331,0.123003,0.000828,0.013987,0.039668,0.020571,-0.012638,0.033251,0.041773,0.021969,0.068886,-0.004034,-0.117031,-0.014029,-0.015539,0.015900,0.000413
0.064310,0.142501,0.000048,0.017653,0.029032,0.022306,-0.031671,0.042174,0.047825,0.012472,0.064747,-0.013227,-0.135908,-0.015584,-0.010418,0.032194,-0.000072
0.062286,0.133345,0.000062,0.001786,0.012460,0.008720,-0.041913,0.048455,0.053853,0.006220,0.063546,-0.023354,-0.119294,-0.020078,-0.001952,0.053722,-0.000044
0.045871,0.096415,-0.000146,-0.001914,0.000068,0.000720,-0.046599,0.050835,0.058550,0.010611,0.066985,-0.026762,-0.091600,-0.021539,0.009099,0.072870,0.001558
0.028051,0.056014,-0.000417,-0.011511,-0.010262,0.011011,-0.039426,0.046238,0.055449,0.018338,0.055336,-0.026427,-0.057467,-0.021571,0.013648,0.080259,0.006959
0.016453,0.038473,0.000000,-0.000398,-0.005496,0.018783,-0.008676,0.051693,0.036920,0.025464,0.040775,-0.034258,-0.045699,-0.013758,0.008116,0.081337,0.014603
0.006899,0.017817,-0.000389,0.001392,-0.002126,0.019685,0.001271,0.055077,0.018149,0.030689,0.022494,-0.038673,-0.038882,-0.006619,-0.000252,0.048396,0.014339
0.000723,0.004872,-0.001772,0.008912,-0.000001,0.015852,0.023292,0.052052,0.005088,0.031636,0.013996,-0.025705,-0.036017,-0.000453,-0.012148,0.024970,0.003626
-0.000299,-0.001439,-0.002046,0.015129,0.000806,0.008952,0.034095,0.045457,-0.000173,0.024295,0.010157,-0.005152,-0.032030,0.002878,-0.023484,0.009446,-0.000279
0.000001,-0.006325,0.000008,0.021764,0.010837,0.029997,0.040204,0.044672,-0.011120,0.002285,0.009269,0.004594,-0.038944,-0.000003,-0.012979,0.000439,-0.003026
-0.001023,-0.005391,0.006910,0.021618,0.018957,0.051253,0.035222,0.048216,-0.017649,-0.007864,0.020251,0.011608,-0.055132,-0.003885,-0.005659,-0.009581,-0.005914
-0.001874,-0.002646,0.004952,0.002950,0.018524,0.038848,0.021917,0.046684,-0.015001,-0.033873,0.033133,0.011312,-0.042762,-0.009969,-0.001380,-0.015455,-0.010372
-0.008011,-0.003495,0.000455,-0.005905,0.012939,0.009004,0.007432,0.038545,-0.010248,-0.037954,0.052202,0.003710,-0.021712,-0.015067,0.004402,-0.014513,-0.004084
-0.014538,-0.007119,-0.000108,-0.046087,0.008067,0.000863,-0.000275,0.019240,-0.008968,-0.036940,0.054899,0.000875,-0.006119,-0.026441,0.014650,-0.020420,-0.001074
-0.019939,-0.009402,-0.000703,-0.039149,0.006698,-0.000227,-0.000114,0.006709,-0.011523,-0.032631,0.044198,-0.000010,-0.003567,-0.029575,0.029450,-0.014497,0.000567
-0.023739,-0.014889,-0.006385,-0.026063,0.005986,-0.005891,0.000055,0.000442,-0.012165,-0.022088,0.028306,-0.001008,-0.001404,-0.027954,0.026329,-0.017266,0.007133
-0.026012,-0.015452,-0.013984,-0.019627,0.006029,-0.004558,0.000296,-0.003831,-0.010211,-0.008994,0.023056,-0.007216,-0.000142,-0.019596,0.018242,-0.015832,0.008781
-0.026165,-0.029437,-0.008968,-0.017877,0.004585,-0.008054,0.000649,-0.019435,-0.007369,0.000008,0.019376,-0.006453,0.001758,-0.008705,0.010983,-0.018442,0.009462
-0.023623,-0.027964,0.000007,-0.014840,0.006396,-0.000032,0.008369,-0.020896,-0.005240,0.002727,0.015937,-0.000406,0.000025,-0.003155,0.013116,-0.017783,0.010442
-0.021031,-0.021700,0.007950,-0.014677,0.003928,0.006047,0.017932,-0.019311,-0.002845,-0.000005,0.007052,0.003856,0.000729,-0.001019,0.014325,-0.015314,0.012279
-0.020883,-0.013144,0.012436,-0.016777,0.000534,0.019662,0.025643,-0.020287,-0.001391,-0.005774,0.000055,0.011374,0.002832,-0.000103,0.013364,-0.008154,0.014886
-0.022520,-0.008143,0.013536,-0.027841,-0.000520,0.017941,0.031263,-0.013525,0.000137,-0.005277,-0.001109,0.009656,0.015971,0.000423,0.012854,-0.001354,0.024267
-0.030916,-0.013218,0.026743,-0.030520,-0.000679,0.015199,0.035164,-0.009636,0.001797,0.000407,-0.006405,0.010937,0.032978,0.004394,0.022135,0.001338,0.031807
-0.038289,-0.018916,0.035077,-0.024817,-0.001187,0.015273,0.040495,0.000149,0.005525,0.005121,-0.007029,0.022828,0.045302,0.012028,0.038792,0.005844,0.036015
-0.047588,-0.034129,0.030392,-0.023455,-0.004007,0.004699,0.040734,0.006207,0.009489,0.009064,-0.000270,0.037836,0.050001,0.018798,0.051609,0.014088,0.038060
-0.057751,-0.052930,0.021367,-0.008940,-0.004772,0.012653,0.033356,0.012579,0.009630,0.012515,0.004252,0.024535,0.045466,0.021043,0.052136,0.009689,0.040751
-0.063179,-0.067449,0.018776,-0.003826,-0.002471,0.001167,0.030552,0.012714,0.007954,0.014553,0.015883,0.004308,0.068929,0.021783,0.044343,0.002621,0.039070
-0.061040,-0.067917,0.020886,-0.001147,-0.000793,-0.000057,0.027517,0.006360,0.005373,0.013925,0.018035,-0.001492,0.083754,0.019009,0.016374,-0.000026,0.035901
-0.055732,-0.045939,0.019502,-0.000293,-0.001722,-0.007133,0.026066,0.000890,0.000510,0.012774,0.014566,-0.021540,0.101989,0.012854,0.001477,-0.007016,0.034784
-0.048507,-0.021682,0.020573,0.000996,-0.003814,-0.018611,0.020987,-0.002980,0.000008,0.010446,0.004970,-0.039312,0.110137,0.004996,-0.002399,-0.022807,0.034545
-0.048142,-0.010731,0.017154,0.004056,-0.004388,-0.030495,0.015408,-0.017664,-0.003409,0.013304,-0.000077,-0.054537,0.108898,0.000014,-0.024196,-0.034193,0.033364
-0.050580,-0.006659,0.024494,0.007086,-0.000776,-0.030817,0.011543,-0.036772,-0.007676,0.023958,-0.013843,-0.043360,0.107487,0.001324,-0.032223,-0.013367,0.035617
-0.049940,-0.002989,0.023932,0.003584,0.001291,-0.014943,0.001861,-0.018779,-0.007119,0.034792,-0.039439,-0.010709,0.098911,0.007270,-0.021594,-0.000536,0.032843
-0.046702,-0.002234,0.019989,-0.008108,0.003333,-0.005550,0.000123,-0.001365,0.000182,0.047413,-0.043950,0.000834,0.065275,0.014183,-0.009205,0.006232,0.030564
-0.050465,-0.010498,0.006566,-0.019356,0.008007,0.001843,-0.010363,0.003467,0.004360,0.047238,-0.040163,0.008076,0.039666,0.022824,0.000728,0.008236,0.031255
-0.035884,-0.024278,-0.000061,-0.039177,0.014796,0.000022,-0.017341,0.013678,0.010151,0.050045,-0.031736,0.007118,0.022690,0.030563,0.019576,0.010249,0.028124
-0.037150,-0.037985,-0.007805,-0.060652,0.020143,-0.000167,-0.021922,0.014212,0.017327,0.049973,-0.029018,0.000073,0.021024,0.037390,0.022830,0.002619,0.025025
-0.033246,-0.038092,-0.019696,-0.076379,0.023472,-0.000007,-0.018813,0.010836,0.023866,0.048654,-0.030936,-0.018401,0.019285,0.034073,0.022256,-0.000223,0.026330
-0.029732,-0.032220,-0.021967,-0.091686,0.024035,-0.000001,-0.008922,0.003442,0.034096,0.037276,-0.027529,-0.035188,0.023778,0.030209,0.018494,-0.014779,0.029236
-0.028441,-0.029879,-0.020824,-0.091917,0.024104,-0.000055,-0.000003,-0.000782,0.035891,0.032852,-0.005936,-0.052899,0.022177,0.029393,0.005007,-0.039495,0.027752
-0.027764,-0.025517,-0.017860,-0.079006,0.029307,0.005057,0.008413,-0.017162,0.035535,0.026213,0.000307,-0.040256,0.012038,0.034641,0.000005,-0.043743,0.021877
-0.024743,-0.019716,-0.013574,-0.063859,0.035461,0.017929,0.018044,-0.019455,0.035904,0.021364,0.002098,-0.023101,0.009433,0.038965,-0.005290,-0.052255,0.014456
-0.026681,-0.031736,-0.007473,-0.050690,0.040663,0.032806,0.041569,-0.012081,0.040549,0.022396,0.001194,-0.005828,0.006281,0.037454,-0.019683,-0.053213,0.009901
-0.040612,-0.059653,-0.004122,-0.052661,0.046130,0.061243,0.051717,-0.008661,0.036522,0.017706,0.001147,0.000004,0.006611,0.037496,-0.013565,-0.052346,0.009554
-0.037047,-0.083035,0.000135,-0.052250,0.048782,0.070183,0.056555,-0.004585,0.021328,0.019235,0.000431,0.008487,-0.003633,0.043722,-0.006919,-0.054299,0.005973
-0.052080,-0.113800,0.001112,-0.033999,0.048590,0.090688,0.053096,-0.005072,0.007723,0.032491,0.000187,0.000240,-0.008868,0.047920,-0.001398,-0.065107,0.002538
-0.059957,-0.128591,0.006096,-0.014549,0.043498,0.112293,0.025180,-0.004011,0.003853,0.049462,-0.000358,0.000351,-0.000342,0.044263,-0.000073,-0.066405,0.001696
-0.064697,-0.139054,0.012100,-0.003884,0.034243,0.106662,0.006187,-0.007092,0.000699,0.054793,-0.005707,0.006964,0.004554,0.039846,0.000293,-0.061322,0.006135
-0.058430,-0.129200,0.028387,0.000311,0.025205,0.085788,0.001740,-0.000665,-0.002161,0.047753,-0.000175,0.011869,0.015203,0.040555,-0.000256,-0.056162,0.016721
-0.041047,-0.100364,0.046032,0.008369,0.024099,0.069217,0.003498,0.000927,-0.008698,0.052421,0.000663,0.012328,0.009453,0.038547,-0.000235,-0.043177,0.020634
-0.020139,-0.063530,0.053252,0.020867,0.024680,0.054255,0.005861,0.008126,-0.004656,0.032352,-0.000011,0.008047,0.003456,0.038892,-0.000897,-0.037062,0.026715
-0.017237,-0.049666,0.060482,0.010788,0.020157,0.017645,0.013687,0.018912,-0.000622,0.028438,-0.004902,0.000350,-0.000003,0.036596,-0.001335,-0.036768,0.033147
-0.017557,-0.049782,0.062719,-0.000020,0.010373,0.013646,0.026986,0.013017,0.000096,0.017512,-0.007215,-0.001233,-0.001600,0.032764,-0.000315,-0.030525,0.040321
-0.014629,-0.042237,0.064330,-0.005992,-0.000111,0.000642,0.030483,0.007321,-0.000011,0.006897,-0.011746,-0.000407,-0.008083,0.032479,0.004630,-0.025147,0.041278
-0.020174,-0.039464,0.055740,-0.008009,-0.005504,0.009172,0.032506,0.000030,-0.003837,0.007597,-0.003935,-0.008417,-0.006144,0.029605,0.018001,-0.011959,0.043308
-0.039480,-0.043613,0.041439,-0.012220,-0.017027,0.013256,0.031620,-0.004014,-0.001228,0.006710,-0.003588,-0.006790,0.001836,0.025112,0.023288,-0.002837,0.041264
-0.067825,-0.059743,0.035633,-0.012366,-0.029377,-0.000729,0.030418,-0.019990,-0.001392,0.006202,-0.003325,0.002311,0.021792,0.024274,0.010347,-0.001731,0.041943
-0.094100,-0.072056,0.038780,-0.002733,-0.042523,-0.014707,0.027386,-0.029303,-0.009757,0.001128,-0.006520,0.022062,0.052206,0.024440,0.001943,-0.001485,0.050840
-0.107813,-0.071027,0.048013,0.005224,-0.044546,-0.023879,0.027500,-0.035312,-0.020454,0.006736,-0.015310,0.037676,0.064942,0.022158,0.016491,0.004128,0.054205
-0.108340,-0.059487,0.044044,0.033470,-0.046131,-0.017318,0.016112,-0.038135,-0.033241,-0.000013,-0.029949,0.046545,0.068700,0.018874,0.031000,0.019907,0.059274
-0.115031,-0.051117,0.038384,0.033843,-0.043140,-0.017277,0.012510,-0.031549,-0.041694,0.001174,-0.051057,0.034537,0.039317,0.015564,0.037315,0.023711,0.058208
-0.130988,-0.039103,0.032956,0.021283,-0.035927,-0.001789,0.011178,-0.027059,-0.043777,0.005017,-0.057888,0.018366,0.022760,0.013280,0.035980,0.022540,0.048935
-0.149665,-0.034857,0.032337,0.007845,-0.022655,-0.002563,0.004398,-0.008683,-0.036601,0.008858,-0.042976,-0.007917,0.011497,0.011235,0.051867,0.019173,0.049154
-0.146956,-0.037030,0.025648,0.000369,-0.008344,-0.000048,0.007284,-0.001274,-0.029818,-0.005094,-0.006299,-0.045188,0.007136,0.018112,0.064585,0.010543,0.062059
-0.140795,-0.050021,0.000645,-0.034323,-0.000799,0.000548,0.039234,-0.000067,-0.009378,-0.043817,0.010093,-0.100794,0.001165,0.029709,0.059710,-0.011461,0.084568
-0.116600,-0.066322,-0.004636,-0.090474,0.000484,-0.000300,0.081543,-0.005674,-0.000012,-0.091775,0.050691,-0.129985,-0.000000,0.051453,0.033806,-0.095195,0.122916
-0.053829,-0.048532,-0.019754,-0.128217,0.000213,-0.002120,0.116331,-0.025655,0.005703,-0.134341,0.065982,-0.140045,-0.000044,0.069944,0.004919,-0.195603,0.160592
-0.007264,-0.025064,-0.034060,-0.133446,0.000073,-0.000396,0.134197,-0.047873,0.025004,-0.162162,0.034422,-0.134306,-0.000122,0.080329,0.001712,-0.256798,0.176924
0.011699,-0.007166,-0.047759,-0.122287,-0.000062,0.000246,0.119908,-0.062250,0.030196,-0.178990,0.009858,-0.109378,-0.000298,0.076858,0.000029,-0.295837,0.167610
0.076368,0.000055,-0.058424,-0.095373,0.000245,0.007223,0.087888,-0.050637,0.034177,-0.165947,0.000624,-0.080175,-0.015181,0.059414,-0.001980,-0.293975,0.135295
0.120752,0.016980,-0.044779,-0.060410,0.000432,0.026360,0.046431,-0.029648,0.033441,-0.139987,-0.002590,-0.049160,-0.018758,0.035289,-0.006943,-0.249769,0.081419
0.123275,0.038113,-0.013586,-0.026792,0.003856,0.026670,0.009422,-0.005026,0.030262,-0.091646,-0.010251,-0.039072,-0.011359,0.010546,-0.003931,-0.171766,0.036599
0.105995,0.019104,0.000261,-0.001281,0.017635,0.020409,-0.013319,0.010988,0.032935,-0.058561,-0.012644,-0.020517,-0.003138,-0.001545,-0.000473,-0.100852,0.007129
0.051679,-0.007650,-0.000528,-0.015688,0.042714,0.012150,-0.037755,0.074271,0.056304,-0.033759,0.005164,-0.004784,-0.026199,-0.020603,-0.019614,-0.104769,0.000116
0.002414,-0.062280,-0.004380,-0.033484,0.057948,0.000755,-0.073680,0.117958,0.087334,-0.014823,0.049140,0.001809,-0.052219,-0.018937,-0.051617,-0.143508,0.003036
-0.006864,-0.095865,-0.015350,-0.041450,0.059728,-0.000113,-0.104568,0.131991,0.108224,0.000735,0.096344,0.017770,-0.054425,-0.011748,-0.089968,-0.166891,0.009808
-0.021808,-0.114424,-0.031516,-0.038959,0.052466,-0.005336,-0.123720,0.126687,0.121064,0.018977,0.102827,0.038995,-0.046927,-0.005073,-0.114395,-0.172452,0.016980
-0.023278,-0.120638,-0.048567,-0.038897,0.037061,-0.014301,-0.124340,0.103738,0.116609,0.031595,0.092828,0.054682,-0.044874,-0.000965,-0.121863,-0.159545,0.015605
-0.030202,-0.107786,-0.065407,-0.026110,0.023255,-0.025676,-0.108217,0.078460,0.099534,0.037407,0.078665,0.037446,-0.049056,0.001268,-0.123876,-0.145574,0.011869
-0.036129,-0.073681,-0.056893,-0.012073,0.008267,-0.040909,-0.078376,0.055094,0.064303,0.020691,0.070935,0.016505,-0.044503,0.008819,-0.104295,-0.108499,0.003590
-0.023311,-0.030124,-0.036768,-0.001491,-0.000099,-0.047638,-0.035724,0.034689,0.024476,0.008429,0.052750,0.002101,-0.027965,0.017955,-0.079266,-0.060124,0.000144
-0.007480,-0.000530,-0.025192,0.002228,-0.013970,-0.047049,-0.002295,0.023118,0.000010,-0.000028,0.014264,-0.004265,-0.017785,0.006988,-0.050104,-0.023034,-0.008083
-0.000007,0.007937,-0.024706,0.001490,-0.016410,-0.039742,0.002177,0.019294,-0.011572,-0.007693,0.001415,-0.026998,-0.032248,0.000145,-0.037530,-0.013810,-0.008405
0.000274,0.001002,-0.027007,0.002051,-0.015870,-0.037479,0.002832,0.020413,-0.011640,-0.014541,-0.003600,-0.034127,-0.042290,0.001032,-0.015579,-0.003720,-0.011306
0.000016,-0.000120,-0.022370,0.000496,-0.012773,-0.036479,0.000054,0.022237,-0.006576,-0.003248,-0.015623,-0.036027,-0.031066,0.001774,-0.003912,0.000270,-0.011955
0.004901,-0.000166,-0.014129,0.001652,-0.008572,-0.041552,-0.001040,0.022884,-0.000341,0.001819,-0.027149,-0.034086,-0.016860,0.001388,-0.000737,0.005642,-0.011439
0.019371,0.002514,-0.003748,0.000385,-0.008115,-0.041287,-0.003849,0.015975,0.000230,0.019148,-0.034474,-0.029809,-0.009152,0.000847,0.000281,0.021656,-0.013240
0.022521,0.006601,-0.000027,0.003395,-0.007620,-0.034952,-0.015536,0.007043,0.003371,0.027816,-0.034905,-0.026914,-0.000034,0.003504,0.000029,0.010801,-0.015620
0.014227,0.005230,0.000013,0.013386,-0.007501,-0.028047,-0.029616,0.003300,0.003733,0.028822,-0.019189,-0.021578,0.008053,0.007971,-0.000078,0.002419,-0.016174
0.005429,0.005544,0.000319,0.021414,-0.004819,-0.016267,-0.032750,0.002961,0.003414,0.022503,0.000327,-0.010616,0.024900,0.010936,-0.000169,-0.000816,-0.015025
-0.000456,0.007612,0.000733,0.023851,-0.000919,-0.005561,-0.026997,0.011068,0.001791,0.009853,0.010244,-0.005019,0.004614,0.010627,-0.000678,-0.014098,-0.018802
-0.001400,0.009276,0.000270,0.019339,-0.000052,-0.002622,-0.009349,0.013024,-0.000023,0.000134,0.021252,0.000060,-0.000845,0.009033,-0.007035,-0.020803,-0.017173
-0.002680,0.002139,-0.000295,0.018091,-0.001319,-0.004244,-0.001200,0.002141,-0.004072,-0.005775,0.021872,0.010541,-0.012175,0.010533,-0.004384,-0.006243,-0.017369
-0.011209,-0.002041,-0.002483,0.020368,-0.006146,-0.008130,0.000474,-0.001301,-0.009617,-0.021217,0.011296,0.013730,-0.026367,0.007878,-0.000548,0.001111,-0.019977
-0.015200,-0.019840,-0.004181,0.021649,-0.010418,-0.011526,0.004686,-0.005845,-0.010907,-0.032264,0.003651,0.012464,-0.039378,0.004594,0.000151,0.012033,-0.020932
-0.012639,-0.030111,-0.003832,0.027626,-0.015977,-0.006287,0.015196,-0.020545,-0.013694,-0.037125,0.000159,0.015831,-0.037786,0.004240,0.000807,0.028224,-0.018385
-0.008200,-0.036393,-0.004754,0.022320,-0.018228,-0.004155,0.011297,-0.035288,-0.014503,-0.040333,-0.001673,0.026264,-0.022340,0.003413,0.000899,0.025356,-0.015501
-0.000628,-0.016525,-0.012752,0.031467,-0.019460,-0.000302,0.004188,-0.042202,-0.012052,-0.041433,-0.010599,0.035837,-0.003933,0.002127,0.002717,0.007347,-0.015136
0.003228,-0.004841,-0.026177,0.033816,-0.013805,0.001189,-0.003010,-0.043171,-0.004429,-0.039888,-0.005773,0.041234,0.002909,0.003990,0.010291,0.000073,-0.013431
0.009943,-0.000118,-0.024690,0.037641,-0.004993,0.006209,-0.017874,-0.025568,-0.000054,-0.035133,-0.001003,0.033845,0.008917,0.009066,0.021737,-0.002901,-0.011936
0.021933,0.002609,-0.019824,0.028710,0.000015,0.000497,-0.013936,-0.017688,0.003397,-0.030210,-0.002132,0.018085,0.000016,0.011731,0.019724,-0.015473,-0.009246
0.025990,0.011630,-0.014953,0.013379,0.002226,-0.009358,-0.006681,-0.006552,0.010417,-0.026313,-0.004148,0.005387,-0.006916,0.011766,0.015081,-0.007891,-0.006207
0.020669,0.026664,-0.009268,0.004446,0.000159,-0.026391,-0.001592,-0.000634,0.012372,-0.007898,-0.008804,0.001022,-0.023359,0.007904,0.009225,-0.000774,-0.005964
0.023805,0.036658,-0.000232,0.001005,-0.000246,-0.037687,-0.000088,0.014251,0.011106,0.000165,-0.010364,-0.000974,-0.041857,0.007076,0.002543,0.004491,-0.004927
0.024675,0.023418,0.007987,0.004301,-0.000307,-0.032842,0.001612,0.022209,0.008662,0.012996,-0.011762,-0.004383,-0.046129,0.006429,0.000006,0.019962,-0.001990
0.018571,0.019021,0.017937,0.000321,-0.000147,-0.028367,0.010781,0.023067,0.004845,0.026911,-0.011380,-0.004043,-0.043774,0.002405,-0.000510,0.036878,0.001458
0.009037,0.010483,0.039402,-0.004654,0.004304,-0.016358,0.024280,0.017490,0.002025,0.055034,-0.000610,-0.001242,-0.021048,-0.002195,0.005665,0.028446,0.025297
0.004905,0.017292,0.061354,-0.012145,0.017910,-0.005774,0.018093,0.010218,0.005522,0.083549,0.002136,-0.000007,0.001987,-0.027461,0.015171,0.000050,0.095369
0.001725,0.014061,0.091968,-0.014066,0.034595,0.001934,0.010320,0.015660,0.015346,0.098850,0.015132,-0.001225,0.036987,-0.069200,0.018583,-0.009573,0.176187
-0.002113,0.008720,0.112539,-0.018491,0.053086,0.016327,0.012838,0.011958,0.026239,0.095867,0.022476,-0.009596,0.063511,-0.108406,0.015572,-0.037641,0.235695
-0.014628,0.002840,0.108204,-0.030739,0.060396,0.020498,0.014935,0.009885,0.030637,0.079144,0.020991,-0.021076,0.078954,-0.118318,0.011239,-0.059693,0.256367
-0.021935,0.000882,0.089463,-0.042670,0.056458,0.031418,0.002656,0.007352,0.024986,0.054689,0.017101,-0.013787,0.079094,-0.100768,0.005584,-0.080744,0.215209
-0.011132,0.000214,0.058432,-0.041563,0.044044,0.034635,-0.000411,0.012559,0.014229,0.027616,0.011215,-0.005551,0.067425,-0.058117,0.000461,-0.073313,0.147108
-0.000704,-0.000068,0.028931,-0.027296,0.024682,0.037143,-0.000174,0.007019,0.001503,0.013530,0.000004,0.000012,0.045115,-0.007233,-0.002740,-0.059021,0.048735
0.001632,0.014759,0.001278,-0.013262,0.001864,0.033410,0.000123,0.001399,-0.002361,0.001061,-0.012829,0.004557,0.012410,0.015630,-0.007391,-0.026183,-0.007634
0.006679,0.016090,-0.017578,-0.023833,-0.005405,0.024059,0.000352,-0.002980,-0.019526,-0.002375,-0.032642,0.020337,-0.002940,0.104541,-0.000521,-0.002276,-0.128839
0.018346,0.027890,-0.060219,-0.031748,-0.019448,0.012153,-0.001604,-0.019159,-0.029715,-0.011489,-0.049563,0.037691,-0.021566,0.137706,-0.000375,0.006151,-0.177348
0.035910,0.029394,-0.066138,-0.009165,-0.038978,-0.005949,-0.007470,-0.012760,-0.023436,-0.021924,-0.051547,0.023250,-0.054275,0.133593,-0.007490,0.027912,-0.194332
0.038193,0.026661,-0.064081,-0.000316,-0.047779,-0.020450,-0.007610,-0.003176,-0.014311,-0.031902,-0.045983,0.002304,-0.086710,0.113048,-0.009828,0.039431,-0.185288
0.034415,0.036141,-0.054299,-0.000000,-0.049967,-0.020871,-0.005333,-0.000711,-0.007187,-0.044745,-0.037249,-0.002111,-0.109722,0.092418,-0.003973,0.042148,-0.162819
0.038447,0.041448,-0.037838,0.000002,-0.047475,-0.019469,-0.011939,0.000081,-0.004854,-0.070612,-0.032584,-0.005344,-0.127534,0.067563,-0.001138,0.039013,-0.141124
0.037701,0.039170,-0.015224,0.000038,-0.038826,-0.016196,-0.009949,0.002708,-0.003506,-0.088913,-0.025652,-0.009258,-0.129591,0.042004,0.000200,0.031702,-0.104327
0.037202,0.027583,-0.000467,0.008364,-0.029004,-0.018561,-0.001022,0.000106,-0.007072,-0.085744,-0.022488,-0.011802,-0.113236,0.020324,0.002629,0.028873,-0.072981
0.029731,0.027647,0.013795,0.028505,-0.020088,-0.016416,0.002178,-0.001567,-0.009951,-0.068920,-0.016477,-0.013463,-0.086634,0.006678,0.012167,0.027209,-0.055311
0.020103,0.039603,0.037862,0.023272,-0.011003,-0.010276,0.014195,-0.011127,-0.010878,-0.050384,-0.018527,-0.006969,-0.048817,0.000504,0.024423,0.031604,-0.040725
0.009461,0.041737,0.045486,0.013932,-0.004944,-0.001468,0.018806,-0.026077,-0.009508,-0.025746,-0.010215,-0.001416,-0.013797,-0.004402,0.019688,0.046706,-0.029272
0.001726,0.031045,0.034915,0.027736,-0.003521,-0.001097,0.020380,-0.026556,-0.008018,-0.005992,-0.008443,-0.001133,-0.002201,-0.010835,0.000903,0.038026,-0.021598
-0.000301,0.010389,0.018971,0.041585,-0.003029,-0.000072,0.008580,-0.015720,-0.006204,0.001311,-0.002263,-0.000778,-0.000605,-0.011769,-0.006078,0.020640,-0.014009
-0.007692,0.005462,0.000871,0.053119,-0.004825,0.007825,0.000091,-0.007450,-0.007578,0.021900,-0.000610,-0.001356,0.000001,-0.008220,-0.017169,0.006076,-0.010938
-0.012084,0.001724,-0.005707,0.060787,-0.007936,0.026323,-0.007816,0.000392,-0.010871,0.011005,-0.001380,0.000118,-0.000881,-0.000782,-0.028131,0.000080,-0.010601
-0.015111,0.002133,-0.018857,0.058479,-0.009674,0.045533,-0.015669,0.011263,-0.013206,0.002975,-0.003682,0.004326,-0.004578,0.003038,-0.028445,-0.002370,-0.013576
-0.012663,0.002683,-0.030031,0.050931,-0.010696,0.008398,-0.018546,0.019993,-0.013075,-0.000432,-0.009650,0.011823,-0.016974,0.008857,-0.023619,-0.012060,-0.016462
-0.007268,0.005845,-0.039861,0.039194,-0.010153,-0.000007,-0.018317,0.026718,-0.011255,-0.008243,-0.002458,0.023392,-0.031216,0.013797,-0.011792,-0.019321,-0.022643
-0.002074,0.020462,-0.034567,0.021336,-0.009018,-0.013011,-0.015753,0.017545,-0.007593,-0.018805,-0.006003,0.031333,-0.036991,0.020937,-0.003285,-0.007411,-0.021559
0.024571,0.078583,-0.024193,0.005598,-0.002886,-0.033856,-0.037443,0.020317,0.004152,0.000529,-0.003547,0.046508,-0.015116,0.074070,-0.025614,0.007115,-0.022774
0.066143,0.141596,-0.000000,0.000086,-0.001816,-0.038398,-0.061601,0.030606,0.020381,0.012352,-0.004147,0.060573,0.003309,0.143125,-0.056448,0.034670,-0.026639
0.099342,0.179979,0.033488,-0.000531,0.001397,-0.028748,-0.104166,0.039287,0.036677,0.038339,0.017617,0.079506,0.020668,0.144397,-0.050584,0.065780,-0.036280
0.120321,0.191893,0.080745,0.007519,0.003672,-0.013200,-0.138053,0.038891,0.040916,0.075281,0.046822,0.087203,0.065035,0.126456,-0.043206,0.110880,-0.044386
0.122524,0.175319,0.123883,0.028181,0.007431,-0.001042,-0.154220,0.041324,0.041033,0.107382,0.077710,0.078930,0.112625,0.100897,-0.031014,0.143792,-0.063508
0.116765,0.128306,0.153247,0.051986,0.008005,-0.000563,-0.157334,0.037883,0.038350,0.126751,0.097733,0.060119,0.148562,0.084050,-0.011506,0.158677,-0.092503
0.094307,0.077623,0.167528,0.036537,0.000710,-0.011641,-0.137726,0.012210,0.034863,0.123312,0.100768,0.022299,0.169004,0.052775,-0.000174,0.127213,-0.118897
0.073004,0.027537,0.134857,0.020130,-0.000879,-0.021965,-0.100432,0.000877,0.025346,0.102351,0.102833,-0.000021,0.172994,0.016062,0.012273,0.065754,-0.138314
0.049782,-0.006475,0.071293,0.005957,-0.009038,-0.016923,-0.057070,-0.013253,0.011319,0.083584,0.077953,-0.032213,0.153928,-0.002619,0.066296,0.007674,-0.135198
0.050549,-0.021003,0.013645,0.000354,-0.017444,-0.007961,-0.043235,-0.049996,0.009084,0.076893,0.042987,-0.060924,0.115625,0.003784,0.041228,-0.010158,-0.125363
0.052395,-0.027757,-0.005457,-0.000040,-0.029455,-0.000753,-0.027769,-0.058119,0.005954,0.057862,0.022208,-0.077603,0.080499,0.044117,0.010322,-0.034589,-0.104479
0.044598,-0.032903,-0.027379,0.001517,-0.031653,0.000180,-0.024804,-0.060949,0.000061,0.041488,0.020834,-0.075748,0.040144,0.027793,0.001388,-0.057034,-0.082135
0.040660,-0.032586,-0.030881,0.018724,-0.027075,0.008528,-0.018092,-0.053594,-0.003873,0.031957,0.020614,-0.032814,0.022487,0.015983,-0.005401,-0.039217,-0.054320
0.030581,-0.025779,-0.025208,0.040524,-0.007569,0.018756,-0.006810,-0.032631,-0.005411,0.037703,0.024940,-0.005624,0.009532,0.005940,-0.021665,-0.017321,-0.039719
0.021026,-0.024016,-0.017162,0.064624,0.000091,0.006068,-0.001196,-0.008802,-0.004018,0.035572,0.030337,0.002700,0.000250,0.009003,-0.034829,-0.001526,-0.029755
0.010758,-0.002302,-0.007119,0.058242,0.001590,-0.004610,0.000030,-0.001231,-0.000666,0.030103,0.033333,0.019730,-0.000645,0.009179,-0.032590,0.002946,-0.023366
0.012512,0.006847,-0.002135,0.049102,0.003460,-0.037639,0.000421,0.002005,-0.000260,0.019457,0.029509,0.018393,-0.000574,0.009264,-0.024495,0.001485,-0.016282
0.014792,0.032827,-0.005086,0.034190,0.002226,-0.038149,0.000863,0.012753,-0.000393,0.018283,0.030238,0.011126,-0.000040,0.008890,-0.010695,-0.001482,-0.009273
0.006918,0.043664,-0.015537,0.021137,0.000065,-0.032342,-0.000257,0.008397,-0.000523,0.018442,0.027248,0.000113,0.001444,0.005056,-0.000495,-0.019890,-0.009789
0.000208,0.038439,-0.025914,0.016475,-0.000408,-0.022136,-0.000958,0.000854,-0.000526,0.014310,0.031789,-0.010065,0.004018,0.000455,0.006194,-0.018742,-0.008898
-0.005615,0.024783,-0.017031,0.022168,-0.003335,-0.021308,-0.002400,-0.004785,-0.005437,0.003495,0.029152,-0.040286,0.005355,-0.005986,0.029433,-0.017609,-0.003032
-0.009555,0.010718,-0.010191,0.027701,-0.007720,-0.013463,-0.000865,-0.014225,-0.014662,0.000000,0.032052,-0.042981,0.009119,-0.009388,0.040068,-0.018355,-0.000007
-0.013720,0.000737,-0.006519,0.027947,-0.001502,-0.017526,0.000438,-0.009920,-0.013288,-0.000175,0.027875,-0.038409,0.007426,-0.011843,0.047123,-0.016229,0.001245
-0.018589,-0.013169,-0.004540,0.027206,0.002075,-0.015867,0.004222,-0.002731,-0.006955,-0.000550,0.028314,-0.028133,0.000016,-0.009918,0.035974,-0.004166,0.002816
-0.023579,-0.028762,-0.001854,0.025989,0.006094,-0.027739,0.008511,-0.000094,-0.001430,-0.001212,0.024733,-0.017390,-0.002335,-0.008798,0.015197,0.001794,0.004044
-0.018646,-0.035255,0.000087,0.027937,0.009795,-0.037665,0.015111,0.002888,-0.002549,-0.001482,0.016783,-0.000656,-0.004468,-0.006126,0.000956,0.009976,0.005448
-0.011373,-0.036427,0.009261,0.025519,0.011778,-0.035230,0.018411,0.008920,-0.002900,-0.002475,0.013348,-0.000944,-0.008885,-0.004827,-0.006507,0.023052,0.009925
-0.004818,-0.033853,0.009679,0.007213,0.002203,-0.033333,0.022944,0.007941,-0.002829,-0.005714,0.007018,-0.000907,-0.003947,-0.004942,-0.028353,0.029463,0.005705
-0.001854,-0.030255,0.007651,-0.000008,-0.000743,-0.026665,0.017698,0.002330,-0.002215,-0.007831,0.004771,-0.000591,-0.000308,-0.004070,-0.024363,0.034708,0.002738
-0.001549,-0.015349,0.010149,-0.002046,-0.005633,-0.014887,0.010462,-0.003242,-0.003141,-0.013493,0.000029,-0.000066,0.000905,-0.006507,-0.008990,0.030760,0.000669
-0.000127,-0.000367,0.000295,-0.004299,-0.007560,-0.000195,0.005235,-0.010207,-0.003977,-0.016628,-0.000061,-0.000642,0.010842,-0.008277,-0.001486,0.002059,-0.000472
0.002040,0.008203,-0.003980,-0.008221,-0.005519,0.003255,0.002212,-0.012710,-0.003303,-0.017144,-0.002831,-0.000501,0.022198,-0.010333,-0.000001,-0.005879,-0.002134
0.008610,0.021279,-0.014895,-0.005946,-0.004277,0.011320,0.000094,-0.011733,-0.000733,-0.008698,-0.004669,-0.000596,0.003537,-0.010937,0.001902,-0.013619,-0.004585
0.008546,0.031458,-0.027094,-0.008714,-0.005192,0.009538,-0.002301,-0.008146,0.000940,-0.003486,-0.009910,-0.000989,-0.003936,-0.003459,0.001087,-0.011015,-0.006619
0.001480,0.025492,-0.027048,-0.000404,-0.004579,0.005637,-0.004472,-0.000367,0.001138,-0.002835,-0.016060,0.009423,-0.009025,0.000111,-0.000365,-0.004121,-0.008891
-0.000047,0.010222,-0.018192,-0.002362,-0.003737,-0.000001,-0.005993,0.004380,0.002055,-0.003291,-0.020025,0.001441,-0.012827,0.003008,-0.008630,-0.000060,-0.008161
-0.001026,-0.001010,-0.009691,-0.003740,-0.007009,-0.007328,-0.006949,0.008441,0.002066,-0.008413,-0.022966,0.002318,-0.013202,0.005983,-0.026134,0.003570,-0.009136
-0.007299,-0.017555,-0.002462,-0.005841,-0.013652,-0.019591,-0.013324,0.006502,-0.000283,-0.017471,-0.015633,0.002145,-0.011760,0.009000,-0.019458,0.013773,-0.007493
-0.015146,-0.039744,0.002732,-0.007385,-0.020153,-0.022048,-0.008133,0.000515,-0.004503,-0.014424,-0.009124,0.006899,-0.007698,0.009334,-0.009029,0.031223,-0.006165
-0.020688,-0.052748,0.010756,-0.007014,-0.017576,-0.014079,-0.004087,0.002247,-0.008023,-0.003342,-0.000027,0.010192,-0.004169,0.011886,-0.002308,0.014323,-0.005563
-0.017625,-0.052172,0.016127,-0.005542,-0.001880,-0.005201,-0.000904,0.002729,-0.009397,0.000011,0.007025,0.014062,-0.001016,0.010785,-0.000031,0.003867,-0.005384
-0.008857,-0.019511,0.014987,-0.009197,0.002631,-0.000300,0.000000,0.000138,-0.004933,0.005532,0.001699,0.012422,-0.003380,0.005839,0.001739,0.000141,-0.005128
-0.000534,-0.001456,0.007815,-0.025880,0.011931,0.000074,0.001378,-0.001500,-0.001807,0.018106,-0.000166,0.009621,-0.001801,0.000941,0.011779,-0.000251,-0.002805
0.000383,0.004223,0.005320,-0.027448,0.017853,0.000937,0.002160,-0.001537,-0.000156,0.020199,-0.003875,0.004388,0.000018,-0.000002,0.013759,-0.000292,-0.000205
0.003506,0.018451,0.002901,-0.047776,0.017786,0.000028,0.000859,-0.000231,0.001368,0.010007,-0.005986,0.000056,0.002903,-0.000743,0.013918,-0.001718,0.001463
0.005345,0.023595,0.000358,-0.050722,0.014532,-0.001462,-0.000690,0.000058,0.010215,0.005958,-0.005495,-0.000152,0.011368,-0.001953,0.012591,-0.006771,0.001699
0.001583,0.039088,-0.001136,-0.038272,0.012937,-0.004034,-0.010225,-0.000792,0.014477,-0.000815,-0.002904,-0.000001,0.018715,-0.003620,0.001032,-0.013446,0.002475
-0.000003,0.043030,-0.008741,-0.029368,0.007308,-0.002867,-0.004792,-0.004991,0.012070,-0.009388,-0.001127,0.003213,0.020079,-0.004920,-0.001527,-0.015659,0.001561
-0.000610,0.033949,-0.003265,-0.010367,0.001834,-0.001418,-0.000984,-0.002544,0.008131,-0.013814,0.000494,0.004357,0.004183,-0.001191,-0.008161,-0.003719,0.000247
0.001750,0.030367,0.002861,0.007352,0.000944,-0.003668,0.000028,0.001829,0.008894,-0.018628,0.007425,0.000604,-0.003699,0.000341,-0.001332,0.000071,-0.000231
0.005515,0.039991,0.012454,0.029822,0.000073,-0.006274,-0.000002,0.007209,0.011726,-0.025017,0.001837,-0.000395,-0.023224,0.004700,-0.000029,0.004420,-0.000000
0.011976,0.039146,0.017249,0.039199,-0.000226,-0.012015,-0.000095,0.011287,0.012056,-0.031490,-0.000899,-0.001438,-0.041842,0.004966,0.000015,0.015219,0.000209
0.017958,0.021917,0.019611,0.044391,-0.003394,-0.015407,-0.000371,0.014329,0.009099,-0.031612,-0.010724,-0.002292,-0.041856,0.003939,0.000322,0.026345,-0.000431
0.018274,0.001619,0.018161,0.043419,-0.007385,-0.011967,-0.005604,0.020962,0.005953,-0.036735,-0.014956,-0.000641,-0.041468,0.005807,0.001662,0.026836,-0.000439
0.023688,-0.007931,0.014111,0.030555,-0.010453,-0.002152,-0.010050,0.026072,0.007308,-0.011959,-0.018105,-0.001186,-0.031747,0.009246,0.004943,0.014764,-0.001694
0.024844,-0.022731,0.009023,0.007933,-0.001392,0.000293,-0.000887,0.025320,0.007235,-0.000001,-0.025864,0.000003,-0.021073,0.009889,0.001996,0.003378,-0.001589
0.027506,-0.026548,0.010500,-0.005964,0.000136,0.000995,0.005909,0.020474,0.000493,0.011468,-0.031316,0.010429,-0.010841,0.000157,-0.001339,-0.002228,-0.001898
0.025600,-0.022937,0.009899,-0.037665,-0.000264,0.001702,0.020432,0.011650,-0.005970,0.028909,-0.013705,0.033135,-0.005018,-0.001754,-0.022588,-0.011041,-0.003121
0.028552,-0.009478,0.001889,-0.060874,-0.001069,0.005746,0.026943,0.003400,-0.011921,0.038121,-0.002975,0.042025,-0.010613,-0.007514,-0.023714,-0.025242,-0.007778
0.027713,-0.000276,0.000019,-0.087619,-0.002226,0.024440,0.025498,0.000384,-0.016181,0.034430,0.000047,0.043332,-0.017189,-0.013632,-0.015892,-0.037419,-0.006254
0.022733,0.013151,-0.000745,-0.097449,-0.007661,0.036417,0.021209,-0.000317,-0.018925,0.023315,0.003114,0.029656,-0.028658,-0.018719,-0.006335,-0.044769,-0.002392
0.014797,0.029439,-0.008148,-0.091215,-0.016599,0.044219,0.018866,-0.000820,-0.020104,0.016777,0.008447,0.022540,-0.024144,-0.022332,-0.001092,-0.045067,-0.000046
0.000075,0.033337,-0.020816,-0.072337,-0.022058,0.016855,0.014068,-0.000001,-0.018938,0.006445,0.023007,0.010900,-0.019388,-0.021863,0.000618,-0.025826,0.004583
-0.004374,0.010234,-0.032623,-0.063563,-0.020200,0.004105,0.013458,0.003345,-0.011943,0.004548,0.033188,0.000439,-0.001296,-0.021007,0.004733,-0.004259,0.014516
-0.016611,0.000183,-0.020987,-0.054500,-0.009117,0.000780,0.017667,0.017606,-0.004373,0.006229,0.024717,-0.008823,0.004534,-0.018226,0.013281,0.000013,0.025690
-0.003837,-0.000720,-0.000714,-0.051759,-0.000496,-0.000042,0.029510,0.033102,-0.000676,0.014059,0.004426,-0.022202,0.019560,-0.026211,0.010985,0.000255,0.034338
0.000062,-0.000576,0.008586,-0.040820,-0.002262,-0.008198,0.035410,0.042721,-0.001569,0.022007,0.000257,-0.011686,0.037709,-0.030756,0.003033,-0.000370,0.036106
0.003150,-0.000854,0.010511,-0.037419,-0.005712,-0.022134,0.027083,0.039057,-0.006047,0.022076,-0.000260,-0.003095,0.028208,-0.029819,-0.000408,-0.004363,0.028546
0.008950,-0.009264,0.007348,-0.043949,-0.009986,-0.013737,0.014833,0.034808,-0.013714,0.019067,-0.004580,-0.004472,0.013095,-0.024862,-0.007772,-0.005377,0.017805
0.018483,-0.009462,0.007099,-0.035512,-0.020179,-0.003610,0.003822,0.025352,-0.020684,0.011881,-0.014359,-0.009774,0.001728,-0.020201,-0.010660,-0.003156,0.006756
0.027570,-0.006522,0.001600,-0.008172,-0.029045,0.005820,-0.000049,0.020439,-0.024081,0.008591,-0.024206,-0.000126,-0.003416,-0.017220,-0.011999,-0.005278,0.000081
0.018212,-0.000067,-0.000247,0.009944,-0.033090,0.007577,-0.005106,0.012186,-0.024476,0.004016,-0.023970,0.001559,-0.020099,-0.015598,-0.000841,-0.000138,-0.002529
0.006972,-0.000099,-0.006759,0.030084,-0.030432,0.006443,-0.001349,0.006452,-0.023045,0.000001,-0.017723,0.004957,-0.031080,-0.014712,0.001925,0.006698,-0.005130
-0.000055,-0.000535,-0.007255,0.036141,-0.022304,0.009417,0.000343,0.009614,-0.020671,-0.008943,-0.017673,0.008381,-0.031428,-0.007979,0.014529,0.014671,-0.005956
-0.000400,-0.000033,-0.001359,0.031129,-0.010392,0.019804,0.004790,0.015244,-0.016587,-0.016410,-0.021983,0.018682,-0.027680,-0.004542,0.025959,0.003927,-0.005584
-0.003585,0.002129,0.000015,0.022791,-0.002036,0.031994,0.005923,0.018710,-0.014317,-0.020273,-0.007379,0.036596,-0.026067,-0.001907,0.031231,-0.000131,-0.003654
-0.016423,-0.000070,-0.000488,0.001750,-0.000001,0.020597,0.006658,0.015644,-0.012696,-0.037394,-0.000230,0.051894,-0.039896,-0.011039,0.040028,-0.009578,0.001948
-0.030317,-0.007675,-0.006626,-0.004965,0.000762,0.010918,0.005549,0.013279,-0.016950,-0.060079,0.000994,0.032860,-0.052472,-0.018863,0.033128,-0.018342,0.009523
-0.017728,-0.004762,-0.012849,-0.023667,0.000519,0.001654,-0.001872,0.010015,-0.019460,-0.077112,-0.000067,0.011045,-0.057491,-0.023425,0.023290,-0.010783,0.014001
-0.006929,-0.003951,-0.016674,-0.032027,0.000538,-0.000085,-0.011423,0.013511,-0.018170,-0.081446,0.003942,0.005458,-0.044666,-0.025373,0.010973,-0.000187,0.003862
-0.000094,0.000252,-0.009719,-0.018038,-0.001917,-0.003521,-0.017975,0.015170,-0.017571,-0.075439,0.010677,0.001543,-0.024272,-0.023393,0.012057,0.007251,0.000028
0.002697,0.007364,-0.004142,0.001775,-0.007422,-0.019649,-0.015131,0.017937,-0.015715,-0.041705,0.018133,-0.000032,-0.009282,-0.014603,0.011372,0.020134,-0.004628
0.011346,0.023898,-0.004176,0.016689,-0.012710,-0.036613,-0.009172,0.017727,-0.018063,-0.017234,0.012080,-0.000161,-0.002151,-0.000654,0.013738,0.018576,-0.017531
0.032334,0.043904,-0.002587,0.024966,-0.014189,-0.050864,-0.003780,0.019240,-0.019993,-0.000515,0.007711,-0.000050,0.000751,0.007674,0.014743,0.016330,-0.034204
0.055998,0.068360,0.002883,0.033573,-0.012570,-0.040645,-0.003355,0.016420,-0.030062,0.018815,0.012210,0.002763,0.009088,0.052337,-0.000044,0.025870,-0.052205
0.052068,0.058631,0.011755,0.044663,-0.012610,-0.044683,-0.010097,0.011859,-0.040798,0.040523,0.017177,0.021429,0.004536,0.070417,-0.003476,0.035852,-0.049744
0.022788,0.037401,0.019391,0.056161,-0.011985,-0.041070,-0.015849,0.005862,-0.051101,0.050274,0.019653,0.033485,0.002569,0.081895,-0.017099,0.041552,-0.039046
0.008749,0.025979,0.023736,0.068216,-0.014409,-0.041672,-0.035102,0.001573,-0.057382,0.051197,0.021898,0.050020,0.003560,0.086749,-0.034940,0.041938,-0.027453
-0.000283,0.021650,0.015612,0.068260,-0.016960,-0.027401,-0.055034,0.000624,-0.060096,0.053263,0.041129,0.062295,0.015331,0.084468,-0.055315,0.055848,-0.019457
-0.010141,0.021790,0.021123,0.049091,-0.023525,-0.010099,-0.069148,-0.001307,-0.058780,0.047383,0.054883,0.072085,0.027512,0.072940,-0.056477,0.064298,-0.010680
-0.028846,0.013721,0.020480,0.046976,-0.027005,-0.006120,-0.065811,-0.002243,-0.053478,0.058921,0.060652,0.072025,0.039558,0.062222,-0.055224,0.060794,-0.003157
-0.050094,0.000095,0.016977,0.039097,-0.031138,-0.000505,-0.043617,0.000882,-0.053489,0.063657,0.057342,0.073205,0.040277,0.049892,-0.045596,0.045405,0.000023
-0.062489,-0.006823,0.010724,0.002643,-0.030686,0.002204,-0.014474,0.004887,-0.046865,0.061975,0.054536,0.063770,0.036560,0.034886,-0.044601,0.027622,0.015110
-0.063184,-0.014506,0.019152,-0.039185,-0.008727,0.030377,-0.000584,0.000617,-0.046100,0.052425,0.037367,0.055804,0.036783,0.021159,-0.057105,0.024391,0.068485
-0.056792,-0.020143,0.038964,-0.085249,0.000427,0.054304,0.000455,-0.000115,-0.046513,0.058803,0.017753,0.048860,0.034611,-0.001435,-0.074303,0.021472,0.199801
-0.055030,-0.028610,0.053004,-0.094472,0.010754,0.054082,0.003429,-0.000849,-0.044021,0.077077,0.000578,0.007439,0.037232,-0.023346,-0.085912,0.016919,0.356922
-0.045541,-0.033564,0.063303,-0.083596,0.017625,0.034896,0.003899,-0.000111,-0.040235,0.084733,-0.009663,-0.000189,0.044079,-0.055427,-0.099400,0.025677,0.470955
-0.032279,-0.022865,0.064781,-0.061740,0.017654,0.022669,0.006184,0.000309,-0.047734,0.088039,-0.019811,-0.012246,0.052529,-0.087708,-0.103967,0.049234,0.502217
-0.021074,-0.003308,0.066090,-0.043897,0.015533,0.014979,0.007007,0.000549,-0.053921,0.084632,-0.029363,-0.021490,0.053433,-0.100583,-0.103431,0.070362,0.464186
-0.010587,0.004819,0.058867,-0.027468,0.011598,0.020871,0.005439,0.000372,-0.061266,0.081441,-0.046416,-0.033255,0.052288,-0.080036,-0.094049,0.077353,0.314102
-0.002131,0.021783,0.051860,-0.010469,0.000768,0.027388,0.009520,-0.000392,-0.075855,0.049647,-0.059383,-0.046641,0.036927,-0.032832,-0.070416,0.071515,0.099489
0.001883,0.036826,0.050774,-0.007873,-0.015946,0.026812,0.021134,-0.001143,-0.081004,0.017892,-0.059882,-0.053250,0.021043,-0.001686,-0.050127,0.036284,-0.007820
0.003759,0.024377,0.044534,-0.038016,-0.029263,0.056223,0.025153,-0.012248,-0.075781,-0.001294,-0.055390,-0.019200,0.000732,0.019059,-0.043648,0.024903,-0.214241
0.002425,0.011015,0.031282,-0.072029,-0.040359,0.083344,0.019118,-0.023227,-0.073829,-0.021680,-0.039067,0.003146,-0.001045,0.043371,-0.045394,0.001768,-0.314114
0.000681,0.000602,0.013725,-0.082506,-0.049371,0.081383,0.010810,-0.031090,-0.066665,-0.028643,-0.015203,0.019747,-0.000908,0.056672,-0.056948,-0.006472,-0.327361
-0.003116,-0.002689,0.001561,-0.071037,-0.058871,0.042334,0.002435,-0.026666,-0.055182,-0.032797,0.000001,0.039002,-0.000410,0.064151,-0.076335,-0.016052,-0.307431
-0.005868,-0.016146,-0.002355,-0.045658,-0.066158,0.007974,-0.006668,-0.016969,-0.048795,-0.032256,0.005584,0.049551,0.000011,0.063286,-0.089346,-0.006816,-0.272812
-0.011331,-0.036553,-0.012947,-0.008488,-0.063913,-0.004359,-0.029051,-0.004747,-0.040312,-0.031106,0.001504,0.067984,-0.000006,0.067835,-0.097884,0.000345,-0.205110
-0.040221,-0.063269,-0.023323,0.003593,-0.049763,-0.003426,-0.065751,0.001725,-0.009487,-0.025005,-0.016089,0.072530,-0.005240,0.076279,-0.059268,0.045632,-0.143503
-0.075124,-0.061852,-0.029784,0.036406,-0.033530,0.000080,-0.097688,0.006518,-0.000133,-0.025884,-0.051209,0.055221,-0.017970,0.091038,-0.015313,0.110175,-0.085454
-0.097818,-0.050214,-0.010203,0.074804,-0.024624,0.002980,-0.116946,0.012839,0.004034,-0.017094,-0.086928,0.026886,-0.032697,0.083326,0.000714,0.157672,-0.045807
-0.091484,-0.038431,-0.000002,0.091185,-0.015076,0.012767,-0.120600,0.002781,0.019247,-0.013300,-0.113580,0.003798,-0.062958,0.062902,0.012995,0.204459,-0.018476
-0.073605,-0.021795,0.000186,0.103508,-0.015350,0.027800,-0.109194,-0.000418,0.021318,-0.008506,-0.117205,-0.000144,-0.077911,0.037761,0.035333,0.201064,-0.007576
-0.049459,-0.001158,0.001405,0.094241,-0.016450,0.045655,-0.082586,-0.008653,0.017417,-0.005795,-0.099112,-0.000080,-0.079452,0.016297,0.032447,0.182472,-0.000644
-0.025388,0.005498,0.005185,0.090398,-0.018030,0.025474,-0.047577,-0.016320,0.009277,-0.002676,-0.043515,-0.000256,-0.069492,0.004710,0.023440,0.136719,-0.000017
-0.003880,0.021479,0.002988,0.076804,-0.024297,0.005632,-0.020471,-0.024100,0.001934,-0.000339,-0.003930,-0.000958,-0.035349,0.000157,0.001771,0.079391,-0.001471
0.010595,0.021834,-0.001437,0.071154,-0.027466,-0.000241,-0.009291,-0.032913,-0.004005,-0.001449,0.021338,0.000073,-0.007645,0.000182,-0.017988,0.031802,-0.008699
0.003099,0.013207,-0.006317,0.056847,-0.019939,-0.007829,-0.010516,-0.047113,-0.002762,-0.006463,0.021587,0.015805,-0.009433,0.008752,-0.045114,-0.000004,-0.020257
-0.000217,0.003975,-0.012253,0.038946,-0.010631,-0.005751,-0.011962,-0.054399,-0.001032,-0.012615,0.017245,0.039366,-0.008754,0.025900,-0.059669,-0.020788,-0.016525
-0.011031,-0.000059,-0.008183,0.026168,-0.003628,-0.002702,-0.015734,-0.053344,-0.000221,-0.011025,0.009953,0.052946,-0.009616,0.026175,-0.064511,-0.034017,-0.010513
-0.007843,-0.003731,-0.003131,0.015021,0.000027,-0.001327,-0.018709,-0.049524,0.000115,-0.007951,0.002017,0.051323,-0.009212,0.021328,-0.069915,-0.042523,-0.004796
-0.003915,-0.011950,-0.002697,0.010026,0.001349,-0.000152,-0.017823,-0.041946,-0.000065,-0.006198,-0.000218,0.041819,-0.014305,0.014979,-0.065344,-0.046336,-0.003163
-0.001421,-0.004960,-0.001867,0.000868,0.003942,0.000525,-0.013978,-0.032979,-0.000490,-0.004768,-0.009139,0.035443,-0.018531,0.009931,-0.051507,-0.043657,-0.001290
-0.000103,0.000019,-0.000865,-0.000000,0.003418,-0.000075,-0.008289,-0.019703,-0.001419,-0.002737,-0.009267,0.024022,-0.021090,0.006089,-0.028496,-0.030429,-0.000442
0.000421,0.001000,0.001509,-0.002048,0.001476,-0.002860,-0.002235,-0.006527,-0.000867,-0.001727,-0.007211,0.010376,-0.009110,0.002541,-0.011805,-0.013144,0.000143
