AU01,AU02,AU04,AU05,AU06,AU07,AU09,AU10,AU12,AU14,AU15,AU17,AU20,AU23,AU25,AU26,AU45
0.000563,-0.003336,-0.001112,-0.000668,0.001312,0.003071,0.000985,0.006535,0.002692,0.003973,-0.000480,-0.000182,0.000129,0.006189,0.005549,-0.000687,0.003152
0.001732,-0.006642,-0.001441,-0.001362,0.001533,0.003873,0.000972,0.010457,0.004398,0.005882,-0.000002,-0.000546,-0.000593,0.007066,0.008471,-0.002465,0.003352
0.001775,-0.011143,-0.001479,-0.002491,0.001510,0.003700,0.000268,0.013470,0.006707,0.007706,-0.000023,-0.001164,-0.002748,0.005127,0.012391,-0.004842,0.002399
0.000853,-0.015147,-0.001637,-0.004273,0.002056,0.002584,0.000002,0.014906,0.009219,0.008778,-0.000290,-0.002288,-0.005864,0.000633,0.016964,-0.006692,0.000813
0.000211,-0.017860,-0.002072,-0.006534,0.003139,0.000111,-0.000113,0.014255,0.011282,0.009354,-0.000178,-0.003862,-0.009312,-0.001340,0.020957,-0.005422,-0.000026
0.000655,-0.018776,-0.002683,-0.008893,0.004658,-0.001236,-0.000263,0.011248,0.012327,0.008174,0.000187,-0.005419,-0.011983,-0.008238,0.022488,-0.001294,-0.001948
0.000840,-0.017134,-0.003340,-0.011391,0.006084,-0.005177,-0.000182,0.006156,0.012247,0.002686,0.001852,-0.006081,-0.013879,-0.015540,0.022775,0.000479,-0.004384
0.001129,-0.014705,-0.003792,-0.012143,0.007097,-0.007378,-0.000003,0.000910,0.010516,0.000001,0.003730,-0.005307,-0.013095,-0.021263,0.021117,0.005749,-0.003647
0.001498,-0.011213,-0.003796,-0.007478,0.008184,-0.004948,0.000887,-0.000587,0.007460,-0.001949,0.005228,-0.004707,-0.007733,-0.023708,0.015384,0.011723,-0.000837
0.002104,-0.005168,-0.002419,-0.000288,0.008600,-0.000630,0.003348,-0.003984,0.002644,-0.005402,0.007095,-0.003334,-0.000160,-0.022109,0.006681,0.014902,0.000229
0.002409,-0.000427,-0.000466,0.002695,0.007626,0.000970,0.005779,-0.006182,-0.000073,-0.008918,0.009153,-0.000744,0.002844,-0.016858,-0.000011,0.014266,0.002348
0.000391,0.001034,0.000152,0.011059,0.004746,0.005980,0.006775,-0.008294,-0.003155,-0.010020,0.007191,0.000715,0.008854,-0.009247,-0.006253,0.010880,0.004067
-0.001084,0.004255,0.002143,0.018848,0.000891,0.012556,0.005363,-0.009744,-0.006912,-0.010542,0.002143,0.003936,0.012996,-0.002210,-0.015590,0.006080,0.003885
-0.006854,0.006706,0.004032,0.023063,-0.000598,0.014352,0.001696,-0.010675,-0.009447,-0.008490,-0.000125,0.005704,0.013572,0.000448,-0.023118,0.003029,0.001553
-0.010856,0.004995,0.004554,0.022311,-0.003611,0.011091,-0.000031,-0.011065,-0.010515,-0.005171,-0.003610,0.005827,0.011387,0.006206,-0.029281,0.000965,-0.000066
-0.012868,0.001233,0.004627,0.014863,-0.007538,0.004414,-0.002904,-0.011247,-0.009667,-0.003962,-0.007173,0.005663,0.006046,0.012307,-0.030987,-0.000046,-0.003889
-0.011187,-0.000049,0.004524,0.004699,-0.012256,-0.000001,-0.008310,-0.011046,-0.008023,-0.003480,-0.009313,0.005094,0.000868,0.015648,-0.027695,-0.000904,-0.008186
-0.005645,-0.002557,0.004421,-0.000014,-0.015107,-0.004811,-0.012090,-0.008643,-0.006393,-0.003544,-0.009230,0.003178,-0.001231,0.015794,-0.021625,-0.002859,-0.009670
-0.000490,-0.004201,0.004811,-0.003865,-0.015516,-0.011951,-0.012670,-0.005547,-0.005613,-0.003242,-0.006471,0.001222,-0.001923,0.013812,-0.013519,-0.006005,-0.007951
0.001964,-0.002862,0.005896,-0.009215,-0.013655,-0.016445,-0.010559,-0.002637,-0.005769,-0.002560,-0.002414,0.000969,-0.000310,0.010780,-0.004554,-0.009003,-0.004474
0.008760,-0.000012,0.006204,-0.011006,-0.010117,-0.017129,-0.006419,-0.001267,-0.005904,-0.000869,-0.000070,0.002063,0.000357,0.007472,0.000130,-0.010417,-0.001351
0.013652,0.002150,0.005894,-0.010089,-0.006089,-0.011591,-0.002601,-0.000442,-0.006093,-0.000189,0.001171,0.004778,0.003006,0.003775,0.005456,-0.010460,0.000011
0.013634,0.007810,0.004437,-0.007054,-0.002988,-0.004275,-0.000391,-0.000233,-0.005984,0.000106,0.003724,0.006727,0.006333,0.000811,0.011269,-0.007364,0.002080
0.009779,0.009787,0.002454,-0.002232,-0.000871,0.000002,0.000383,-0.000337,-0.005602,0.002132,0.005172,0.007400,0.008871,-0.000130,0.012820,-0.003892,0.004401
0.005467,0.008212,0.001857,0.000042,0.000132,0.004421,0.002397,-0.000668,-0.004387,0.003986,0.005896,0.007932,0.007638,-0.001418,0.011446,-0.001348,0.004148
0.002256,0.007252,0.001967,0.002347,0.001359,0.012623,0.003835,-0.000270,-0.002499,0.004728,0.005052,0.007160,0.003650,-0.001944,0.008281,-0.000239,0.002306
0.001786,0.006991,0.001869,0.005223,0.002041,0.017498,0.004774,0.000596,-0.000636,0.004497,0.003916,0.003664,0.000153,-0.002714,0.003527,-0.000125,0.000183
0.002624,0.006862,0.001675,0.007456,0.001606,0.015624,0.005581,0.003207,0.000088,0.004106,0.002445,0.000024,-0.001418,-0.003777,0.000000,-0.000032,-0.000600
0.005332,0.005640,0.001480,0.008020,0.000307,0.007804,0.005526,0.006555,0.001241,0.003843,0.000786,-0.001979,-0.004622,-0.004421,-0.002897,-0.000282,-0.002180
0.008780,0.004908,0.000043,0.007816,-0.000053,0.000369,0.004851,0.008467,0.002477,0.002185,-0.000055,-0.004983,-0.006730,-0.004405,-0.005221,-0.001340,-0.003772
0.010445,0.005039,-0.001242,0.007698,-0.000577,-0.001049,0.004843,0.008652,0.003281,0.000183,-0.001664,-0.005833,-0.007282,-0.005795,-0.003142,-0.002900,-0.005087
0.009654,0.005543,-0.005440,0.007290,-0.001653,-0.004339,0.005078,0.007733,0.003968,-0.000771,-0.002470,-0.006489,-0.006750,-0.008080,-0.000117,-0.003016,-0.005011
0.004238,0.003354,-0.011001,0.007801,-0.003493,-0.003233,0.004580,0.005406,0.004320,-0.003161,-0.002035,-0.006406,-0.004977,-0.010306,0.001795,-0.002333,-0.003424
0.000227,0.001637,-0.012851,0.008604,-0.003847,-0.000610,0.004336,0.002199,0.003977,-0.005943,-0.000763,-0.005086,-0.003368,-0.011583,0.007397,-0.001745,-0.001768
-0.002702,0.001145,-0.008063,0.009684,-0.002390,0.001851,0.004410,-0.000000,0.003040,-0.007536,-0.000337,-0.003960,-0.001408,-0.011565,0.013667,-0.001437,-0.000312
-0.007272,0.002505,-0.001356,0.009778,-0.000147,0.010767,0.004587,-0.001582,0.001603,-0.007155,0.000011,-0.003522,-0.000065,-0.010356,0.017148,-0.000033,0.000244
-0.008519,0.005673,0.001084,0.006120,0.000635,0.017532,0.004708,-0.002646,0.000185,-0.004419,0.000618,-0.003945,0.000470,-0.007390,0.014972,0.002560,0.001360
-0.006167,0.005391,0.008854,0.000413,0.001799,0.015672,0.002263,-0.002502,-0.000280,-0.000461,0.001183,-0.004054,0.000588,-0.002102,0.008529,0.007164,0.002785
-0.002846,0.001487,0.016062,-0.002254,0.002058,0.005724,-0.000196,-0.001657,-0.001232,0.001188,0.001087,-0.003092,0.000201,0.001103,0.000667,0.010258,0.004160
-0.001665,-0.000014,0.017707,-0.008255,0.001742,0.000086,-0.003547,-0.001645,-0.001430,0.005222,0.000868,-0.000015,-0.000247,0.007060,-0.001349,0.010965,0.004424
-0.001000,-0.000897,0.013051,-0.014024,0.001591,-0.004399,-0.006164,-0.001100,-0.000645,0.007134,0.000954,0.000913,-0.001800,0.011633,-0.006457,0.010741,0.004081
-0.001795,-0.004534,0.004139,-0.015834,0.000986,-0.012520,-0.008368,-0.000689,-0.000005,0.006211,0.001512,0.002941,-0.002882,0.014133,-0.009808,0.009210,0.003204
-0.002617,-0.007505,-0.000251,-0.013502,0.000783,-0.019216,-0.009033,-0.000342,0.000432,0.003084,0.002612,0.005310,-0.002405,0.014673,-0.010676,0.005370,0.001940
-0.004841,-0.008940,-0.006596,-0.007850,0.001112,-0.016545,-0.008469,-0.000200,0.001198,0.000384,0.002732,0.006538,-0.000259,0.013437,-0.010095,0.000511,0.000870
-0.004263,-0.007157,-0.012860,-0.002456,0.002696,-0.007124,-0.006723,-0.000000,0.001265,-0.000607,0.003008,0.006085,0.001093,0.010684,-0.009130,-0.001229,0.000316
-0.001665,-0.003731,-0.013804,-0.000018,0.004480,-0.000887,-0.003968,0.000375,0.000599,-0.003561,0.002775,0.004893,0.006196,0.007079,-0.008716,-0.003871,0.000007
0.000396,-0.000756,-0.009421,0.000323,0.005222,0.000359,-0.001327,0.001541,0.000169,-0.004418,0.001808,0.003026,0.010087,0.003531,-0.008363,-0.006137,-0.000085
0.006291,0.000153,-0.003581,0.000056,0.004878,0.000998,-0.000065,0.003235,0.000047,-0.001989,0.000350,0.000021,0.012087,0.001387,-0.008438,-0.008056,-0.000072
0.011988,0.000476,-0.000342,-0.000092,0.004324,0.001666,0.000105,0.003462,0.000164,0.000006,-0.000366,-0.000868,0.010978,0.000071,-0.005407,-0.009537,-0.000084
0.014833,0.000873,0.000427,-0.000744,0.003265,0.000552,0.000678,0.002550,0.000807,0.001864,-0.002285,-0.003369,0.007549,-0.000680,-0.001065,-0.009329,-0.000112
0.013292,0.000507,0.001115,-0.001072,0.001576,-0.000252,0.000615,0.000953,0.001956,0.004801,-0.003127,-0.006254,0.003363,-0.002300,0.000603,-0.006399,-0.000284
0.008711,0.000571,0.000296,-0.001146,0.000033,-0.006402,-0.000001,0.000000,0.003075,0.006380,-0.002097,-0.008669,0.000262,-0.003186,0.004493,-0.001825,-0.000143
0.002826,0.000384,-0.000063,-0.000069,-0.000812,-0.010415,-0.000853,-0.000664,0.003353,0.006792,-0.000621,-0.009767,-0.001240,-0.002810,0.008075,0.000016,0.000009
-0.000029,0.000576,-0.001085,0.000543,-0.001510,-0.006584,-0.002778,-0.001018,0.002589,0.005895,0.000059,-0.008412,-0.004408,-0.001802,0.008559,0.003070,0.000669
-0.005019,0.001140,-0.002229,0.002745,-0.001710,-0.002829,-0.004719,-0.000302,0.000910,0.003916,0.001419,-0.003023,-0.005589,-0.000753,0.005480,0.007336,0.001801
-0.009485,0.003105,-0.000727,0.001609,-0.001813,-0.000346,-0.005873,0.000082,0.000038,0.001625,0.003190,0.000229,-0.006790,-0.000272,0.001366,0.010148,0.002545
-0.008595,0.007054,0.000602,0.000004,-0.001689,0.000085,-0.006090,0.001365,-0.000142,0.000007,0.003082,0.003972,-0.006778,0.000001,-0.000255,0.008901,0.002866
-0.006184,0.009778,0.003553,-0.001041,-0.000233,0.003833,-0.005235,0.003267,-0.000539,-0.000767,0.000858,0.008838,-0.006018,0.000524,-0.003027,0.002546,0.002736
-0.004237,0.010394,0.005623,-0.001499,0.000279,0.009844,-0.002574,0.004871,-0.000267,-0.001824,-0.000294,0.010928,-0.005012,0.001271,-0.004359,-0.000397,0.002400
-0.003962,0.008768,0.004611,-0.000382,0.001763,0.014961,-0.000021,0.005936,-0.000020,-0.001896,-0.002886,0.008917,-0.003422,0.001370,-0.002243,-0.005258,0.001916
-0.004967,0.003958,0.002385,-0.000024,0.002656,0.014574,0.001643,0.005865,-0.000004,-0.001463,-0.005542,0.003395,-0.001271,0.000573,-0.000245,-0.010156,0.001512
-0.006470,0.000069,0.000455,0.000537,0.002893,0.009174,0.005318,0.005033,-0.000257,-0.000343,-0.006779,0.000007,0.000030,0.000030,0.000668,-0.011348,0.001019
-0.008905,-0.002331,-0.000279,0.002555,0.003179,0.003317,0.009319,0.003303,-0.000902,0.000492,-0.006192,-0.003006,0.001714,-0.000583,0.002880,-0.008717,0.001178
-0.010796,-0.008577,-0.003247,0.005521,0.002943,0.000000,0.012646,0.001228,-0.002373,0.002833,-0.004307,-0.007158,0.003455,-0.002161,0.003212,-0.004363,0.001595
-0.010061,-0.013411,-0.005614,0.005063,0.002040,-0.003429,0.013259,-0.000013,-0.003806,0.005131,-0.002193,-0.006686,0.004161,-0.004683,0.001521,-0.000369,0.001650
-0.005108,-0.012531,-0.004334,0.000793,0.000736,-0.011111,0.011564,-0.001450,-0.004075,0.006019,-0.001143,-0.003897,0.004919,-0.007230,-0.000013,0.002222,0.001624
-0.000369,-0.007893,-0.000424,-0.001500,0.000002,-0.015362,0.007537,-0.003887,-0.003663,0.003811,-0.000753,-0.000536,0.005201,-0.008271,-0.001646,0.005700,0.001105
0.002901,-0.001860,0.001623,-0.006748,-0.000584,-0.015427,0.002827,-0.005095,-0.002333,0.000563,-0.000778,0.001026,0.004693,-0.007041,-0.004237,0.004756,0.000406
0.009702,0.000458,0.006038,-0.009959,-0.000900,-0.009647,0.000005,-0.004296,-0.000883,-0.000426,-0.000040,0.004594,0.003786,-0.004363,-0.005270,0.001007,-0.000006
0.014086,0.003466,0.009862,-0.010743,-0.001061,-0.001895,-0.002690,-0.002209,-0.000141,-0.003739,0.000291,0.004491,0.003234,-0.001332,-0.005402,-0.000672,-0.000835
0.015286,0.005643,0.011170,-0.007694,-0.001552,0.000131,-0.006086,-0.000273,-0.000098,-0.008479,0.001140,0.003562,0.002764,0.000202,-0.004218,-0.003831,-0.003011
0.012597,0.006348,0.008251,-0.002503,-0.001767,0.002718,-0.006960,0.000040,-0.000364,-0.010589,0.001831,0.002632,0.002416,0.003194,-0.002654,-0.007439,-0.004335
0.008984,0.005336,0.002649,0.000213,-0.002087,0.004880,-0.005920,0.000407,-0.001239,-0.009496,0.002371,0.001620,0.001938,0.006945,-0.000593,-0.010359,-0.004596
0.005432,0.002969,-0.000174,0.005680,-0.002741,0.005356,-0.005389,0.000045,-0.002726,-0.007102,0.002481,0.000929,0.000596,0.008856,0.000351,-0.010128,-0.004142
0.002500,0.000974,-0.006174,0.012024,-0.003915,0.003350,-0.004649,-0.000204,-0.004058,-0.003716,0.001033,0.000468,-0.000105,0.009769,0.001615,-0.006814,-0.003114
0.000014,0.000032,-0.012956,0.014141,-0.005637,0.000095,-0.003946,-0.001656,-0.005149,-0.001779,-0.000007,0.000474,-0.001458,0.010130,0.003408,-0.001478,-0.002020
-0.001351,-0.000056,-0.016418,0.013980,-0.007121,-0.002470,-0.003609,-0.003866,-0.005206,-0.001076,-0.001697,0.000796,-0.003713,0.010221,0.004479,0.001416,-0.000962
-0.002187,0.000127,-0.016127,0.013872,-0.007349,-0.006564,-0.004036,-0.005377,-0.004020,-0.000375,-0.002314,0.000031,-0.006850,0.009247,0.005485,0.007381,-0.000209
-0.001936,-0.000125,-0.012214,0.012789,-0.006955,-0.007496,-0.004928,-0.005273,-0.001624,-0.000000,-0.000804,-0.001853,-0.009204,0.006939,0.005362,0.012110,-0.000001
-0.001021,-0.000611,-0.006116,0.011082,-0.006173,-0.007434,-0.004988,-0.003519,-0.000002,0.000176,-0.000025,-0.005044,-0.010069,0.003652,0.003983,0.015056,-0.000273
-0.000669,-0.000088,-0.000887,0.007678,-0.004666,-0.006040,-0.003431,-0.000982,0.001437,0.001348,0.000019,-0.007653,-0.008513,0.000340,0.000824,0.013569,-0.000979
-0.000041,0.000187,0.001069,0.003490,-0.002338,-0.003414,-0.000901,0.000072,0.004218,0.004243,0.000104,-0.008589,-0.004085,-0.000962,-0.000264,0.006610,-0.002007
0.000601,0.000593,0.005257,0.000176,-0.000199,-0.000014,0.000067,0.001295,0.006117,0.006587,0.000307,-0.007574,-0.000272,-0.005270,-0.002376,0.000756,-0.003088
0.001909,0.000437,0.007296,-0.000920,0.000674,0.003363,0.001834,0.001772,0.006653,0.008433,0.000056,-0.005076,0.001208,-0.008516,-0.005045,-0.002253,-0.003933
0.000037,-0.000161,0.008490,-0.006776,0.002327,0.007746,0.004890,0.000433,0.005486,0.007822,-0.000354,-0.002590,0.005915,-0.009624,-0.007241,-0.010706,-0.003214
-0.002144,-0.002020,0.007856,-0.013103,0.003961,0.009998,0.007417,-0.000149,0.003214,0.003939,-0.001953,-0.000414,0.011019,-0.008294,-0.009878,-0.015476,-0.001026
-0.006691,-0.005079,0.006546,-0.016765,0.005572,0.010141,0.007416,-0.002250,0.000733,0.000224,-0.002443,0.000877,0.012025,-0.006030,-0.011829,-0.016405,0.000029
-0.011631,-0.008426,0.005410,-0.018009,0.005850,0.009178,0.004991,-0.005584,-0.000122,-0.001586,-0.001114,0.002432,0.008610,-0.003300,-0.012846,-0.011777,0.001772
-0.014618,-0.010447,0.004932,-0.016468,0.004762,0.007046,0.001713,-0.008048,-0.001872,-0.006036,-0.000295,0.003078,0.002854,-0.000455,-0.011209,-0.003894,0.005280
-0.014795,-0.010148,0.004940,-0.013164,0.003107,0.004322,0.000097,-0.007336,-0.003190,-0.008519,-0.000054,0.001861,-0.000019,0.000634,-0.007848,-0.000023,0.007706
-0.010326,-0.006709,0.004971,-0.008233,0.001804,0.001495,-0.000720,-0.003041,-0.002766,-0.007592,0.000032,0.000738,-0.002439,0.002952,-0.003460,0.001737,0.007339
-0.002510,-0.002055,0.002906,-0.002194,0.000905,0.000140,-0.002322,0.000001,-0.001638,-0.005000,0.001038,0.000328,-0.006002,0.003484,-0.000127,0.005932,0.004161
0.000906,0.000400,0.000093,0.000213,0.000394,-0.000105,-0.002168,0.002474,-0.000181,-0.001339,0.002125,0.001359,-0.009330,0.003445,0.002156,0.007370,0.000346
0.008628,0.004773,-0.000455,0.001390,0.000262,0.000136,-0.000403,0.006377,0.000070,0.000113,0.002432,0.002335,-0.008932,0.003362,0.008398,0.005456,-0.000923
0.014695,0.009164,-0.001787,0.000706,0.000539,0.000683,0.000528,0.009345,0.000439,0.002840,0.001078,0.003261,-0.005387,0.003120,0.012944,0.003200,-0.004074
0.016521,0.010558,-0.002588,-0.000002,0.000814,0.000250,0.002093,0.009816,0.000319,0.004206,0.000407,0.005124,-0.002151,0.002149,0.012924,0.000446,-0.006685
0.014869,0.010412,-0.001987,-0.000949,0.000264,0.000014,0.001736,0.007372,0.000020,0.002416,0.000495,0.007475,-0.000563,0.000681,0.008265,-0.000088,-0.007542
0.011173,0.008207,-0.000651,-0.003165,-0.000054,-0.000156,0.000202,0.003005,-0.000233,0.000175,0.000524,0.008858,-0.000203,0.000159,0.003760,-0.000013,-0.006447
0.006227,0.004409,0.000074,-0.005127,-0.000869,-0.001022,-0.000127,0.000009,-0.001041,-0.000575,0.000451,0.007327,-0.000030,-0.000002,0.000564,0.000336,-0.004638
0.001334,0.001358,0.002065,-0.004636,-0.001920,-0.003088,-0.001937,-0.001775,-0.001504,-0.002692,0.000014,0.004280,0.000594,-0.000551,-0.000540,0.000457,-0.002557
-0.000193,0.000168,0.003134,-0.000914,-0.002958,-0.005813,-0.004077,-0.003570,-0.002022,-0.003961,-0.000318,0.000702,0.002785,-0.001712,-0.004606,0.000173,-0.000669
-0.001536,0.000183,0.000887,0.000463,-0.003547,-0.008770,-0.005199,-0.004423,-0.001775,-0.003073,-0.001620,-0.000324,0.004364,-0.002986,-0.008417,0.000455,0.000001
-0.001796,0.000290,-0.000193,0.003679,-0.003501,-0.008654,-0.004053,-0.003358,-0.001766,-0.001602,-0.004060,-0.002987,0.006031,-0.003514,-0.009278,0.000665,0.000456
-0.001492,0.000452,-0.002630,0.006601,-0.002828,-0.005998,-0.001523,-0.001075,-0.001702,-0.000018,-0.007930,-0.006564,0.007451,-0.003085,-0.007922,0.001492,0.001037
-0.001912,0.001222,-0.006420,0.008173,-0.002722,-0.003427,-0.000055,0.000106,-0.001472,0.001356,-0.009793,-0.009360,0.007830,-0.001892,-0.005376,0.001410,0.001065
-0.002518,0.001796,-0.009492,0.008977,-0.002929,-0.001576,0.000387,0.002113,-0.001147,0.002950,-0.007167,-0.010888,0.006220,-0.000721,-0.003066,0.001881,0.001227
-0.003099,0.000296,-0.011011,0.008443,-0.003105,-0.000039,0.000834,0.003495,-0.000731,0.002978,-0.001820,-0.011680,0.003008,0.000044,-0.000518,0.002588,0.001488
-0.004111,-0.000910,-0.010316,0.006562,-0.002704,0.000960,0.001011,0.001918,-0.000223,0.001594,0.000587,-0.011941,0.001003,0.001644,0.000539,0.004128,0.001622
-0.006245,-0.005096,-0.007151,0.003962,-0.001457,0.002498,0.000863,0.000199,0.000001,0.000244,0.006659,-0.009829,0.000138,0.002281,0.004621,0.005264,0.001863
-0.007322,-0.008514,-0.003411,0.001244,-0.000245,0.002098,0.001208,-0.000205,0.000079,-0.000032,0.014625,-0.004794,0.000039,0.001029,0.007684,0.005612,0.002458
-0.006316,-0.009885,-0.000349,-0.000014,0.000114,0.000467,0.001634,-0.001905,0.000188,-0.000127,0.018731,-0.000568,-0.000002,0.000002,0.008800,0.006531,0.003349
-0.003753,-0.009192,0.000603,-0.000590,0.001059,-0.000067,0.002197,-0.003645,-0.000003,-0.000553,0.015241,0.000914,-0.000654,-0.000774,0.008586,0.006804,0.004133
-0.000583,-0.007412,0.004018,-0.000286,0.002766,-0.000045,0.003056,-0.004288,-0.000187,-0.000009,0.006881,0.005756,-0.001973,-0.001759,0.007358,0.007156,0.004598
0.000378,-0.004056,0.005874,-0.000004,0.003238,0.000287,0.003937,-0.003230,-0.000116,0.000362,0.000436,0.010505,-0.003317,-0.001612,0.005620,0.005648,0.004318
0.002684,-0.000852,0.005771,0.000693,0.002755,0.001016,0.004028,-0.001946,-0.000015,0.001832,-0.002187,0.013318,-0.004722,-0.000850,0.002596,0.003136,0.003980
0.004271,0.000272,0.005217,0.003205,0.001986,0.003248,0.003148,-0.000734,0.000006,0.003487,-0.009197,0.013548,-0.006070,-0.000054,0.000186,0.000430,0.003648
0.003306,0.003109,0.004424,0.006032,0.001286,0.006141,0.000845,-0.000624,0.000033,0.003802,-0.013660,0.011059,-0.005035,0.000749,-0.001269,-0.000656,0.003104
0.000982,0.004818,0.004139,0.007632,0.000727,0.008234,-0.000180,-0.001185,0.000006,0.002455,-0.013038,0.007721,-0.002268,0.002016,-0.002801,-0.003947,0.002007
-0.000092,0.006673,0.003377,0.005913,0.000493,0.009048,-0.001750,-0.001888,0.000006,0.000474,-0.006858,0.005487,-0.000064,0.001712,-0.003514,-0.006605,0.000386
-0.002182,0.008296,0.002020,0.002051,0.000406,0.006982,-0.003296,-0.002615,0.000078,-0.000032,-0.000370,0.003612,0.001438,0.000181,-0.002808,-0.006556,-0.000168
-0.004650,0.007088,0.000262,0.000095,0.000144,0.002488,-0.004922,-0.002814,0.000166,-0.001601,0.001453,0.002346,0.001250,-0.000394,-0.001309,-0.005737,-0.001166
-0.005073,0.003718,-0.000264,-0.000396,0.000066,0.000007,-0.005612,-0.002411,0.000331,-0.001997,0.004787,0.001608,0.000509,-0.001133,-0.000200,-0.004481,-0.002454
-0.003319,0.000459,-0.001425,-0.001949,0.000220,-0.001773,-0.003837,-0.001214,0.000855,-0.001958,0.006089,0.000937,0.000130,-0.000281,0.000251,-0.003675,-0.004076
-0.000037,-0.000590,-0.003161,-0.002212,0.000634,-0.004714,-0.000721,-0.000141,0.001477,-0.000026,0.004677,-0.000003,-0.000000,0.000120,0.000038,-0.003153,-0.005653
0.001927,-0.004511,-0.003848,-0.000433,0.001009,-0.005953,0.000592,0.000468,0.002108,0.001498,0.000904,-0.000634,-0.000470,0.001277,-0.000614,-0.002701,-0.006645
0.005141,-0.007885,-0.003394,0.000225,0.001279,-0.005569,0.003407,0.002042,0.002341,0.005480,-0.001096,-0.002766,-0.001026,0.003151,-0.003041,-0.002686,-0.006526
0.007633,-0.007781,-0.001656,0.001748,0.001030,-0.005413,0.005556,0.002572,0.002351,0.007356,-0.006553,-0.006075,-0.000164,0.004797,-0.006442,-0.003147,-0.005407
0.007731,-0.004291,0.000000,0.001020,0.000504,-0.005642,0.005463,0.002638,0.002264,0.005602,-0.009629,-0.007205,0.000472,0.005564,-0.009440,-0.002304,-0.003482
0.006154,-0.000088,0.001577,-0.000054,0.000043,-0.006510,0.002936,0.002734,0.002142,0.002414,-0.007894,-0.005545,0.002782,0.003907,-0.011094,-0.000448,-0.001165
0.003717,0.000931,0.003653,-0.001965,-0.000329,-0.009220,0.000407,0.003052,0.001931,0.000045,-0.004938,-0.001589,0.003485,0.000951,-0.010453,0.000250,0.000103
0.001007,0.002828,0.004454,-0.005358,-0.001778,-0.012150,-0.000594,0.003046,0.001432,-0.001032,-0.001934,0.000173,0.003668,-0.000205,-0.007804,0.001435,0.002048
-0.000766,0.002819,0.004542,-0.008415,-0.002117,-0.013905,-0.003264,0.002582,0.000879,-0.004952,0.000001,0.003667,0.003636,-0.002065,-0.002462,0.002064,0.004445
-0.002914,0.001382,0.002804,-0.010348,-0.000823,-0.010112,-0.004694,0.001417,0.000177,-0.006799,0.003269,0.006476,0.003351,-0.003700,0.000052,0.000602,0.005145
-0.003506,0.000102,0.000989,-0.009897,-0.000048,-0.003553,-0.003342,0.000229,-0.000213,-0.005189,0.007220,0.006423,0.001154,-0.003958,0.002678,0.000008,0.004820
-0.003906,-0.000506,0.000004,-0.007497,0.000270,-0.000001,-0.000908,-0.000160,-0.001476,-0.001293,0.007970,0.003472,-0.000178,-0.002961,0.006915,-0.000465,0.004036
-0.003986,-0.002328,-0.001174,-0.004895,0.001071,0.003440,0.000077,-0.001430,-0.002668,-0.000028,0.007645,0.000005,-0.001935,-0.001781,0.010017,-0.001231,0.003018
-0.003862,-0.003095,-0.001933,-0.002030,0.001607,0.008892,0.001671,-0.002887,-0.003331,0.000026,0.007233,-0.002915,-0.003865,-0.000648,0.011610,-0.000141,0.001935
-0.003424,-0.001304,-0.001696,0.000060,0.001714,0.013005,0.002238,-0.003344,-0.003364,0.000194,0.006236,-0.008164,-0.005648,-0.000021,0.010830,0.000093,0.000321
-0.002156,-0.000008,-0.002626,0.002672,0.001210,0.011688,0.001431,-0.001653,-0.002292,0.000482,0.004328,-0.011378,-0.007610,0.000238,0.008424,0.001597,-0.000170
-0.000549,0.000795,-0.004293,0.007107,-0.000005,0.007571,0.000022,-0.000081,-0.000734,0.000603,0.001256,-0.011349,-0.009223,0.000554,0.004736,0.003606,-0.001334
-0.000243,0.002341,-0.006123,0.012986,-0.001291,0.001782,-0.001095,0.000667,-0.000025,0.000109,-0.000207,-0.009227,-0.010092,0.001136,0.002459,0.005343,-0.001720
-0.000001,0.003541,-0.008229,0.017108,-0.002457,0.000001,-0.003935,0.001786,0.000412,-0.000016,-0.002076,-0.006022,-0.008728,0.002068,0.001109,0.004218,-0.001784
0.000768,0.004437,-0.009196,0.018541,-0.002967,-0.000841,-0.005678,0.002702,0.001124,0.000006,-0.004745,-0.003247,-0.005981,0.003731,0.000270,0.003085,-0.000675
0.002021,0.003919,-0.008452,0.016558,-0.002754,-0.003219,-0.005525,0.002467,0.000447,0.000792,-0.008043,-0.000215,-0.002089,0.005989,0.000042,0.001788,0.000014
0.002382,0.002735,-0.005862,0.010602,-0.002270,-0.004550,-0.003458,0.001098,-0.000024,0.001101,-0.009703,0.000699,0.000019,0.007198,0.000111,0.000066,0.001259
0.001389,0.000593,-0.001616,0.002632,-0.001430,-0.005341,-0.000600,0.000005,-0.000846,0.000457,-0.008552,0.002759,0.003496,0.006288,0.000028,-0.000049,0.003645
0.000075,-0.000136,0.000567,-0.000526,-0.000036,-0.004275,0.000625,-0.001257,-0.000986,0.000470,-0.005044,0.004645,0.010408,0.001846,-0.000324,-0.001454,0.004097
-0.000426,-0.001873,0.003779,-0.008494,0.001693,-0.001941,0.004284,-0.002062,0.000000,0.001136,-0.000710,0.005469,0.013808,-0.000329,-0.002022,-0.002368,0.002333
-0.002175,-0.004637,0.005472,-0.017826,0.003837,0.000028,0.006904,-0.000969,0.001510,0.001835,0.000879,0.005839,0.012591,-0.005239,-0.005321,-0.002524,0.000390
-0.005802,-0.006857,0.005864,-0.022909,0.004591,0.001610,0.007062,-0.000192,0.004032,0.001370,0.005172,0.005824,0.007763,-0.011039,-0.007765,-0.002083,-0.000280
-0.009719,-0.008269,0.005721,-0.023970,0.004652,0.005930,0.004457,-0.000061,0.006462,0.000572,0.009761,0.005719,0.002715,-0.014712,-0.008295,-0.002005,-0.002211
-0.012012,-0.007906,0.005820,-0.021040,0.004220,0.011139,0.001519,0.000002,0.007893,0.000177,0.011238,0.004660,0.000009,-0.014350,-0.005926,-0.000564,-0.003519
-0.011808,-0.006356,0.005938,-0.014995,0.003315,0.012346,0.000005,0.000291,0.006643,-0.000012,0.008961,0.003351,-0.002210,-0.009973,-0.001766,0.000278,-0.003073
-0.009396,-0.003155,0.005883,-0.006855,0.001702,0.010790,-0.001292,0.000726,0.003016,-0.000813,0.004782,0.000867,-0.006634,-0.003802,0.000204,0.001144,-0.001557
-0.005653,-0.000275,0.005144,-0.000474,0.000155,0.006524,-0.003204,0.000935,0.000041,-0.002355,0.000540,-0.000223,-0.007334,0.000003,0.004005,0.002154,-0.000275
-0.000893,0.001004,0.004168,0.002795,-0.000548,0.001615,-0.002496,0.000729,-0.001530,-0.002303,-0.000912,-0.002346,-0.004187,0.003433,0.008047,0.000771,-0.000044
0.001714,0.005549,0.001354,0.010354,-0.001583,-0.000170,-0.000490,0.000923,-0.004382,-0.001187,-0.004811,-0.005008,-0.000638,0.007897,0.009254,0.000009,-0.000136
0.008217,0.009365,-0.000002,0.016352,-0.002648,-0.003205,0.000070,0.002183,-0.005821,-0.000347,-0.008057,-0.006371,0.000427,0.009571,0.007562,-0.000144,-0.000156
0.012595,0.011607,-0.001472,0.020386,-0.003741,-0.005865,0.001477,0.002825,-0.006915,-0.000009,-0.010199,-0.005774,0.002686,0.010564,0.003978,-0.000179,-0.000287
0.014646,0.011659,-0.003245,0.022360,-0.004500,-0.006675,0.002459,0.002603,-0.007232,0.000244,-0.011055,-0.003373,0.004379,0.010961,0.000605,0.000067,-0.000229
0.014289,0.010598,-0.002439,0.021646,-0.004959,-0.007305,0.001700,0.001864,-0.006698,0.001125,-0.010619,-0.000336,0.004166,0.011057,-0.000410,0.000901,0.000000
0.011755,0.008987,-0.000400,0.017373,-0.005064,-0.008634,0.000277,0.001252,-0.005771,0.001495,-0.008057,0.000761,0.002818,0.010529,-0.002796,0.002544,0.000583
0.007474,0.006087,0.000689,0.009972,-0.004489,-0.009780,-0.000306,0.000612,-0.004249,0.000584,-0.003272,0.003717,0.000769,0.008305,-0.003960,0.003394,0.001885
0.002717,0.002839,0.002773,0.001476,-0.002903,-0.010634,-0.001993,0.000297,-0.001749,-0.000080,-0.000057,0.004636,-0.000006,0.004446,-0.003609,0.002178,0.002140
0.000046,-0.000176,0.003751,-0.002462,-0.000410,-0.009712,-0.003031,0.000061,0.000032,-0.000968,0.002346,0.002557,-0.000974,0.000084,-0.002941,0.000045,0.000685
-0.000919,-0.002755,0.002534,-0.012918,0.000173,-0.004824,-0.002562,-0.000204,0.002504,-0.002125,0.007968,0.000159,-0.001380,-0.002452,-0.002223,-0.001331,-0.000015
-0.002189,-0.007782,0.000660,-0.020120,0.001583,-0.000075,-0.001260,-0.000587,0.005006,-0.003661,0.011669,-0.000423,-0.001689,-0.008124,-0.001600,-0.005218,0.000111
-0.002445,-0.010563,0.000128,-0.021985,0.003341,0.003652,0.000006,-0.000313,0.005736,-0.005163,0.010729,-0.001887,-0.001696,-0.012574,-0.001591,-0.008409,0.002560
-0.001426,-0.011612,0.000070,-0.020244,0.004123,0.011954,0.002334,0.000114,0.005537,-0.005477,0.007884,-0.003695,-0.001709,-0.014354,-0.001806,-0.007052,0.008891
-0.000023,-0.003665,0.000353,-0.015936,0.002364,0.017790,0.005182,0.001072,0.004751,-0.002868,0.004057,-0.003127,-0.001901,-0.012351,-0.001748,-0.004264,0.017894
0.001818,0.000579,0.001666,-0.009051,0.000030,0.016964,0.006607,0.001804,0.003484,-0.000116,0.001610,-0.002816,-0.000747,-0.008037,-0.000234,-0.002380,0.026618
0.004862,0.008955,0.005046,-0.001846,-0.001575,0.010031,0.005928,0.001532,0.002428,0.000671,0.000522,-0.001329,0.000035,-0.003426,0.000436,-0.001283,0.031410
0.007107,0.021142,0.007102,0.000533,-0.005036,0.001786,0.003534,0.000683,0.001838,0.002731,0.000244,-0.000898,0.001159,-0.000228,0.002382,-0.001087,0.028686
0.007904,0.025797,0.006656,0.003790,-0.006190,-0.000560,0.001073,0.000021,0.001097,0.004318,0.000965,-0.000366,0.003587,0.000008,0.003549,-0.001201,0.016644
0.008086,0.022015,0.003075,0.004870,-0.004423,-0.004795,0.000006,-0.001138,0.000351,0.004491,0.003236,-0.000021,0.006523,-0.000032,0.003351,-0.000785,0.000540
0.007057,0.009296,-0.000003,0.007450,-0.000637,-0.006356,-0.000916,-0.005455,-0.000188,0.003376,0.004098,0.000722,0.007891,-0.000481,0.001604,-0.000741,-0.011233
0.003636,0.000028,-0.001950,0.010772,0.001161,-0.004556,-0.003246,-0.008839,-0.001534,0.001171,0.000540,0.003645,0.007549,-0.002316,0.000007,-0.000468,-0.036392
0.000007,-0.012169,-0.005537,0.012139,0.006933,-0.001820,-0.003289,-0.010080,-0.003259,-0.000080,-0.000425,0.006066,0.005239,-0.004759,-0.001187,0.000052,-0.055885
-0.004308,-0.029530,-0.008792,0.011052,0.011999,-0.000181,-0.003743,-0.009179,-0.004280,-0.001359,-0.003467,0.008422,0.001790,-0.003510,-0.004581,0.002370,-0.065186
-0.010026,-0.037659,-0.010275,0.008952,0.012239,-0.000246,-0.004787,-0.008081,-0.004515,-0.000204,-0.006798,0.007055,0.000016,-0.000099,-0.005815,0.005492,-0.063326
-0.014021,-0.033579,-0.009451,0.007762,0.007363,-0.002344,-0.006943,-0.007201,-0.003805,-0.000018,-0.009059,0.005363,-0.001049,0.002297,-0.003530,0.007141,-0.050435
-0.016802,-0.021313,-0.008567,0.004467,0.000923,-0.008255,-0.009609,-0.005775,-0.002833,0.000000,-0.010055,0.000869,-0.003717,0.009620,-0.000202,0.006431,-0.028073
-0.017801,-0.008140,-0.007741,0.001115,-0.000922,-0.014121,-0.011376,-0.003390,-0.002304,-0.000051,-0.008770,-0.000641,-0.005070,0.014918,0.000964,0.005720,-0.004252
-0.014109,-0.000106,-0.007028,-0.000661,-0.005839,-0.014269,-0.010524,-0.001571,-0.001913,-0.000471,-0.005550,-0.004748,-0.005184,0.016395,0.004045,0.005522,0.004710
-0.006428,0.006557,-0.006895,-0.002202,-0.009141,-0.007060,-0.006536,-0.000397,-0.001859,-0.001420,-0.001603,-0.008423,-0.004811,0.014014,0.005886,0.003725,0.021642
-0.000203,0.017893,-0.004303,-0.000034,-0.008371,-0.000650,-0.002056,0.000229,-0.001597,-0.003043,-0.000022,-0.008854,-0.003441,0.007640,0.004566,0.000502,0.031794
0.003216,0.020378,-0.000938,0.001515,-0.005060,0.001657,0.000165,0.001633,-0.001363,-0.004927,0.001004,-0.008512,-0.002827,0.001401,0.001823,-0.000914,0.033698
0.007939,0.017175,0.000516,0.004228,-0.001197,0.010056,0.003902,0.004372,-0.000486,-0.005476,0.003588,-0.006342,-0.003172,-0.000842,-0.000001,-0.003606,0.029404
0.008556,0.007809,0.003640,0.003941,0.000211,0.015872,0.007712,0.006931,0.000046,-0.002653,0.006401,-0.003562,-0.003636,-0.005739,-0.002275,-0.004758,0.022296
0.004095,0.000095,0.007425,0.001914,0.003046,0.014821,0.007889,0.008115,0.001290,-0.000084,0.008388,-0.000449,-0.004328,-0.007963,-0.005259,-0.004405,0.014740
0.000035,-0.004771,0.009482,-0.000209,0.003714,0.008425,0.005867,0.008654,0.002813,0.001418,0.008767,0.000201,-0.005950,-0.007359,-0.005204,-0.003472,0.009274
-0.003439,-0.014674,0.009361,-0.004659,0.003641,0.002198,0.002612,0.009342,0.003884,0.005071,0.007411,0.001418,-0.008259,-0.006413,-0.003158,-0.001710,0.006509
-0.010541,-0.022141,0.007747,-0.012552,0.003431,-0.000026,0.000166,0.009661,0.004404,0.008679,0.004580,0.002934,-0.008391,-0.005055,-0.001318,-0.000306,0.005441
-0.014340,-0.023713,0.004890,-0.018537,0.003299,-0.001495,-0.000793,0.009625,0.004024,0.010364,0.001230,0.002672,-0.006567,-0.003288,-0.000001,0.000017,0.004354
-0.012499,-0.019732,0.002080,-0.017342,0.002421,-0.001626,-0.002765,0.008926,0.002946,0.008939,-0.000192,0.001119,-0.002309,-0.001771,0.001045,0.000018,0.003212
-0.004661,-0.009234,0.000508,-0.009364,0.000908,-0.000510,-0.002322,0.006925,0.001237,0.004915,-0.003364,0.000007,-0.000003,-0.000436,0.001976,-0.000173,0.001435
0.000109,-0.000184,0.000393,-0.001215,0.000049,0.000941,-0.000408,0.004703,0.000074,0.000763,-0.006759,-0.000375,0.002327,0.000005,0.001483,-0.000573,0.000001
0.006481,0.006164,0.000814,0.001720,-0.000266,0.003890,0.000448,0.002533,-0.000320,-0.000581,-0.007764,-0.000480,0.007004,0.000568,0.000209,-0.000016,-0.001015
0.013809,0.016301,0.001506,0.010993,-0.001059,0.004260,0.002566,0.000763,-0.000992,-0.004480,-0.006210,-0.000111,0.010750,0.001419,-0.000331,0.000816,-0.002509
0.016797,0.021233,0.000999,0.014852,-0.001812,0.001293,0.005048,-0.000031,-0.001768,-0.008443,-0.002948,0.000002,0.011902,0.001017,-0.001044,0.003277,-0.003636
0.015464,0.021687,0.000007,0.009687,-0.002261,-0.000090,0.006424,-0.001587,-0.002017,-0.011014,-0.000385,0.000224,0.010641,0.000128,-0.000384,0.006650,-0.003900
0.010479,0.018753,-0.000762,0.002015,-0.002142,-0.001635,0.006033,-0.002707,-0.002128,-0.011631,0.000677,0.001226,0.007075,-0.000040,-0.000099,0.008461,-0.003172
0.004302,0.013661,-0.003162,-0.000845,-0.001471,-0.003084,0.004201,-0.002838,-0.002143,-0.010651,0.003737,0.001179,0.002103,-0.000068,0.000121,0.008047,-0.001807
0.000046,0.005760,-0.007142,-0.007742,-0.000836,-0.002273,0.001528,-0.002793,-0.002029,-0.009192,0.006649,0.000309,-0.000037,-0.000027,0.001564,0.005725,-0.000621
-0.002511,0.000016,-0.009863,-0.014145,-0.000286,-0.000512,-0.000003,-0.002495,-0.002022,-0.006827,0.008388,0.000118,-0.003088,0.000026,0.002864,0.002823,-0.000005
-0.004407,-0.002379,-0.009149,-0.016561,0.000055,0.000885,-0.001289,-0.002162,-0.001828,-0.003222,0.008395,0.000620,-0.005245,0.000477,0.003173,0.000347,0.000233
-0.001693,-0.003209,-0.005247,-0.013283,0.000655,0.004949,-0.002599,-0.002295,-0.001078,-0.000098,0.005972,0.001860,-0.003463,0.001493,0.003045,-0.000364,0.000356
0.000004,-0.001645,-0.001014,-0.005102,0.001131,0.008624,-0.003042,-0.002196,-0.000091,0.001623,0.002481,0.003808,-0.000572,0.001566,0.002653,-0.000939,0.000496
0.001848,-0.000064,0.000184,0.000001,0.000976,0.009074,-0.002753,-0.002108,0.000354,0.005826,0.000069,0.005525,0.000284,0.000464,0.002291,-0.000662,0.000090
0.004559,0.000112,0.002367,0.003238,0.000157,0.006248,-0.002075,-0.002302,0.001381,0.008357,-0.001909,0.006518,0.003603,-0.000166,0.000566,-0.000266,0.000020
0.005044,0.000271,0.004544,0.006662,-0.000144,0.002713,-0.001449,-0.002372,0.001722,0.008307,-0.006970,0.006084,0.006167,-0.001276,-0.000254,-0.000323,0.000056
0.002122,-0.000008,0.004691,0.006186,-0.000808,0.000175,-0.000921,-0.002100,0.001666,0.006386,-0.010534,0.003575,0.004273,-0.001708,-0.001854,-0.001047,0.000473
-0.000025,-0.001607,0.001919,0.003535,-0.001226,-0.001216,-0.000588,-0.001677,0.001395,0.003204,-0.009854,0.000608,0.000587,-0.001584,-0.003297,-0.002734,0.001086
-0.003358,-0.007948,0.000038,0.000931,-0.000917,-0.004359,-0.000498,-0.000846,0.000705,0.001528,-0.005790,-0.000413,-0.001053,-0.000879,-0.004333,-0.004985,0.001740
-0.009651,-0.011735,-0.000618,-0.000008,-0.000027,-0.006252,0.000065,-0.000186,0.000076,0.000904,-0.001482,-0.002139,-0.004808,-0.000067,-0.004763,-0.008096,0.001789
-0.013026,-0.010272,-0.000477,-0.000687,0.000820,-0.006947,0.001224,-0.000083,-0.000126,0.001061,-0.000003,-0.004217,-0.006277,0.000424,-0.003180,-0.010594,0.001011
-0.012930,-0.004474,0.000001,-0.000099,0.002419,-0.005298,0.002610,-0.000206,-0.000301,0.001580,0.001117,-0.004978,-0.004697,0.001444,-0.000558,-0.010259,0.000196
-0.009038,0.000015,0.000706,0.001250,0.003284,-0.003087,0.003325,-0.000418,-0.000000,0.002832,0.003342,-0.005141,-0.002195,0.001700,0.001035,-0.006987,-0.000193
-0.003116,0.004925,0.002554,0.004852,0.002581,-0.000730,0.003375,-0.001067,0.000132,0.003708,0.002973,-0.004617,-0.000109,0.000889,0.003870,-0.002203,-0.001339
0.000077,0.012669,0.005009,0.008233,0.000940,-0.000024,0.002421,-0.001520,0.000105,0.002204,0.000869,-0.003838,0.000846,0.000122,0.005023,0.000043,-0.002901
0.003315,0.013703,0.006592,0.008283,0.000046,0.001354,0.000753,-0.000650,0.000203,0.000097,-0.000024,-0.003570,0.001351,-0.000044,0.005051,0.002951,-0.003652
0.006699,0.007281,0.005420,0.005135,-0.000338,0.003295,-0.000122,0.000012,0.000520,-0.001919,-0.000842,-0.003760,0.000051,-0.000444,0.004100,0.006536,-0.002990
0.006792,0.000203,0.002188,0.001364,-0.001246,0.003966,-0.002490,0.000949,0.000560,-0.005431,-0.000083,-0.003956,-0.001394,-0.000709,0.002377,0.008272,-0.001070
0.003925,-0.002552,0.000068,-0.000015,-0.001398,0.002363,-0.004339,0.002575,0.000378,-0.007209,0.000281,-0.003499,-0.004224,-0.000395,0.000495,0.007512,0.000000
0.000789,-0.008882,-0.000537,-0.000839,-0.000641,0.000246,-0.004010,0.003888,0.000351,-0.006122,0.000626,-0.002562,-0.005372,0.000010,-0.000278,0.005507,0.000835
-0.000210,-0.011157,-0.002223,-0.001060,-0.000113,-0.000520,-0.002506,0.003795,0.000343,-0.002887,0.000113,-0.001254,-0.003868,0.000497,-0.002206,0.003305,0.001973
-0.000841,-0.004260,-0.003607,-0.000071,0.000028,-0.003334,-0.000581,0.002823,0.000727,-0.000104,-0.000183,-0.000039,-0.001168,0.001162,-0.002648,0.001557,0.002337
-0.000328,0.000058,-0.003921,0.000780,0.000091,-0.006080,0.000026,0.000555,0.000709,0.001505,-0.001644,0.000714,0.000145,0.001618,-0.002848,0.000387,0.001417
0.000636,0.007260,-0.004103,0.004857,-0.000004,-0.009451,0.000883,-0.000485,0.000258,0.004582,-0.004256,0.003179,0.003372,0.001847,-0.002041,-0.000051,0.000061
0.003517,0.017043,-0.004375,0.009115,-0.000042,-0.007912,0.001785,-0.002813,-0.000013,0.005702,-0.005803,0.005063,0.007441,0.002177,-0.000463,-0.000594,-0.000990
0.006350,0.021542,-0.004946,0.011100,-0.000001,-0.005188,0.001360,-0.004482,-0.000301,0.003702,-0.005473,0.005305,0.009264,0.002386,0.000095,-0.001286,-0.003241
0.007195,0.016940,-0.006116,0.009273,0.000104,-0.002601,0.000469,-0.004972,-0.000829,0.000787,-0.002127,0.003816,0.008193,0.002551,0.001032,-0.001692,-0.004609
0.005431,0.008664,-0.007309,0.003925,0.000216,-0.000667,-0.000000,-0.004275,-0.001607,-0.000140,-0.000007,0.001455,0.005730,0.002601,0.001787,-0.002417,-0.004543
0.001397,0.000417,-0.007268,0.000185,0.000480,0.000044,-0.000613,-0.002600,-0.001942,-0.002749,0.002144,0.000069,0.002300,0.002739,0.001391,-0.002723,-0.002983
-0.000471,-0.004199,-0.005770,-0.001624,0.000020,0.000484,-0.001794,-0.000828,-0.002246,-0.003846,0.005248,-0.000591,0.000101,0.002334,0.000235,-0.002665,-0.000631
-0.003217,-0.012515,-0.002856,-0.006620,-0.000272,0.000042,-0.001850,0.000005,-0.001656,-0.002259,0.006177,-0.001437,-0.000722,0.000743,-0.000643,-0.001457,0.000381
-0.007222,-0.018540,-0.000094,-0.012699,-0.001208,-0.000546,-0.001582,0.000501,-0.000594,-0.000029,0.005051,-0.000861,-0.002565,-0.000059,-0.003886,-0.000200,0.003099
-0.009513,-0.018988,0.001064,-0.016212,-0.002293,-0.002397,-0.001182,0.000611,0.000014,0.001056,0.002494,-0.000025,-0.003122,-0.001633,-0.006434,0.000143,0.006104
-0.010359,-0.017194,0.003126,-0.014449,-0.002897,-0.001041,-0.000768,0.000223,0.000864,0.003195,0.001165,0.000498,-0.002584,-0.003587,-0.006663,0.000998,0.008539
-0.009739,-0.011997,0.004383,-0.008232,-0.002269,-0.000367,-0.000611,-0.000000,0.002163,0.003409,0.000486,0.001880,-0.001883,-0.005348,-0.004342,0.001601,0.010051
-0.007931,-0.007334,0.004192,-0.001959,-0.000993,-0.000797,-0.000264,0.000004,0.003496,0.000818,0.000517,0.002004,-0.001987,-0.005992,-0.001010,0.002960,0.009716
-0.006016,-0.002847,0.002658,-0.000001,-0.000019,-0.001084,0.000010,0.000467,0.004204,-0.000031,0.000942,0.000896,-0.002509,-0.005254,0.000260,0.003411,0.007319
-0.003714,-0.000387,0.001525,0.001290,0.001180,-0.000394,-0.000047,0.001460,0.004349,-0.003058,0.001782,0.000005,-0.003889,-0.003559,0.003577,0.003166,0.003361
-0.001381,0.000225,0.001562,0.004359,0.002689,-0.000005,-0.000896,0.002112,0.003055,-0.007124,0.001999,-0.000945,-0.005200,-0.001624,0.008252,0.002148,0.000307
0.000023,0.003041,0.002284,0.006418,0.003145,0.000078,-0.002226,0.001435,0.000869,-0.010085,0.001082,-0.002480,-0.004993,-0.000299,0.010033,0.000888,-0.000873
0.001822,0.003842,0.003952,0.003941,0.002341,0.000193,-0.003365,0.000440,-0.000053,-0.009381,0.000045,-0.002676,-0.002260,0.000046,0.008098,0.000105,-0.003423
0.003979,0.004662,0.005714,0.000235,0.001074,0.001507,-0.003683,0.000006,-0.001576,-0.005883,-0.001050,-0.002209,-0.000015,0.000240,0.004156,-0.000319,-0.004913
0.005985,0.005798,0.007161,-0.000662,0.000124,0.005550,-0.001932,-0.000476,-0.003419,-0.001108,-0.002292,-0.001021,0.001721,0.000101,0.000463,-0.002124,-0.004114
0.008084,0.008817,0.007978,-0.000930,-0.000103,0.008992,-0.000272,-0.002348,-0.004399,0.000534,-0.001715,-0.000201,0.006107,-0.000029,-0.001014,-0.004791,-0.002519
0.009762,0.010759,0.007244,-0.000135,-0.000864,0.007674,0.000311,-0.002702,-0.003952,0.003804,-0.000307,-0.000098,0.008618,-0.000298,-0.004778,-0.006112,-0.000987
0.009159,0.010651,0.004433,-0.000120,-0.001449,0.004191,0.003002,-0.000994,-0.002388,0.007946,0.000300,-0.000196,0.007478,-0.000106,-0.007350,-0.005971,-0.000109
0.007330,0.009072,0.001266,-0.000741,-0.000708,0.001274,0.005370,0.000007,-0.000436,0.009771,0.001438,-0.000569,0.003584,0.000029,-0.007471,-0.004428,0.000036
0.004826,0.005267,0.000001,-0.000662,-0.000013,0.000031,0.006282,0.000583,0.000310,0.009625,0.001890,-0.001260,0.000131,0.000562,-0.005418,-0.001492,0.000040
0.001709,0.000869,-0.000846,-0.000045,0.000427,-0.000748,0.005669,0.000142,0.001470,0.007140,0.000939,-0.001889,-0.002523,0.001596,-0.002688,-0.000002,-0.000442
-0.000014,-0.000787,-0.001657,-0.000000,0.000960,-0.003307,0.003849,0.000001,0.001306,0.003365,0.000000,-0.000557,-0.007160,0.002447,-0.000334,0.001733,-0.000653
-0.002281,-0.006688,-0.001424,-0.000155,0.001136,-0.002996,0.001417,-0.000014,0.000225,0.000339,-0.001564,0.000199,-0.009578,0.002746,0.000608,0.004652,-0.000174
-0.003678,-0.009900,-0.000830,-0.000177,0.001071,-0.000374,0.000139,-0.000118,-0.000114,-0.000518,-0.003767,0.002576,-0.008784,0.002356,0.002795,0.004667,0.000043
-0.002146,-0.008207,-0.000582,0.000012,0.000844,0.000775,-0.000370,-0.000581,-0.001066,-0.002681,-0.004039,0.005878,-0.005381,0.001637,0.003712,0.001741,0.000173
-0.000499,-0.005378,-0.000277,0.000504,0.000487,0.003176,-0.001657,-0.000505,-0.002146,-0.004416,-0.002150,0.007016,-0.001692,0.000795,0.003063,-0.000013,0.000189
-0.000007,-0.002466,-0.000341,0.000281,0.000073,0.005408,-0.001674,-0.000002,-0.002462,-0.004397,-0.000102,0.005542,-0.000002,0.000120,0.001761,-0.002159,0.000035
0.000122,-0.000032,-0.000939,-0.000073,0.000014,0.007043,-0.001201,0.001004,-0.001705,-0.002787,0.000481,0.002097,0.001430,-0.000058,0.000703,-0.005049,-0.000050
0.000671,0.002129,-0.002481,-0.000685,0.000105,0.008264,-0.001154,0.001733,-0.000277,-0.001004,0.001629,-0.000001,0.003455,-0.000312,0.000032,-0.005115,-0.000606
0.000989,0.005651,-0.005077,-0.000784,0.000219,0.009090,-0.000995,0.000460,0.000224,-0.000017,0.001639,-0.003063,0.002485,-0.000281,-0.000208,-0.003133,-0.002386
0.000411,0.007047,-0.006786,-0.000110,0.000080,0.009032,-0.001009,-0.000078,0.001097,0.000046,0.000511,-0.008735,0.001152,-0.000208,-0.000911,-0.000375,-0.003582
-0.000247,0.006291,-0.006630,0.000505,-0.000025,0.007193,-0.001296,-0.000984,0.000980,0.000156,-0.000161,-0.012683,0.000274,-0.000244,-0.000675,0.000343,-0.003935
-0.001676,0.004375,-0.004674,0.002103,-0.000320,0.005072,-0.001436,-0.002072,0.000592,-0.000000,-0.001803,-0.012487,0.000176,-0.000410,0.000115,0.001785,-0.003599
-0.002673,0.000900,-0.002644,0.003976,-0.000373,0.001634,-0.001100,-0.002890,0.000309,-0.000041,-0.003911,-0.006869,0.000670,-0.000511,0.002026,0.001048,-0.003149
-0.003705,-0.000478,-0.000903,0.004488,-0.000103,-0.000212,-0.000615,-0.003012,0.000198,-0.000000,-0.004771,-0.000847,0.001620,-0.000559,0.003896,0.000002,-0.002350
-0.004944,-0.004037,-0.000007,0.004149,-0.000034,-0.003384,0.000033,-0.001458,0.000195,0.000279,-0.004216,0.001109,0.002477,-0.000484,0.004706,-0.002001,-0.001207
-0.005651,-0.006425,0.001182,0.003389,0.000035,-0.007905,0.001588,0.000007,0.000180,0.001464,-0.002971,0.006314,0.002591,-0.000105,0.004348,-0.004169,-0.000105
-0.004824,-0.006738,0.002706,0.002472,0.000564,-0.011061,0.003241,0.001653,0.000453,0.002736,-0.001492,0.011483,0.001388,0.000207,0.002155,-0.002629,0.000341
-0.002248,-0.004806,0.002273,0.001291,0.001089,-0.011633,0.004287,0.003134,0.000598,0.003426,-0.001104,0.014048,0.000007,0.001159,0.000100,-0.000203,0.001185
-0.000013,-0.002192,0.001915,0.001105,0.000265,-0.009669,0.004082,0.003055,0.000556,0.001974,-0.001157,0.010781,-0.001229,0.002121,-0.001833,0.001476,0.001983
0.001198,-0.000002,0.001830,0.001804,-0.000294,-0.008526,0.002610,0.001720,0.000248,0.001247,-0.001683,0.003463,-0.003776,0.002574,-0.006837,0.006411,0.002455
0.003578,0.003053,0.002843,0.002600,-0.002325,-0.005038,0.000485,0.000525,0.000045,0.000236,-0.001907,-0.000134,-0.004740,0.002829,-0.010040,0.011590,0.002783
0.004658,0.006252,0.004333,0.002478,-0.004108,-0.001214,-0.000033,0.000003,-0.000005,-0.000080,-0.002424,-0.004150,-0.003340,0.002886,-0.009763,0.012899,0.002674
0.004645,0.005910,0.005106,0.000845,-0.004496,0.000569,-0.001037,-0.000546,-0.000028,-0.000154,-0.002824,-0.007225,-0.000929,0.002796,-0.006868,0.010596,0.002027
0.002844,0.002254,0.004949,-0.000503,-0.003995,0.003183,-0.001754,-0.001444,0.000050,0.000022,-0.002388,-0.006516,0.000062,0.002646,-0.002471,0.003992,0.000899
0.001076,0.000496,0.003721,-0.003857,-0.002235,0.005072,-0.001487,-0.001213,0.000177,0.001295,-0.000351,-0.003317,0.002081,0.002415,-0.000001,0.000056,0.000053
0.000080,-0.000075,0.002598,-0.008303,-0.000253,0.006281,-0.001057,-0.000300,0.000373,0.003515,0.001080,-0.000316,0.004273,0.002241,0.002196,-0.002816,-0.000318
-0.000211,-0.001807,0.001483,-0.013286,0.000878,0.006690,-0.000926,-0.000001,0.000144,0.005015,0.003257,0.001558,0.004399,0.001702,0.005462,-0.008822,-0.001464
-0.000276,-0.005482,0.000533,-0.015932,0.003488,0.006359,-0.001117,0.000081,0.000006,0.003687,0.004446,0.006871,0.002876,0.000539,0.005178,-0.013032,-0.002456
-0.000822,-0.008341,-0.000349,-0.015446,0.004569,0.003431,-0.001789,0.000007,-0.000037,0.001276,0.004161,0.008967,0.001342,-0.000111,0.002480,-0.013600,-0.002952
-0.000653,-0.008346,-0.001582,-0.011658,0.003388,0.000734,-0.003194,0.000016,-0.000022,-0.000024,0.003396,0.007880,0.000808,-0.001362,0.000154,-0.009774,-0.002713
-0.000718,-0.006207,-0.002570,-0.004319,0.001378,-0.000817,-0.003550,0.000275,0.000017,-0.002808,0.002438,0.004943,0.000760,-0.003098,-0.000339,-0.004151,-0.002152
-0.000066,-0.003228,-0.003731,0.000168,0.000071,-0.003187,-0.002151,0.001087,0.000107,-0.007078,0.001777,0.001857,0.000843,-0.004326,-0.001053,0.000008,-0.001621
0.000062,-0.001057,-0.004634,0.005096,-0.000613,-0.007105,-0.000225,0.002205,0.000446,-0.010994,0.001448,-0.000006,0.000454,-0.004564,-0.000570,0.004130,-0.001269
0.000503,0.000518,-0.005367,0.010126,-0.002069,-0.009311,0.000484,0.003181,0.000723,-0.012719,0.001954,-0.001710,0.000076,-0.003970,0.000003,0.011776,-0.001069
0.001257,0.005604,-0.004577,0.011840,-0.002646,-0.009408,0.003087,0.004307,0.000500,-0.011165,0.004281,-0.004413,0.000023,-0.002735,0.000857,0.016348,-0.000867
0.002218,0.012078,-0.002114,0.009318,-0.001700,-0.007089,0.005529,0.003416,0.000009,-0.005631,0.005558,-0.007081,0.000012,-0.001283,0.001406,0.016059,-0.000649
0.002350,0.016517,-0.000004,0.004658,-0.000286,-0.003763,0.006169,0.000530,-0.000422,-0.000522,0.005606,-0.007975,-0.000001,-0.000118,0.000484,0.011087,-0.000398
0.001180,0.018581,0.001206,0.001060,0.000246,-0.000891,0.004709,-0.000665,-0.001811,0.001340,0.004341,-0.008533,-0.000002,0.000386,-0.000093,0.003993,-0.000371
0.000593,0.018943,0.003833,-0.000017,0.001442,0.000360,0.002440,-0.004137,-0.003693,0.006140,0.002717,-0.007652,0.000597,0.001270,-0.002653,-0.000005,-0.000533
0.000461,0.016826,0.005720,-0.000115,0.002159,0.002677,0.000526,-0.008394,-0.005550,0.008881,0.000406,-0.006932,0.003063,0.001363,-0.006026,-0.005372,-0.000867
0.000966,0.010816,0.005994,0.000652,0.002177,0.002905,-0.000101,-0.010858,-0.006820,0.008573,-0.000688,-0.005597,0.005988,0.001353,-0.008070,-0.011597,-0.001322
0.001963,0.001177,0.004259,0.001565,0.001993,0.000195,-0.001606,-0.010406,-0.006801,0.005364,-0.003440,-0.003440,0.006470,0.001381,-0.008737,-0.012001,-0.000907
0.003720,-0.002127,0.001667,0.000278,0.001754,0.000058,-0.003595,-0.006641,-0.005040,0.001270,-0.005812,0.000001,0.003880,0.001236,-0.009394,-0.007437,0.001379
0.006470,-0.008161,0.000182,-0.000781,0.001076,0.000565,-0.005020,-0.000603,-0.003140,-0.000534,-0.007265,0.003462,0.001203,-0.000401,-0.010398,-0.002645,0.009430
0.009541,-0.011257,-0.000215,-0.005169,-0.000352,0.002389,-0.006690,0.001790,-0.001007,-0.004192,-0.008439,0.008063,-0.000279,-0.004111,-0.011672,0.000001,0.022863
0.011242,-0.010703,-0.000967,-0.012551,-0.002682,0.004713,-0.009012,0.006111,-0.000000,-0.007564,-0.007280,0.012007,-0.003841,-0.009775,-0.012313,0.003481,0.038229
0.011654,-0.006381,-0.001538,-0.018768,-0.005982,0.007342,-0.011585,0.007648,0.000858,-0.009518,-0.002653,0.014545,-0.008961,-0.015555,-0.010871,0.009903,0.050245
0.009109,-0.001312,-0.000576,-0.019987,-0.009625,0.011218,-0.012555,0.004845,0.000444,-0.011089,0.000248,0.015136,-0.012000,-0.019781,-0.007350,0.014222,0.053292
0.005193,0.000733,0.000173,-0.013712,-0.012939,0.014650,-0.010988,0.000647,-0.000170,-0.012752,0.004537,0.011257,-0.012190,-0.019686,-0.002517,0.014325,0.041898
0.000465,0.006981,0.001673,-0.003326,-0.014797,0.013303,-0.007481,-0.001495,-0.002479,-0.014116,0.009459,0.003997,-0.009600,-0.011897,0.000156,0.011802,0.014129
-0.002231,0.005848,0.001499,0.000335,-0.012932,0.005589,-0.002696,-0.008714,-0.006015,-0.014778,0.012129,-0.000006,-0.005181,-0.000926,0.006329,0.007675,-0.001341
-0.010597,0.000134,0.000261,0.006638,-0.007936,0.000396,0.000003,-0.016932,-0.008347,-0.013857,0.010851,-0.002684,-0.000967,0.005936,0.013226,0.003475,-0.030068
-0.017890,-0.001585,-0.000036,0.013023,-0.001601,-0.001923,0.002993,-0.020284,-0.009712,-0.010412,0.005455,-0.005199,0.001119,0.022549,0.015619,0.000000,-0.062144
-0.022221,-0.004837,-0.001320,0.016155,0.000067,-0.008287,0.005819,-0.017993,-0.008189,-0.004208,0.000182,-0.006355,0.005018,0.034666,0.013282,-0.003941,-0.081871
-0.023387,-0.007426,-0.004369,0.014763,0.002525,-0.016652,0.005501,-0.013663,-0.004114,-0.000195,-0.003118,-0.007619,0.007494,0.038647,0.008141,-0.010528,-0.086571
-0.020825,-0.008954,-0.007017,0.011560,0.005032,-0.024424,0.003362,-0.007043,-0.000075,0.002196,-0.009380,-0.007335,0.008103,0.034391,0.003264,-0.014414,-0.076930
-0.016902,-0.009037,-0.008937,0.009525,0.005605,-0.027490,0.001008,-0.001029,0.002679,0.008586,-0.011112,-0.007008,0.007633,0.023108,0.000268,-0.013590,-0.055209
-0.010924,-0.006525,-0.008737,0.008788,0.004356,-0.025043,0.000005,0.001892,0.009052,0.013025,-0.009332,-0.007431,0.005827,0.008617,-0.001094,-0.010624,-0.027465
-0.005338,-0.002897,-0.008037,0.007979,0.003057,-0.017772,-0.001147,0.009393,0.013688,0.015194,-0.006303,-0.009206,0.004312,0.000067,-0.002888,-0.007414,-0.004581
-0.000714,-0.000202,-0.006828,0.005284,0.002869,-0.008495,-0.002720,0.016463,0.015067,0.015321,-0.003119,-0.010079,0.002931,-0.006677,-0.000417,-0.005213,0.003002
0.000512,0.000114,-0.004326,0.002740,0.003342,-0.000328,-0.001862,0.020487,0.014121,0.013979,-0.000687,-0.007352,0.000396,-0.013153,0.000736,-0.002098,0.018270
0.002999,0.001262,-0.000735,0.001390,0.005587,0.004058,-0.000003,0.021772,0.010935,0.012351,0.000154,-0.002144,-0.000443,-0.013559,0.003544,-0.000187,0.032446
0.005379,0.003742,0.000202,0.002116,0.007052,0.013552,0.001116,0.021416,0.006822,0.010898,0.001186,0.000138,-0.002295,-0.011891,0.005416,0.000260,0.038219
0.008183,0.006479,0.001287,0.002242,0.007998,0.016993,0.003064,0.018404,0.002844,0.009188,0.001185,0.003475,-0.003642,-0.009316,0.005890,0.000086,0.036270
0.011311,0.007145,0.003561,0.001790,0.008450,0.015163,0.005377,0.014585,0.000288,0.009212,0.001130,0.008356,-0.001697,-0.006147,0.004983,-0.000695,0.028539
0.013848,0.005411,0.004777,0.003146,0.008417,0.010773,0.007049,0.009790,-0.000796,0.010172,0.000666,0.011395,0.000026,-0.003498,0.002994,-0.001148,0.018770
0.015804,0.002641,0.005628,0.006427,0.007106,0.005581,0.008042,0.004657,-0.002146,0.010673,0.000447,0.011143,0.002026,-0.002033,0.000492,-0.001198,0.009558
0.015727,0.000147,0.005162,0.007855,0.005140,0.001501,0.007448,0.000962,-0.002298,0.010150,0.000277,0.008569,0.006687,-0.001495,-0.000711,-0.001834,0.002515
0.009466,-0.001187,0.004250,0.001045,0.002229,0.000319,0.005584,-0.000901,-0.000909,0.003775,0.000339,0.003223,0.006389,-0.002066,-0.001484,-0.001284,0.000135
0.003717,-0.003674,0.003338,-0.000349,0.000361,0.000153,0.003592,-0.003342,-0.000063,0.000426,0.000302,0.000181,0.004454,-0.002490,-0.001055,-0.000437,-0.000289
0.000256,-0.005003,0.002877,-0.003473,-0.000053,0.000597,0.002002,-0.004875,0.000193,-0.000297,0.000205,-0.000712,0.001572,-0.002538,-0.000482,-0.000001,-0.000037
-0.001037,-0.004857,0.002103,-0.005634,-0.000835,0.002331,0.000728,-0.005296,0.000803,-0.002492,0.000157,-0.002655,0.000005,-0.002580,-0.000121,0.000662,0.000201
-0.003989,-0.003768,0.001097,-0.006993,-0.001770,0.002705,0.000020,-0.005053,0.001215,-0.005880,0.000285,-0.003621,-0.001724,-0.002778,0.000062,0.001842,0.001396
-0.005236,-0.002423,0.000532,-0.007546,-0.001836,0.002516,-0.000173,-0.003678,0.001245,-0.006364,0.000594,-0.003280,-0.004210,-0.002397,0.000534,0.001720,0.002108
-0.004099,-0.001189,0.000203,-0.005585,-0.001145,0.001825,-0.000269,-0.002043,0.000908,-0.004576,0.000423,-0.002109,-0.004060,-0.001530,0.000933,0.001515,0.001796
-0.001771,-0.000323,0.000077,-0.002324,-0.000433,0.000826,-0.000096,-0.000815,0.000382,-0.001893,0.000176,-0.000874,-0.002104,-0.000579,0.000584,0.000905,0.000810
