AU01,AU02,AU04,AU05,AU06,AU07,AU09,AU10,AU12,AU14,AU15,AU17,AU20,AU23,AU25,AU26,AU45
-0.078047,-0.011829,-0.048816,-0.058229,-0.056763,0.038578,-0.105347,-0.044779,0.045156,0.004642,0.012060,-0.046677,-0.149166,-0.147046,-0.067683,-0.045422,0.020610
-0.081855,-0.012528,-0.047848,-0.062224,-0.048991,0.044632,-0.104697,-0.038446,0.050635,0.007417,0.011666,-0.049414,-0.149181,-0.149224,-0.060172,-0.048143,0.022841
-0.084194,-0.012492,-0.045238,-0.065212,-0.040153,0.049512,-0.100886,-0.030276,0.056259,0.010308,0.011334,-0.051328,-0.144923,-0.149065,-0.049177,-0.050045,0.024356
-0.085166,-0.010976,-0.039270,-0.066992,-0.029877,0.053150,-0.093939,-0.021895,0.062303,0.013527,0.011091,-0.053102,-0.137281,-0.146743,-0.034132,-0.049444,0.024944
-0.084755,-0.010069,-0.032810,-0.067877,-0.019225,0.056443,-0.085730,-0.013023,0.068567,0.015930,0.010656,-0.053540,-0.127560,-0.141973,-0.019659,-0.047458,0.024711
-0.083623,-0.008969,-0.023866,-0.068481,-0.010279,0.058954,-0.075742,-0.006226,0.074189,0.017293,0.010035,-0.053639,-0.118697,-0.134229,-0.009246,-0.043173,0.023416
-0.080210,-0.007709,-0.015993,-0.068032,-0.003542,0.061548,-0.065635,-0.001376,0.079100,0.017335,0.010507,-0.052237,-0.108277,-0.124305,-0.002648,-0.038357,0.021711
-0.074915,-0.006459,-0.008887,-0.069732,-0.000299,0.063114,-0.053807,0.000017,0.083572,0.017163,0.011226,-0.049429,-0.097307,-0.113600,-0.000147,-0.032779,0.019865
-0.067695,-0.006449,-0.002534,-0.070822,0.000619,0.062685,-0.041752,0.001647,0.086907,0.016570,0.011684,-0.045510,-0.086560,-0.103346,0.000920,-0.025408,0.017061
-0.055814,-0.006155,-0.000044,-0.070629,0.003792,0.061104,-0.029869,0.005191,0.089058,0.015116,0.011018,-0.040912,-0.076642,-0.094780,0.005004,-0.016034,0.014259
-0.043811,-0.005592,0.000927,-0.069160,0.009803,0.058120,-0.019896,0.010507,0.090192,0.013098,0.008489,-0.035721,-0.067326,-0.086597,0.012340,-0.008445,0.011269
-0.033818,-0.005480,0.003606,-0.067569,0.018905,0.054113,-0.010783,0.018004,0.089970,0.010790,0.006067,-0.028635,-0.056391,-0.076640,0.022767,-0.005699,0.008347
-0.024916,-0.005941,0.008490,-0.064804,0.031566,0.049041,-0.003471,0.027939,0.088246,0.007330,0.004231,-0.021506,-0.045279,-0.065376,0.035907,-0.003132,0.004436
-0.016576,-0.006046,0.016799,-0.057596,0.048902,0.043289,0.000019,0.039952,0.083501,0.004563,0.002921,-0.012805,-0.034079,-0.053307,0.052140,-0.001273,0.001560
-0.008886,-0.006645,0.029185,-0.048655,0.070914,0.036011,0.014998,0.054659,0.077193,0.002468,0.002095,-0.006204,-0.025494,-0.045356,0.071527,-0.000486,0.000047
-0.004291,-0.014515,0.036076,-0.039761,0.068871,0.025174,0.021364,0.048258,0.069877,0.001102,0.001238,-0.001239,-0.025570,-0.042311,0.079410,-0.000254,-0.001215
-0.001029,-0.025667,0.037647,-0.029241,0.065605,0.016339,0.022212,0.042952,0.066597,0.000251,0.000981,-0.000311,-0.034124,-0.045886,0.076227,-0.000779,-0.006211
-0.000998,-0.032083,0.037565,-0.022318,0.063388,0.012039,0.022641,0.038981,0.061756,-0.000014,0.000702,-0.000170,-0.043129,-0.048765,0.071323,-0.002323,-0.012268
-0.001375,-0.040885,0.034046,-0.014643,0.060118,0.008217,0.022455,0.035205,0.056228,-0.000639,0.000573,-0.000012,-0.051046,-0.050226,0.065483,-0.004156,-0.016238
-0.002423,-0.050493,0.029424,-0.007489,0.055919,0.004671,0.021426,0.031587,0.050023,-0.001803,0.000477,-0.000000,-0.058361,-0.048961,0.059042,-0.005451,-0.019501
-0.002663,-0.057332,0.025151,-0.002471,0.050802,0.001947,0.020084,0.030426,0.043446,-0.003344,0.000178,0.000130,-0.063894,-0.045899,0.052341,-0.005529,-0.022315
-0.002429,-0.061090,0.020050,-0.000129,0.045168,0.000264,0.018060,0.028076,0.036954,-0.004530,-0.000033,0.000529,-0.065732,-0.042363,0.045811,-0.006252,-0.024635
-0.001515,-0.062788,0.015805,0.000512,0.039878,-0.000791,0.016591,0.025578,0.030179,-0.003983,-0.000213,0.001020,-0.065886,-0.038530,0.038727,-0.005314,-0.026690
-0.000235,-0.061606,0.012439,0.003047,0.034473,-0.006216,0.015084,0.022458,0.023209,-0.002344,-0.000426,0.001196,-0.065128,-0.035003,0.031824,-0.004421,-0.028417
0.000185,-0.059011,0.010997,0.008993,0.029505,-0.011758,0.013673,0.020270,0.016021,-0.000993,-0.000684,0.001839,-0.063182,-0.032168,0.024382,-0.004126,-0.029262
0.001556,-0.055699,0.009221,0.015407,0.024326,-0.015876,0.011808,0.017745,0.009881,-0.000266,-0.001323,0.002916,-0.060261,-0.028863,0.017839,-0.004779,-0.028467
0.002653,-0.052280,0.006883,0.022365,0.019551,-0.019323,0.010371,0.014773,0.004508,0.000000,-0.002330,0.003176,-0.056582,-0.025903,0.012176,-0.005519,-0.026952
0.003357,-0.049501,0.004676,0.025819,0.015528,-0.017598,0.007941,0.012121,0.001089,0.000252,-0.003822,0.003013,-0.052854,-0.023208,0.007764,-0.007913,-0.024577
0.003829,-0.046060,0.002605,0.028612,0.011960,-0.014011,0.005935,0.010492,-0.000020,0.001604,-0.004868,0.002247,-0.046584,-0.019971,0.003457,-0.011186,-0.021841
0.004249,-0.041224,0.001087,0.030874,0.008886,-0.010332,0.004588,0.009701,-0.001787,0.004089,-0.005768,0.001030,-0.037969,-0.016491,0.000451,-0.015200,-0.019694
0.004470,-0.035979,0.000697,0.032651,0.006843,-0.006837,0.004645,0.009085,-0.004985,0.008444,-0.006201,0.000136,-0.028261,-0.012977,0.000001,-0.017665,-0.017072
0.002336,-0.031337,0.000372,0.026883,0.006647,-0.002351,0.004923,0.010017,-0.007143,0.013800,-0.006291,-0.000001,-0.018910,-0.009411,-0.000062,-0.019980,-0.007575
0.000731,-0.026206,0.000553,0.011972,0.008676,-0.000041,0.005604,0.014922,-0.006324,0.020705,-0.006005,-0.000344,-0.013710,-0.007450,-0.000001,-0.022347,0.000004
0.000654,-0.017697,0.000003,0.004110,0.012096,0.001204,0.003919,0.022568,-0.001171,0.026577,-0.004096,-0.001402,-0.009159,-0.008154,0.000100,-0.025009,0.006784
0.000673,-0.009965,-0.000181,0.000228,0.014616,0.001676,0.002201,0.030755,0.000018,0.032192,-0.001972,-0.002731,-0.005338,-0.008919,0.000141,-0.026938,0.020539
0.000839,-0.004606,-0.000031,-0.001032,0.016839,0.001938,0.001073,0.036872,0.001310,0.037179,-0.000209,-0.004202,-0.002591,-0.010437,0.000501,-0.026999,0.036879
0.002134,-0.000896,0.000023,-0.005550,0.016900,0.003295,0.000573,0.040682,0.004163,0.040409,0.000081,-0.005008,-0.001056,-0.014376,0.000765,-0.024804,0.054724
0.003160,0.000071,0.000028,-0.010672,0.016570,0.004824,0.000051,0.043078,0.008412,0.042084,0.000354,-0.006519,-0.000607,-0.020669,0.001110,-0.022013,0.072901
0.003375,0.001923,-0.000033,-0.018495,0.016325,0.007622,-0.000144,0.044927,0.013562,0.042421,0.000872,-0.006542,-0.000273,-0.026600,0.001371,-0.022271,0.089756
0.003012,0.004626,-0.000126,-0.030566,0.015766,0.011602,-0.001176,0.046469,0.019160,0.041098,0.001656,-0.006523,-0.000276,-0.032179,0.000888,-0.021902,0.103742
0.002595,0.009029,-0.000139,-0.040554,0.016020,0.017543,-0.001015,0.046073,0.022980,0.038776,0.002984,-0.005096,-0.000337,-0.036467,0.000497,-0.021821,0.116348
0.002215,0.012672,-0.000123,-0.049540,0.016002,0.023216,-0.000566,0.045193,0.026151,0.036435,0.004167,-0.003690,-0.000250,-0.039569,0.000237,-0.022100,0.124628
0.001688,0.015748,0.000193,-0.056995,0.018631,0.027321,0.000013,0.043304,0.027183,0.034551,0.005662,-0.002351,-0.000099,-0.040188,0.000049,-0.023780,0.125672
0.001191,0.013921,0.002113,-0.061493,0.021502,0.031606,0.001069,0.042347,0.027250,0.033392,0.006579,-0.001362,-0.000015,-0.037954,-0.000346,-0.023756,0.116633
0.000150,0.008893,0.005157,-0.066560,0.024276,0.035779,0.003781,0.040639,0.026339,0.032838,0.007404,-0.002316,0.000006,-0.033556,-0.001884,-0.022931,0.103847
-0.000403,0.001155,0.007480,-0.069795,0.026392,0.040016,0.006857,0.038476,0.024267,0.032209,0.006649,-0.002047,0.000013,-0.029000,-0.004465,-0.020802,0.088895
-0.003231,-0.000999,0.008922,-0.070917,0.027079,0.043551,0.008562,0.036179,0.021739,0.031015,0.005675,-0.002426,0.000009,-0.022972,-0.006598,-0.018245,0.072363
-0.007270,-0.005431,0.010494,-0.069044,0.026515,0.046644,0.009671,0.033140,0.018355,0.027492,0.003927,-0.001445,0.000077,-0.016500,-0.007444,-0.014268,0.055762
-0.010958,-0.009268,0.012053,-0.061894,0.025815,0.047377,0.010378,0.029397,0.013983,0.023396,0.001214,-0.000620,0.000486,-0.010268,-0.005953,-0.010634,0.039750
-0.010812,-0.013629,0.013964,-0.052268,0.024196,0.042684,0.011746,0.024453,0.009906,0.019325,0.000144,-0.000277,0.000779,-0.005135,-0.003727,-0.005054,0.025223
-0.008292,-0.017506,0.016143,-0.040863,0.022111,0.037421,0.012796,0.018591,0.006216,0.014890,-0.000112,-0.000324,0.001060,-0.001786,-0.002236,-0.001348,0.013078
-0.005254,-0.020883,0.019173,-0.026894,0.018040,0.035294,0.014078,0.011743,0.002560,0.010594,-0.000922,-0.000329,0.001222,-0.000130,-0.001160,-0.000000,0.004377
-0.002262,-0.023635,0.021306,-0.014791,0.013732,0.033075,0.014339,0.005872,0.000442,0.006766,-0.002759,-0.000258,0.001359,0.000447,-0.000420,0.000859,0.000169
-0.000556,-0.025342,0.022540,-0.003984,0.009588,0.029065,0.015067,0.001858,-0.000105,0.003848,-0.005944,-0.000122,0.001231,0.002935,-0.000049,0.003473,-0.001845
0.000003,-0.024556,0.023829,-0.000011,0.005911,0.024406,0.013816,0.000114,-0.001711,0.002052,-0.009614,-0.000058,0.001020,0.007216,0.000056,0.006109,-0.010168
0.001218,-0.023528,0.024802,0.003210,0.002557,0.015972,0.012698,-0.000500,-0.005613,0.000676,-0.012969,-0.000544,0.001497,0.013785,0.000172,0.008859,-0.025649
0.004186,-0.022664,0.025442,0.012826,0.000489,0.008405,0.011491,-0.003580,-0.011628,-0.000023,-0.016096,-0.001886,0.002371,0.022251,0.000064,0.011495,-0.049827
0.008149,-0.022781,0.025000,0.029143,-0.000073,0.003589,0.010874,-0.010009,-0.019807,-0.001525,-0.018941,-0.003620,0.004665,0.032384,0.000005,0.014550,-0.082123
0.008668,-0.021576,0.024588,0.042702,-0.001539,0.001312,0.010580,-0.020166,-0.029769,-0.004092,-0.020566,-0.004731,0.008541,0.042969,-0.000175,0.015259,-0.111924
0.009615,-0.020334,0.023980,0.045214,-0.002841,0.000544,0.010172,-0.022622,-0.037083,-0.003940,-0.021543,-0.003906,0.009341,0.049397,-0.000132,0.013442,-0.125573
0.013569,-0.015877,0.021024,0.046822,-0.004388,0.000147,0.008167,-0.024810,-0.037430,-0.004258,-0.022041,-0.003647,0.008025,0.047066,-0.000067,0.011926,-0.124470
0.017510,-0.011673,0.017685,0.048333,-0.007459,-0.000645,0.005456,-0.027012,-0.036208,-0.004648,-0.022513,-0.004732,0.006491,0.043942,-0.000000,0.010125,-0.120093
0.020763,-0.008849,0.014981,0.049411,-0.011263,-0.004293,0.002532,-0.028860,-0.034103,-0.005464,-0.021137,-0.005926,0.005133,0.040765,-0.000002,0.009186,-0.113870
0.023506,-0.005599,0.012490,0.050668,-0.014534,-0.009594,0.000532,-0.028409,-0.030878,-0.006797,-0.018769,-0.006060,0.003781,0.036890,-0.000003,0.007408,-0.105823
0.023939,-0.002338,0.010038,0.055689,-0.017605,-0.017900,-0.000017,-0.026423,-0.027205,-0.008548,-0.015668,-0.006919,0.002187,0.032502,-0.000001,0.005556,-0.096218
0.024301,-0.000381,0.007707,0.058583,-0.019321,-0.025357,-0.000707,-0.023916,-0.023279,-0.010918,-0.012207,-0.007662,0.000856,0.028290,0.000006,0.003379,-0.086133
0.024587,-0.000080,0.004988,0.057532,-0.020346,-0.030195,-0.002914,-0.020776,-0.019024,-0.012090,-0.008924,-0.007129,0.000092,0.024332,0.000203,0.001501,-0.075170
0.024603,0.000021,0.001656,0.055051,-0.019570,-0.032170,-0.005478,-0.017940,-0.014774,-0.012997,-0.005079,-0.005587,-0.000178,0.020303,0.000628,0.000276,-0.064040
0.024596,0.000354,0.000009,0.053738,-0.018375,-0.033215,-0.009123,-0.014437,-0.010619,-0.013153,-0.003368,-0.003484,-0.001055,0.016499,0.001120,-0.000001,-0.053861
0.024992,0.002033,-0.000941,0.051045,-0.016746,-0.030745,-0.009525,-0.011191,-0.007910,-0.013776,-0.001566,-0.001724,-0.001996,0.013253,0.001722,-0.001159,-0.045750
0.024988,0.005372,-0.002174,0.047959,-0.014671,-0.026935,-0.009421,-0.008421,-0.005374,-0.012926,-0.000295,-0.000609,-0.003549,0.010565,0.001157,-0.002320,-0.039504
0.022958,0.006350,-0.002538,0.041963,-0.012449,-0.022856,-0.008157,-0.005664,-0.003027,-0.010714,0.000081,-0.000147,-0.005554,0.008347,0.000629,-0.003220,-0.035151
0.018712,0.003539,-0.002500,0.036080,-0.010196,-0.017954,-0.006391,-0.002867,-0.001402,-0.007139,0.000699,-0.000004,-0.006567,0.006135,0.000077,-0.002746,-0.031511
0.013855,0.001071,-0.002235,0.028829,-0.008456,-0.014084,-0.005077,-0.000678,-0.000304,-0.003955,0.001967,0.000138,-0.007620,0.004417,-0.000100,-0.001683,-0.028858
0.008946,0.000057,-0.001925,0.022111,-0.007658,-0.010125,-0.004812,-0.000020,0.000032,-0.002722,0.004087,0.000171,-0.008107,0.003240,-0.000438,-0.000904,-0.026614
0.004668,-0.000253,-0.001375,0.016923,-0.006971,-0.007866,-0.004731,0.000423,0.000403,-0.002114,0.004987,0.000220,-0.008394,0.002361,-0.000368,-0.000375,-0.024629
0.002118,-0.001536,-0.000848,0.012731,-0.006817,-0.007066,-0.005077,0.001497,0.001076,-0.002383,0.004598,0.000174,-0.008367,0.001529,-0.000087,0.000075,-0.022978
0.000436,-0.002738,-0.000475,0.010440,-0.006614,-0.006816,-0.005425,0.002736,0.002113,-0.003127,0.003026,0.000129,-0.008026,0.000763,-0.000027,0.001346,-0.020995
-0.000051,-0.004424,-0.000449,0.007678,-0.006834,-0.005344,-0.005703,0.003008,0.002365,-0.002999,0.001668,-0.000012,-0.007819,0.000387,0.000030,0.003959,-0.019515
-0.001213,-0.006273,-0.000690,0.005936,-0.006842,-0.003683,-0.005822,0.003049,0.002650,-0.002705,0.000478,-0.000250,-0.006914,0.000219,0.000309,0.006899,-0.018506
-0.003672,-0.007840,-0.000999,0.006804,-0.006606,-0.002204,-0.005888,0.002799,0.002772,-0.002087,-0.000000,-0.000198,-0.006342,0.000239,0.000832,0.008489,-0.017833
-0.005988,-0.007245,-0.001440,0.008561,-0.006229,-0.000987,-0.006451,0.002878,0.002804,-0.000967,-0.000316,-0.000172,-0.005869,0.000377,0.001553,0.009970,-0.017040
-0.005057,-0.006525,-0.002106,0.009779,-0.006228,-0.001376,-0.006898,0.002917,0.002278,-0.000193,-0.001407,-0.000613,-0.005616,0.000804,0.002358,0.011641,-0.016046
-0.003998,-0.004382,-0.002713,0.009414,-0.006365,-0.002603,-0.006859,0.001932,0.001714,-0.000059,-0.002736,-0.001461,-0.005094,0.001385,0.003173,0.012284,-0.015065
-0.003029,-0.002149,-0.004612,0.009293,-0.006365,-0.004376,-0.006485,0.001548,0.000999,-0.000002,-0.004562,-0.002615,-0.004371,0.001503,0.003332,0.012467,-0.013959
-0.002519,-0.000628,-0.006689,0.010057,-0.006708,-0.006668,-0.006055,0.000723,0.000427,0.000128,-0.005688,-0.004168,-0.003269,0.000834,0.004142,0.011093,-0.013639
-0.001360,0.000026,-0.008097,0.011061,-0.006953,-0.009432,-0.005076,0.000009,0.000010,0.001840,-0.005647,-0.003929,-0.002153,0.000415,0.004910,0.010019,-0.013460
-0.000539,0.001036,-0.008068,0.010437,-0.007317,-0.012445,-0.004308,-0.000314,-0.000061,0.003653,-0.005268,-0.003784,-0.001726,0.000084,0.005838,0.009890,-0.013048
-0.000129,0.003125,-0.007550,0.010474,-0.007763,-0.014651,-0.002858,-0.001687,-0.000588,0.005412,-0.005406,-0.003457,-0.001367,-0.000018,0.006933,0.009424,-0.012393
-0.000087,0.004268,-0.007003,0.009046,-0.008316,-0.016395,-0.002270,-0.003818,-0.001289,0.006461,-0.005339,-0.003040,-0.000989,-0.000093,0.006647,0.009798,-0.011721
-0.000055,0.004488,-0.005574,0.010296,-0.008750,-0.014875,-0.002041,-0.005667,-0.001786,0.007261,-0.004955,-0.002703,-0.000681,-0.000140,0.006466,0.009221,-0.011033
-0.000020,0.005003,-0.003539,0.011492,-0.009004,-0.014565,-0.001946,-0.005982,-0.002109,0.006132,-0.004138,-0.002526,-0.000796,-0.000194,0.006182,0.009328,-0.010226
0.000000,0.005668,-0.001658,0.011085,-0.008854,-0.013038,-0.000885,-0.006070,-0.002023,0.004766,-0.002919,-0.002307,-0.000471,-0.000268,0.005864,0.009848,-0.009742
0.000067,0.004640,-0.000600,0.010424,-0.008751,-0.010631,-0.000209,-0.006143,-0.001424,0.004466,-0.001609,-0.001491,-0.000313,-0.000435,0.007172,0.010142,-0.008944
0.000256,0.004277,-0.000524,0.009078,-0.008403,-0.009023,-0.000003,-0.006245,-0.001159,0.004560,-0.000287,-0.000686,-0.000151,-0.000642,0.007986,0.010521,-0.008440
0.000733,0.004089,-0.000562,0.010372,-0.008013,-0.007819,0.000080,-0.006513,-0.001091,0.004558,-0.000016,-0.000162,-0.000033,-0.001052,0.007791,0.010089,-0.007873
0.001183,0.004204,-0.001900,0.009737,-0.007741,-0.006990,0.000223,-0.007000,-0.001863,0.003441,0.000194,0.000008,-0.000004,-0.001844,0.007955,0.007344,-0.007363
0.001737,0.004696,-0.003437,0.011631,-0.007560,-0.005945,0.000316,-0.008301,-0.002861,0.001599,0.001028,0.000372,-0.000156,-0.002833,0.008002,0.005122,-0.007094
0.002487,0.005316,-0.005648,0.012598,-0.007447,-0.005778,0.000369,-0.009719,-0.004212,0.000404,0.003252,0.001424,-0.000823,-0.004443,0.007916,0.003048,-0.007414
0.002127,0.003970,-0.006997,0.014523,-0.007779,-0.006060,0.000693,-0.010630,-0.006397,0.000064,0.006144,0.003162,-0.001228,-0.006451,0.006751,0.001897,-0.007636
0.000437,0.001804,-0.007552,0.014682,-0.008325,-0.007409,0.001977,-0.011815,-0.008828,-0.000004,0.009606,0.005582,-0.001914,-0.008855,0.005422,0.001746,-0.008182
-0.000004,0.000475,-0.008889,0.014268,-0.009925,-0.007784,0.003018,-0.013186,-0.011970,-0.000291,0.014413,0.005899,-0.003713,-0.011439,0.002683,0.001710,-0.008456
-0.000605,0.000000,-0.010642,0.013804,-0.012266,-0.007132,0.004142,-0.014398,-0.015716,-0.002156,0.020346,0.006157,-0.006063,-0.014287,0.000868,0.002673,-0.008513
-0.001936,-0.000116,-0.013214,0.013481,-0.015358,-0.006310,0.003187,-0.016624,-0.020277,-0.005616,0.025471,0.005304,-0.006051,-0.016979,-0.000487,0.004890,-0.008332
-0.004514,-0.000122,-0.016432,0.015695,-0.019162,-0.006514,0.001781,-0.018810,-0.025383,-0.009409,0.029245,0.004533,-0.002755,-0.014476,-0.003193,0.007449,-0.006710
-0.007049,-0.000003,-0.019419,0.017263,-0.023210,-0.007405,0.000139,-0.021331,-0.030896,-0.012343,0.032374,0.004004,-0.000718,-0.008939,-0.006790,0.010671,-0.003838
-0.009949,0.000661,-0.023042,0.020195,-0.027561,-0.008814,-0.000108,-0.024265,-0.037105,-0.016063,0.034374,0.003455,-0.000034,-0.004261,-0.011104,0.015234,-0.001248
-0.013304,0.002060,-0.026643,0.025156,-0.032068,-0.011812,-0.001257,-0.027536,-0.043392,-0.019775,0.035786,0.004396,0.000327,-0.001411,-0.015463,0.020425,-0.000174
-0.014977,0.004401,-0.030989,0.030019,-0.036534,-0.014697,-0.003325,-0.031804,-0.049378,-0.023721,0.036606,0.005239,0.001714,-0.000150,-0.020519,0.025594,0.000114
-0.015194,0.006905,-0.035453,0.031732,-0.040762,-0.017514,-0.005862,-0.036616,-0.055531,-0.027744,0.038217,0.005563,0.003924,0.000052,-0.025865,0.031371,0.000741
-0.016929,0.010511,-0.038771,0.032741,-0.045179,-0.020958,-0.008405,-0.041689,-0.061117,-0.032339,0.039429,0.004780,0.007271,0.000616,-0.031789,0.035613,0.002248
-0.018089,0.014723,-0.041521,0.032441,-0.049274,-0.024740,-0.011408,-0.045762,-0.065970,-0.037028,0.039585,0.003555,0.009801,0.001277,-0.040211,0.038441,0.004221
-0.020402,0.017129,-0.044748,0.028285,-0.052255,-0.028182,-0.014700,-0.049860,-0.069318,-0.042780,0.039116,0.002342,0.012063,0.002096,-0.047358,0.040369,0.006810
-0.022511,0.020441,-0.047341,0.022754,-0.054429,-0.028832,-0.018481,-0.054685,-0.071785,-0.045214,0.039169,0.001315,0.014200,0.002362,-0.054005,0.039103,0.009634
-0.024317,0.023354,-0.050701,0.016223,-0.056015,-0.026832,-0.022575,-0.058416,-0.072196,-0.048245,0.040408,0.000754,0.016980,0.002655,-0.060658,0.035972,0.012546
-0.026172,0.025049,-0.052909,0.010957,-0.057387,-0.024578,-0.026496,-0.061301,-0.072121,-0.051653,0.042395,0.001169,0.019737,0.003370,-0.066186,0.032292,0.015969
-0.028273,0.025979,-0.054038,0.004360,-0.058042,-0.021893,-0.030427,-0.062906,-0.071083,-0.054438,0.044053,0.001662,0.022392,0.004272,-0.070576,0.028058,0.019732
-0.016797,0.033149,-0.053919,0.001085,-0.062000,-0.013298,-0.032271,-0.070406,-0.069220,-0.055716,0.044752,0.003131,0.023868,0.001787,-0.077880,0.028947,0.029668
-0.008731,0.039073,-0.052525,0.000017,-0.065053,-0.006561,-0.033739,-0.076487,-0.066055,-0.058027,0.044660,0.004923,0.024357,0.000521,-0.083977,0.029899,0.050378
-0.003541,0.044468,-0.050205,-0.000565,-0.067058,-0.002044,-0.034328,-0.081384,-0.061484,-0.059396,0.044210,0.007005,0.025592,0.000036,-0.088846,0.031139,0.072129
-0.000751,0.049834,-0.047182,-0.002564,-0.068507,-0.000112,-0.034354,-0.084998,-0.055707,-0.059341,0.043367,0.009133,0.025748,-0.000119,-0.092493,0.031751,0.094029
0.000011,0.055479,-0.043627,-0.005960,-0.068842,0.000423,-0.033818,-0.087377,-0.049410,-0.058299,0.042232,0.010837,0.025521,-0.000688,-0.095171,0.031400,0.114730
0.001064,0.060241,-0.039649,-0.008787,-0.068121,0.002377,-0.033023,-0.088712,-0.042686,-0.056353,0.039983,0.012062,0.024914,-0.001713,-0.096703,0.029849,0.133768
0.003268,0.062867,-0.036406,-0.013688,-0.066263,0.005289,-0.032326,-0.089051,-0.036143,-0.054111,0.037238,0.012987,0.023458,-0.003112,-0.096315,0.026986,0.150807
0.006317,0.063934,-0.033212,-0.017276,-0.063329,0.009195,-0.031127,-0.088029,-0.029483,-0.052163,0.033998,0.013585,0.020576,-0.004712,-0.094100,0.023839,0.164978
0.010075,0.063829,-0.029536,-0.020676,-0.059544,0.012220,-0.029662,-0.085817,-0.023046,-0.049769,0.031051,0.013933,0.017445,-0.006790,-0.090385,0.020240,0.176011
0.014399,0.062554,-0.025120,-0.024025,-0.055638,0.014105,-0.027744,-0.082206,-0.017292,-0.046592,0.028323,0.014041,0.015066,-0.009508,-0.085531,0.016567,0.184038
0.016769,0.059310,-0.020639,-0.027757,-0.051433,0.014589,-0.024510,-0.077846,-0.011727,-0.042646,0.025458,0.013902,0.012495,-0.013901,-0.079476,0.013146,0.188936
0.018923,0.055005,-0.016802,-0.031406,-0.047234,0.015934,-0.020836,-0.072772,-0.007231,-0.038087,0.023501,0.013507,0.009448,-0.020785,-0.073254,0.009733,0.191157
0.020731,0.050727,-0.013426,-0.034514,-0.043118,0.019363,-0.016962,-0.066632,-0.003745,-0.035259,0.023228,0.012866,0.006557,-0.029024,-0.066084,0.007666,0.190232
0.022435,0.046232,-0.010989,-0.036639,-0.038929,0.022894,-0.013508,-0.060437,-0.001347,-0.031889,0.022601,0.011217,0.004278,-0.037791,-0.060981,0.006173,0.186436
0.022707,0.041234,-0.009300,-0.034525,-0.035297,0.025979,-0.010288,-0.053549,-0.000193,-0.027324,0.020667,0.009423,0.002997,-0.039408,-0.055123,0.004775,0.180229
0.023633,0.036708,-0.006936,-0.031388,-0.031718,0.028068,-0.007726,-0.047848,0.000248,-0.022456,0.018421,0.009067,0.002048,-0.037610,-0.048949,0.004061,0.172261
0.024959,0.035048,-0.005374,-0.026441,-0.028377,0.028780,-0.005283,-0.042489,0.000666,-0.018189,0.015915,0.008743,0.000942,-0.034377,-0.042778,0.004571,0.162271
0.025979,0.033131,-0.003976,-0.020785,-0.025272,0.026027,-0.003429,-0.036609,0.001118,-0.013844,0.013213,0.008995,0.000313,-0.030578,-0.036130,0.005236,0.149642
0.026668,0.031974,-0.002939,-0.015265,-0.022165,0.022878,-0.001916,-0.031971,0.001316,-0.009827,0.010418,0.009133,0.000032,-0.026342,-0.029901,0.005909,0.135215
0.026850,0.030306,-0.001927,-0.011004,-0.019008,0.019402,-0.000677,-0.028018,0.000920,-0.006164,0.008493,0.008707,-0.000001,-0.022349,-0.023785,0.007037,0.118188
0.024276,0.027440,-0.000751,-0.007130,-0.016049,0.014858,-0.000026,-0.023657,0.000440,-0.003278,0.006583,0.007381,0.000001,-0.018154,-0.018419,0.008228,0.100259
0.021254,0.023636,-0.000019,-0.004264,-0.013216,0.010330,0.000228,-0.019384,0.000076,-0.001076,0.004582,0.005652,-0.000040,-0.014224,-0.014742,0.008702,0.081076
0.016537,0.018601,0.000390,-0.002484,-0.009963,0.006339,0.001412,-0.014923,-0.000002,-0.000125,0.002626,0.003935,-0.000230,-0.010270,-0.010966,0.008814,0.061835
0.011650,0.013137,0.000504,-0.001434,-0.006741,0.003746,0.001420,-0.010440,-0.000081,0.000410,0.001004,0.002340,-0.000654,-0.007320,-0.007253,0.006558,0.042688
0.006957,0.007903,0.000198,-0.000570,-0.003728,0.002132,0.001368,-0.006024,-0.000082,0.000591,0.000184,0.001226,-0.000500,-0.004481,-0.004222,0.003795,0.024601
0.002631,0.002963,0.000009,-0.000015,-0.001393,0.000799,0.000534,-0.002259,-0.000005,0.000222,-0.000004,0.000475,-0.000250,-0.001699,-0.001611,0.001423,0.009152
