AU01,AU02,AU04,AU05,AU06,AU07,AU09,AU10,AU12,AU14,AU15,AU17,AU20,AU23,AU25,AU26,AU45
-0.011772,-0.048013,-0.007580,-0.036338,-0.020097,0.001436,-0.007513,-0.000672,-0.035547,-0.013707,-0.029432,-0.000934,0.017309,-0.005197,-0.020975,0.005898,0.000146
-0.018508,-0.053580,-0.018264,-0.036822,-0.021636,0.002540,-0.010664,0.004692,-0.035279,-0.014754,-0.033739,0.000398,0.013920,-0.007998,-0.018254,0.008663,0.000527
-0.022725,-0.050505,-0.019756,-0.033760,-0.017280,-0.001628,-0.009490,0.007045,-0.029369,-0.010360,-0.032838,0.009860,0.009762,-0.011149,-0.011801,0.014082,0.002599
-0.030641,-0.034154,-0.020682,-0.026833,-0.007554,-0.004626,-0.007759,0.008781,-0.020620,-0.003593,-0.028569,0.022829,0.000136,-0.018568,-0.006265,0.020066,0.000486
-0.034484,-0.023593,-0.019678,-0.016439,0.002426,0.010819,-0.005472,0.011209,-0.009207,0.001366,-0.015443,0.032917,-0.014031,-0.024249,0.008855,0.025994,0.001723
-0.034252,-0.009578,-0.019607,0.009156,0.012002,0.032576,-0.003037,0.012692,0.005089,0.008699,-0.008048,0.048016,-0.021607,-0.030206,0.023295,0.025650,0.002586
-0.035482,-0.015423,-0.016889,0.024720,0.015781,0.062366,0.002028,0.013383,0.007652,0.011515,-0.007030,0.055645,-0.029434,-0.034410,0.027415,0.015506,0.007055
-0.031647,-0.021621,-0.010923,0.038647,0.017398,0.081423,0.002752,0.004096,0.009423,0.012962,-0.004224,0.044328,-0.020049,-0.045146,0.046824,0.007566,0.013226
-0.032030,-0.040639,-0.004043,0.039534,0.011789,0.081176,0.006326,-0.001692,0.010782,0.006264,-0.014150,-0.005527,-0.010253,-0.059654,0.069439,0.009670,0.017804
-0.034132,-0.059158,-0.013391,0.042007,0.003585,0.066734,0.006240,-0.000948,0.010414,-0.024262,-0.025856,-0.047585,-0.026707,-0.068030,0.096459,0.048762,0.021546
-0.039365,-0.067155,-0.031017,0.035530,-0.005841,0.045630,0.013049,0.001779,0.008259,-0.059502,-0.033521,-0.071656,-0.043985,-0.069315,0.128476,0.105706,0.029544
-0.039286,-0.040990,-0.037725,0.010515,-0.011332,0.023140,0.022967,0.002096,0.007675,-0.074516,-0.034334,-0.078538,-0.052903,-0.064979,0.154461,0.166072,0.045141
-0.040748,-0.004523,-0.030864,-0.022544,0.000652,0.016446,0.038379,0.003766,0.008818,-0.079758,-0.031876,-0.077843,-0.063042,-0.059114,0.159981,0.209323,0.060944
-0.051823,0.013940,-0.021428,-0.064730,0.011548,0.026254,0.048229,0.006114,0.012239,-0.079408,-0.020252,-0.072141,-0.072354,-0.050318,0.158668,0.232871,0.085334
-0.057537,0.032739,-0.013145,-0.086419,0.024946,0.071279,0.055426,-0.003813,0.011765,-0.064725,-0.018380,-0.055922,-0.077864,-0.038126,0.158946,0.210623,0.104318
-0.066851,0.036456,0.000870,-0.104552,0.040262,0.121861,0.066380,-0.011472,0.015509,-0.043263,-0.013082,-0.028095,-0.074541,-0.022040,0.145996,0.161462,0.120407
-0.069845,0.002070,0.017193,-0.100326,0.053535,0.155935,0.065189,-0.021849,0.021742,-0.015086,0.007255,0.010852,-0.040290,-0.015227,0.134014,0.128608,0.125480
-0.069558,-0.033728,0.033627,-0.097423,0.059313,0.162512,0.068604,-0.021477,0.026371,0.014145,0.014825,0.010347,-0.003560,-0.014721,0.114901,0.079838,0.117274
-0.065973,-0.071442,0.039454,-0.077044,0.070392,0.139127,0.065239,-0.007098,0.033678,0.020490,0.018782,0.004017,0.006405,-0.013711,0.098156,0.031335,0.096040
-0.065686,-0.115556,0.031046,-0.063737,0.072218,0.104426,0.061451,0.007444,0.039727,0.014158,0.013227,0.002553,0.009596,-0.012318,0.086262,0.005116,0.069955
-0.057451,-0.119995,0.026702,-0.057561,0.071076,0.062373,0.052437,0.022108,0.040901,0.014705,0.009609,0.006648,0.014269,-0.010637,0.080117,-0.015160,0.045639
-0.028665,-0.097415,0.028467,-0.051278,0.075965,0.032879,0.047926,0.042628,0.046041,0.015807,0.006432,0.011424,0.015990,-0.004087,0.063677,-0.027238,0.026854
-0.012025,-0.065867,0.026884,-0.049557,0.078518,0.010860,0.038371,0.059987,0.049552,0.020536,0.009010,0.012942,0.019341,0.000316,0.052207,-0.040517,0.017856
-0.011980,-0.036496,0.021895,-0.041492,0.079284,0.015989,0.036504,0.063290,0.047515,0.054206,0.004542,-0.003632,0.024201,0.005694,0.052085,-0.063726,0.009038
-0.018920,-0.004759,0.018941,-0.034931,0.075631,0.025812,0.037914,0.060244,0.047195,0.078036,0.003761,-0.024925,0.021725,0.010485,0.055834,-0.080153,0.004035
-0.031151,-0.009628,0.022373,-0.034214,0.065482,0.022380,0.032885,0.054091,0.046160,0.083216,0.019506,-0.028439,0.034949,0.011518,0.062677,-0.050194,-0.002042
-0.041811,-0.017488,0.022307,-0.030395,0.047734,0.022531,0.033067,0.037609,0.040131,0.080400,0.027022,-0.027707,0.052606,0.006740,0.062019,-0.008565,-0.007514
-0.045313,-0.028077,0.025472,-0.022210,0.041014,0.024887,0.033688,0.036438,0.037197,0.079081,0.034717,-0.032789,0.056300,-0.004614,0.067962,0.007742,-0.014241
-0.051062,-0.062033,0.027068,-0.024172,0.030178,0.034683,0.032691,0.030828,0.039010,0.074273,0.025918,-0.032342,0.050307,-0.015822,0.074851,0.029801,-0.019295
-0.048038,-0.089643,0.036136,-0.026266,0.029923,0.045526,0.031748,0.028492,0.041993,0.060673,0.020041,-0.029567,0.039606,-0.024722,0.077794,0.034511,-0.023358
-0.027902,-0.095136,0.040595,-0.018898,0.033087,0.052678,0.031619,0.029237,0.048903,0.040192,0.014954,-0.019931,0.028626,-0.027064,0.073635,0.035415,-0.021703
0.008059,-0.059815,0.036824,-0.009210,0.037919,0.071660,0.026834,0.031003,0.051972,0.012207,0.013110,-0.010872,0.022150,-0.024499,0.077073,0.021792,-0.018486
0.027708,-0.029169,0.026044,-0.004163,0.044604,0.082519,0.028251,0.039231,0.052375,0.018104,-0.011659,-0.009002,0.026463,-0.009584,0.078339,0.012399,-0.015019
0.028858,-0.004258,0.009489,0.001163,0.046133,0.089136,0.028579,0.052624,0.052990,0.032513,-0.026458,-0.009086,0.027118,0.006348,0.081787,0.007310,-0.010809
0.020744,0.014543,-0.000565,-0.000216,0.042654,0.077062,0.025404,0.064377,0.050949,0.041869,-0.024748,-0.014580,0.023815,0.021576,0.080693,0.001576,-0.006933
0.013042,0.018373,0.002262,0.011380,0.038261,0.061261,0.020728,0.061475,0.043519,0.044138,-0.027008,-0.009591,0.033279,0.024863,0.078815,-0.000674,-0.002661
0.005310,0.017470,0.003319,0.021055,0.038117,0.034867,0.011142,0.056640,0.040486,0.047446,-0.016528,-0.013469,0.042133,0.018934,0.072459,-0.015180,-0.000515
-0.004150,0.002783,0.004421,0.027285,0.034770,0.014182,0.001904,0.046530,0.037510,0.048020,-0.010271,-0.007730,0.044661,0.010895,0.068990,-0.020379,-0.010442
-0.003965,-0.001636,0.008821,0.029246,0.035970,-0.003644,-0.003674,0.036381,0.034620,0.044557,0.001425,0.001452,0.040693,0.002081,0.054972,-0.027566,-0.021458
-0.004095,-0.010352,0.024633,0.045037,0.038787,-0.019324,-0.004349,0.022244,0.032339,0.038837,0.018385,0.015719,0.037010,-0.007121,0.038324,-0.030763,-0.029111
0.016853,-0.000037,0.035922,0.048176,0.037634,-0.041077,-0.004591,0.015601,0.032920,0.022912,0.034484,0.042209,0.033208,-0.016091,0.022321,-0.021479,-0.033715
0.036993,0.004919,0.039384,0.044729,0.037266,-0.049887,-0.010191,0.012155,0.029813,0.008041,0.017232,0.059422,0.026745,-0.013245,0.016804,-0.011517,-0.033702
0.040458,-0.006992,0.030971,0.032659,0.033112,-0.038438,-0.018533,0.006526,0.030156,0.000449,-0.001125,0.055137,0.017072,-0.005071,0.019088,-0.009684,-0.029270
0.035062,-0.014369,0.018074,0.018872,0.025061,-0.021180,-0.022452,0.000125,0.027703,0.002425,-0.014075,0.036523,0.001934,0.004037,0.022704,-0.006328,-0.022673
0.028790,-0.023529,0.017417,0.016853,0.017893,0.002260,-0.022542,-0.005238,0.021077,0.009004,-0.032055,0.020281,-0.008825,0.005431,0.033172,0.018429,-0.014309
0.019590,-0.028653,0.017193,0.013748,0.015727,0.008968,-0.021564,-0.009247,0.020636,0.016622,-0.037599,0.001455,-0.016250,0.003642,0.037712,0.031124,-0.003876
0.003546,-0.033467,0.006452,0.007624,0.014695,0.003764,-0.007815,-0.010612,0.020737,0.015690,-0.025107,-0.017291,-0.021635,0.003731,0.038615,0.034927,-0.004444
-0.010830,-0.028842,-0.005994,-0.009683,0.014161,0.000703,0.008484,-0.005188,0.016628,0.013941,-0.011068,-0.039862,-0.028331,0.004170,0.026609,0.029871,-0.006572
-0.023044,-0.019758,-0.010131,-0.014202,0.014711,0.000992,0.023421,-0.001008,0.009943,0.010406,0.005492,-0.053693,-0.032790,0.004378,0.010097,0.024178,-0.008228
-0.022891,-0.007876,-0.010134,-0.025006,0.012683,-0.006601,0.038904,0.010835,0.006868,0.006170,0.015867,-0.042577,-0.032485,0.005085,-0.003569,0.041800,-0.008962
-0.013217,0.000540,-0.008346,-0.036018,0.011024,-0.028533,0.043810,0.023850,0.002794,-0.004601,0.010769,-0.024626,-0.026182,0.006788,-0.011384,0.053685,-0.010596
-0.003040,-0.010954,-0.008308,-0.042656,0.008949,-0.032314,0.039846,0.028493,0.002538,-0.020623,0.006027,-0.012354,-0.016802,0.016146,-0.025801,0.039197,-0.010958
0.002885,-0.021379,-0.006175,-0.029964,0.005764,-0.027601,0.031454,0.024902,0.002702,-0.033443,0.005277,-0.006396,-0.004366,0.024222,-0.031084,0.015204,-0.010652
0.014126,-0.019538,-0.002095,-0.011162,0.005461,0.005836,0.024378,0.023356,0.002094,-0.038427,-0.002559,0.002313,0.006974,0.029099,-0.032949,0.010160,-0.008723
0.024902,-0.012944,0.005630,0.004132,0.004614,0.033478,0.013813,0.018492,-0.000268,-0.028790,-0.012391,0.012207,0.015224,0.028620,-0.030377,-0.005712,-0.005565
0.029031,-0.002392,0.010674,0.020998,0.003719,0.020796,0.008372,0.011519,-0.000577,-0.020445,-0.015507,0.026713,0.017901,0.028782,-0.024775,-0.024693,0.000582
0.025023,0.002605,0.023165,0.030871,0.001821,0.008135,0.000442,0.006790,0.001878,-0.009087,-0.016101,0.034294,0.014567,0.033139,-0.027980,-0.049490,0.006914
0.018992,0.007048,0.027576,0.039687,0.001850,-0.007994,-0.013124,-0.002585,0.002256,0.010763,-0.014604,0.039500,0.006550,0.032982,-0.025925,-0.066406,0.012631
0.014984,0.011600,0.032419,0.044465,-0.000226,-0.014553,-0.021357,-0.006174,0.000737,0.018718,-0.022096,0.039891,0.000886,0.031807,-0.018733,-0.058143,0.015555
0.024111,0.018124,0.046412,0.032967,-0.002096,-0.030663,-0.032953,-0.012859,-0.000919,0.020325,-0.035961,0.028319,-0.000701,0.028967,-0.010251,-0.042559,0.009875
0.029048,0.019151,0.055708,0.016505,-0.000046,-0.033719,-0.040776,-0.013005,0.000737,0.013779,-0.045485,0.020510,-0.002139,0.030653,-0.009699,-0.027446,0.003082
0.029500,0.022647,0.059171,0.021441,0.000364,-0.037122,-0.043514,-0.016991,0.003161,0.007188,-0.036061,0.010760,-0.000335,0.031193,-0.011805,-0.017219,-0.004744
0.032103,0.027535,0.051815,0.034452,0.002332,-0.027172,-0.036716,-0.022953,0.002948,-0.000908,-0.017796,0.003206,-0.006615,0.032304,-0.012307,-0.003186,-0.010523
0.031683,0.033661,0.029086,0.038570,-0.000258,-0.009985,-0.027780,-0.026006,0.000265,-0.002074,0.001506,-0.003692,-0.011849,0.029166,-0.013483,-0.011979,-0.013804
0.030746,0.031027,0.005139,0.032624,-0.003849,-0.010964,-0.020884,-0.024839,-0.001590,-0.009597,0.011424,-0.010041,-0.013716,0.023686,-0.019248,-0.020293,-0.010920
0.023570,0.022213,-0.015498,0.026464,-0.006960,-0.019569,-0.018402,-0.017099,-0.000708,-0.016918,0.021096,-0.019376,-0.013435,0.019319,-0.028547,-0.032770,-0.006072
0.012464,0.011816,-0.032160,0.019619,-0.009646,-0.027930,-0.018202,-0.019573,0.000018,-0.011766,0.027760,-0.025919,-0.008176,0.013258,-0.031206,-0.035750,-0.000502
0.005557,0.009810,-0.044290,-0.001311,-0.012621,-0.025170,-0.015463,-0.022023,-0.000528,-0.008035,0.030615,-0.027829,-0.003189,0.004762,-0.015086,-0.022180,0.005278
0.004880,0.006956,-0.038944,-0.026723,-0.011635,-0.021985,-0.015821,-0.024817,0.000595,-0.004630,0.023945,-0.031929,0.006492,-0.000209,0.000770,-0.008886,0.005945
0.004046,-0.020531,-0.033313,-0.050233,-0.006063,-0.000374,-0.014535,-0.019652,0.003683,-0.002095,0.012520,-0.033712,0.020580,-0.007127,0.015207,-0.010632,0.005862
-0.002261,-0.036688,-0.021723,-0.046778,0.000384,0.022158,-0.008974,-0.013609,0.006596,0.002232,0.010594,-0.027987,0.032971,-0.010498,0.029245,-0.011299,0.004184
-0.010019,-0.043301,-0.007725,-0.027282,0.006288,0.041391,-0.001539,-0.014030,0.007548,0.003821,0.013642,-0.006105,0.031290,-0.010752,0.034735,-0.005450,0.003770
-0.019756,-0.031091,0.000411,-0.005302,0.009681,0.045381,0.007738,-0.007922,0.007446,0.009159,0.015558,0.015559,0.025297,-0.012837,0.041647,-0.008061,0.002361
-0.024629,-0.031912,0.007748,0.011281,0.009110,0.041943,0.009208,-0.001794,0.008628,-0.000507,0.020434,0.022802,0.016800,-0.012476,0.039448,-0.015021,0.004095
-0.026906,-0.021007,0.007452,0.026045,0.008449,0.019104,0.010645,0.014989,0.008974,-0.002811,0.013467,0.020880,0.011409,-0.013690,0.031076,-0.011227,0.004945
-0.027872,-0.023395,0.010960,0.037799,0.005505,-0.011085,0.011986,0.019886,0.005657,-0.000733,0.003637,0.015134,0.001967,-0.015531,0.014798,-0.003124,0.005807
-0.017797,-0.010857,0.015322,0.037538,0.003373,-0.022743,0.017794,0.019769,0.001576,0.007917,-0.000686,0.009659,-0.007626,-0.017665,0.010973,0.008270,0.006902
-0.013975,0.006909,0.018746,0.019593,0.003643,-0.024837,0.020939,0.014969,-0.000067,0.015165,-0.004748,0.006541,-0.015570,-0.014287,0.001565,0.022856,0.006978
-0.010980,-0.005222,0.011172,0.000457,0.004664,-0.018913,0.021490,0.011590,-0.001219,0.021769,-0.001515,0.001392,-0.017170,-0.012271,-0.014918,0.021689,0.006086
-0.010915,-0.013810,0.001917,-0.006127,0.003643,-0.011865,0.021357,0.006284,-0.002139,0.027458,-0.005297,-0.008905,-0.010160,-0.007320,-0.023741,0.017164,0.004789
-0.011473,-0.025278,-0.004193,-0.008418,0.002883,0.003956,0.019119,-0.002419,-0.001786,0.027022,0.006918,-0.006785,-0.002985,-0.001341,-0.036357,0.008199,0.007004
-0.013143,-0.024381,-0.002150,-0.010137,0.003098,0.000097,0.015700,-0.003179,-0.001522,0.022068,0.012852,0.000196,0.001227,0.000892,-0.039152,0.001111,0.008924
-0.022858,-0.029822,-0.000090,-0.012434,0.005540,-0.005478,0.006720,-0.005867,0.000266,0.005082,0.029408,0.000019,0.002655,0.001743,-0.037389,0.000601,0.010062
-0.028955,-0.014575,-0.003870,-0.021695,0.008845,0.008271,0.000340,-0.005020,0.004471,-0.005017,0.032745,-0.000697,0.008778,0.000425,-0.031084,0.021069,0.009474
-0.033249,-0.011333,-0.006782,-0.028017,0.009498,0.011669,-0.007197,-0.010593,0.005718,-0.009122,0.035320,0.001365,0.008059,-0.002766,-0.021402,0.038487,0.006987
-0.028473,-0.007497,-0.005187,-0.023345,0.009505,0.015141,-0.014947,-0.010853,0.006752,-0.011306,0.029292,0.010487,0.003333,-0.005257,-0.008991,0.035840,0.006169
-0.025526,-0.002719,-0.000305,-0.019027,0.008375,0.024993,-0.019979,-0.011636,0.005411,-0.012658,0.005492,0.021627,-0.003174,-0.007110,0.006727,0.029400,0.004603
-0.023434,0.005834,-0.001335,-0.012197,0.007915,0.033437,-0.013346,-0.009941,0.004201,-0.011641,-0.009381,0.028244,-0.009916,-0.010013,0.021787,0.025753,0.002289
-0.015991,0.020757,0.001188,0.004998,0.004712,0.037498,-0.005426,-0.007599,0.003138,-0.007949,-0.034635,0.004362,-0.010553,-0.011686,0.037945,0.017447,0.002880
0.002134,0.033429,-0.003221,0.020465,0.000269,0.032274,0.002532,-0.007179,0.005937,-0.010049,-0.036569,-0.023314,-0.006823,-0.011555,0.048688,0.003869,0.001192
0.021509,0.045662,-0.006529,0.035527,-0.004666,0.009431,0.005723,-0.003696,0.007212,-0.014616,-0.031969,-0.039692,-0.005561,-0.008656,0.054134,0.001583,-0.000487
0.028463,0.053973,-0.007794,0.043916,-0.003766,-0.026431,0.002998,-0.000603,0.009442,-0.005427,-0.021512,-0.029511,-0.003953,-0.005983,0.050087,0.012656,-0.001716
0.030675,0.069254,-0.010415,0.030522,-0.000416,-0.050938,0.006693,0.002246,0.012958,0.002611,-0.012012,-0.020766,0.004801,-0.005296,0.040892,0.030748,-0.002322
0.026067,0.065296,-0.010885,0.011630,0.002476,-0.067061,0.006215,0.002504,0.015038,0.009199,0.003913,-0.009426,0.002896,-0.003436,0.028508,0.038005,-0.003969
0.018693,0.064743,-0.009132,-0.007256,0.003797,-0.057858,-0.002116,0.006343,0.016886,0.017987,0.014995,0.005785,-0.001366,-0.004687,0.022187,0.036628,-0.004474
0.011469,0.056934,-0.008252,-0.012048,0.004797,-0.044863,-0.013769,0.010114,0.015072,0.024711,0.010848,0.019685,-0.005671,-0.001263,0.026882,0.045433,-0.004638
0.006540,0.048711,-0.013459,-0.015862,0.008509,-0.019777,-0.014509,0.013454,0.011688,0.028980,0.005795,0.029284,-0.015432,-0.001645,0.034109,0.046935,-0.004504
-0.003102,0.037715,-0.015357,-0.011395,0.010367,-0.002974,-0.010439,0.015294,0.006412,0.023952,-0.004781,0.008878,-0.026047,-0.001769,0.033478,0.032371,0.000054
-0.005579,0.029693,-0.027059,-0.008857,0.007925,0.013236,-0.003822,0.018936,0.004437,0.009177,-0.012073,-0.022715,-0.030848,-0.009803,0.028313,0.012543,0.002634
-0.007082,0.022241,-0.036820,-0.008161,0.004591,0.028472,0.002201,0.026174,0.001610,-0.009333,-0.009404,-0.049745,-0.036840,-0.015602,0.022520,-0.006528,0.007852
-0.008228,0.001610,-0.042890,-0.000275,0.000959,0.033942,-0.000615,0.030302,0.002670,-0.013836,-0.003874,-0.050071,-0.038582,-0.024479,0.011514,-0.018971,0.010861
-0.009377,-0.008885,-0.042489,-0.002319,-0.002739,0.020434,0.003042,0.026860,0.003813,-0.015249,0.000845,-0.033219,-0.018745,-0.030076,-0.000669,-0.027092,0.012764
-0.013583,-0.034952,-0.034917,-0.007620,-0.006630,0.003520,0.004425,0.012166,0.003777,-0.015324,0.005132,-0.013799,-0.008045,-0.031892,-0.014521,-0.014508,0.010948
-0.019895,-0.046098,-0.022824,-0.013203,-0.009865,0.001638,0.005488,0.001859,0.003419,-0.010506,0.013797,0.009197,0.003810,-0.035753,-0.015982,-0.003260,0.008395
-0.021767,-0.044887,-0.011418,-0.009735,-0.005975,0.005658,0.001135,-0.002939,0.003644,-0.014128,0.028081,0.025864,0.015325,-0.030903,-0.005920,0.019349,0.007519
-0.031768,-0.033983,0.004277,-0.002686,0.001771,0.025299,-0.010016,-0.000549,0.003665,-0.013790,0.037916,0.033699,0.033694,-0.023246,0.006105,0.021007,0.005493
-0.040287,-0.019854,0.017167,-0.002532,0.008031,0.033961,-0.016583,0.006011,0.001935,-0.018149,0.035807,0.030417,0.046126,-0.003253,0.008669,0.013044,0.005159
-0.045234,-0.003266,0.019831,-0.004029,0.009436,0.038051,-0.012913,0.013402,0.000038,-0.018406,0.027259,0.018550,0.054151,0.009149,0.009531,0.000892,0.004663
-0.032411,0.008122,0.011392,-0.007064,0.009830,0.027866,-0.008437,0.018838,0.002274,-0.011115,0.011453,0.004585,0.054581,0.020575,0.010050,-0.020037,0.001872
-0.019897,0.008217,0.003269,-0.003877,0.009099,0.025693,-0.005074,0.018777,0.005562,-0.004308,0.004177,-0.001711,0.047393,0.022492,-0.001733,-0.045759,-0.000754
-0.005496,0.006082,-0.007761,-0.004611,0.004769,0.011922,-0.000538,0.015690,0.006275,0.007396,-0.010097,0.005108,0.040022,0.023360,-0.013839,-0.052144,-0.001200
0.001177,-0.005451,-0.016809,-0.005622,-0.002907,-0.000696,0.005547,0.005336,0.005641,0.019024,-0.009763,0.009549,0.028465,0.018548,-0.020777,-0.037093,-0.001507
0.008203,-0.025206,-0.024563,-0.005875,-0.010954,-0.016169,0.011489,-0.005715,0.009009,0.035806,-0.009923,0.004525,0.001222,0.012407,-0.012068,-0.011290,-0.002592
0.012107,-0.036303,-0.026486,-0.004108,-0.014379,-0.024114,0.014885,-0.014499,0.011841,0.038093,-0.000577,0.001581,-0.030257,0.005428,-0.000810,0.016996,-0.001343
-0.001985,-0.015927,-0.017732,-0.022625,-0.012660,-0.021543,0.008406,-0.022547,0.012612,0.024192,0.010220,0.002986,-0.042734,-0.003033,0.005509,0.027321,0.001455
-0.016421,0.005617,-0.005089,-0.041593,-0.010407,-0.028909,0.001855,-0.020020,0.010509,0.008621,0.017706,0.003072,-0.045207,-0.002275,0.009053,0.047670,0.006808
-0.027821,0.026436,0.012151,-0.043444,-0.008252,-0.036210,0.001138,-0.011208,0.006801,-0.003054,0.020432,-0.000350,-0.039314,-0.002203,0.013582,0.053372,0.012215
-0.022192,0.036573,0.013438,-0.038002,-0.006212,-0.045376,0.000040,-0.007266,0.010686,-0.001017,-0.000143,-0.009073,-0.028691,0.000039,0.018823,0.054320,0.011668
-0.014108,0.041976,0.021759,-0.025033,-0.009246,-0.038536,-0.003376,-0.009610,0.010567,0.002235,-0.012266,-0.006884,-0.010667,0.003745,0.012631,0.047922,0.009340
-0.001709,0.044365,0.016190,-0.027402,-0.013903,-0.037981,-0.004920,-0.016180,0.010088,0.012536,-0.024047,-0.000944,0.000533,0.011420,0.007439,0.057004,0.003275
0.007330,0.042490,0.018001,-0.014199,-0.017545,-0.030559,-0.005314,-0.013135,0.007289,0.019784,-0.013281,0.014003,0.016911,0.014182,0.001292,0.052614,-0.000248
0.016677,0.026537,0.003486,0.001477,-0.020291,-0.027776,-0.005393,-0.006120,0.009460,0.026454,-0.006744,0.013137,0.031162,0.017277,0.003889,0.045606,-0.006287
0.017016,-0.007439,0.000674,0.038976,-0.022648,0.001235,-0.001935,0.002159,0.010553,0.032715,0.001918,0.009517,0.035940,0.019443,0.009837,0.032213,-0.009664
0.014322,-0.019460,-0.007562,0.046842,-0.021613,0.012606,-0.004036,0.002424,0.009793,0.030430,0.009699,0.012838,0.029856,0.020174,0.011872,0.010666,-0.012182
0.007529,-0.024962,-0.014792,0.027546,-0.011871,0.011725,-0.009381,0.003410,0.008930,0.027015,0.025267,0.013510,0.022374,0.020345,0.011577,0.004904,-0.013608
0.003735,-0.028533,-0.015458,0.019792,-0.006190,0.004656,-0.013347,0.006371,0.006362,0.024798,0.036712,-0.000875,0.017580,0.020997,0.008674,-0.003155,-0.015315
-0.008975,-0.033039,-0.020096,0.011702,0.001704,0.011108,-0.014934,0.006027,0.007107,0.024615,0.030541,-0.015962,0.008891,0.018887,0.009088,-0.012261,-0.014580
-0.019932,-0.039252,-0.014205,0.003481,0.003438,0.014830,-0.019475,0.004799,0.000383,0.024084,0.018513,-0.023140,0.013964,0.019100,0.007518,-0.018043,-0.013564
-0.019787,-0.044585,-0.016441,-0.028662,0.000994,0.001753,-0.023516,0.000454,-0.003103,0.036919,0.009090,-0.030670,0.016549,0.018935,0.012693,-0.028285,-0.014496
-0.007663,-0.042708,-0.005548,-0.046848,-0.000487,-0.009467,-0.028284,0.004347,-0.006159,0.045114,-0.000926,-0.030853,0.023678,0.016630,0.018069,-0.025706,-0.014460
0.006630,-0.034113,-0.007567,-0.057884,-0.003723,-0.024606,-0.029535,0.010032,-0.007371,0.036401,-0.008970,-0.027984,0.039419,0.012812,0.018582,-0.016605,-0.015610
0.017531,-0.025944,0.006625,-0.042102,-0.005353,-0.015414,-0.023628,0.013950,-0.007953,0.020177,-0.008983,-0.000972,0.045044,0.013048,0.008583,-0.003230,-0.012782
0.028294,-0.007501,0.012771,-0.023006,-0.006560,-0.009895,-0.018237,0.018999,-0.007875,-0.000801,-0.009282,0.029384,0.042201,0.013576,-0.001214,0.006069,-0.010143
0.040952,0.012120,0.021351,-0.020158,-0.004235,-0.017631,-0.013514,0.020614,-0.005759,-0.016586,-0.004155,0.051915,0.042249,0.013849,-0.009083,0.014997,-0.006355
0.049481,0.028616,0.020852,-0.008003,-0.004956,-0.027990,-0.010889,0.025233,-0.006965,-0.027185,-0.001124,0.059759,0.035737,0.020283,-0.015821,0.016968,-0.002365
0.037152,0.037018,0.009337,0.005369,-0.005248,-0.022774,-0.004976,0.023501,-0.009308,-0.035614,-0.001305,0.067969,0.020076,0.025332,-0.016552,0.013758,0.003740
0.016818,0.028492,-0.000990,0.008686,-0.004872,-0.012427,-0.000352,0.018383,-0.013808,-0.048022,-0.000541,0.074941,0.011848,0.027719,-0.020249,0.006462,0.007133
0.003067,0.019515,-0.014828,0.004249,-0.005042,-0.025852,0.003679,0.010295,-0.016539,-0.035919,0.000615,0.077281,-0.000297,0.022617,-0.019539,-0.007209,0.011232
-0.005045,0.006570,-0.022431,0.005104,0.000172,-0.038328,0.003176,0.001319,-0.017215,-0.015632,-0.002901,0.067369,-0.004410,0.015128,-0.023602,-0.022088,0.015304
-0.010245,-0.009067,-0.029434,0.011433,0.004705,-0.029961,0.003036,-0.011193,-0.019387,0.000054,0.001137,0.046335,0.009158,0.008934,-0.021179,-0.028723,0.015013
-0.015130,-0.019062,-0.026024,0.014817,0.010564,-0.018608,0.002397,-0.021662,-0.019047,0.010721,0.008650,0.038095,0.018148,0.005599,-0.032059,-0.030044,0.011018
-0.016960,-0.016647,-0.027984,0.012855,0.013361,0.011143,0.008787,-0.023846,-0.012250,0.003581,0.018943,0.022493,0.021768,0.001733,-0.040025,-0.027785,0.006315
-0.010195,-0.008359,-0.026961,0.008786,0.012913,0.027232,0.016194,-0.025210,-0.003912,-0.010270,0.035193,-0.006737,0.023974,-0.002202,-0.046925,-0.013549,0.000903
-0.001309,0.000809,-0.026260,0.010700,0.012651,0.032493,0.015038,-0.019946,-0.003607,-0.013110,0.046690,-0.025264,0.024607,-0.002002,-0.047018,-0.012391,-0.004516
-0.001552,-0.001029,-0.030759,0.015126,0.012311,0.035815,0.014348,-0.012573,-0.006953,-0.024635,0.038449,-0.038267,0.021649,-0.004237,-0.032152,-0.008841,-0.008710
-0.004926,-0.013409,-0.032019,0.005818,0.011596,0.040360,0.016723,-0.002855,-0.008957,-0.028108,0.022594,-0.043015,0.006911,-0.006463,-0.017035,-0.013948,-0.011984
-0.006857,-0.017448,-0.033302,-0.004445,0.009573,0.028032,0.020791,0.000415,-0.008173,-0.021078,0.005618,-0.039329,-0.020236,-0.010867,-0.001675,-0.011877,-0.010228
-0.006700,-0.014512,-0.025021,-0.016250,0.011581,0.014913,0.021177,0.002502,-0.003866,-0.008502,-0.012479,-0.030629,-0.059176,-0.014564,-0.007564,-0.019134,-0.004788
-0.004247,-0.007618,-0.012466,-0.022695,0.014237,0.003089,0.023578,-0.001795,-0.003077,0.001193,-0.028359,-0.017164,-0.074875,-0.016424,-0.006477,-0.018105,-0.000895
0.014006,0.001713,0.002178,-0.027673,0.017365,-0.003754,0.024122,0.000395,-0.002136,0.010317,-0.045925,-0.004591,-0.075373,-0.016607,-0.006268,-0.014214,0.000747
0.029391,0.016277,0.020943,-0.028920,0.015132,-0.012649,0.030823,0.003824,0.002619,0.019246,-0.054853,0.006270,-0.067148,-0.019281,0.003124,0.000456,0.004879
0.038105,0.031861,0.031497,-0.027442,0.015917,-0.020046,0.035229,0.006315,0.009401,0.016621,-0.047548,0.001198,-0.059646,-0.020421,0.006296,0.025647,0.010588
0.033140,0.046470,0.037550,-0.023239,0.014595,-0.028674,0.037308,0.008400,0.010564,0.014451,-0.033378,0.000333,-0.047295,-0.020125,0.006416,0.038831,0.016516
0.016528,0.041880,0.035158,-0.014962,0.013612,-0.025524,0.033755,0.013304,0.008836,-0.000315,-0.030288,-0.007790,-0.020262,-0.022545,0.015245,0.048724,0.018305
-0.000977,0.020839,0.029723,-0.011633,0.014457,-0.012935,0.025250,0.025115,0.005813,-0.002129,-0.030062,-0.012128,-0.000727,-0.022819,0.029153,0.048911,0.018196
-0.017772,-0.000171,0.025397,-0.004651,0.014160,0.002944,0.017189,0.026084,0.002645,-0.001993,-0.025788,-0.013535,0.015739,-0.020546,0.042358,0.043612,0.017022
-0.028551,-0.014785,0.023535,0.005550,0.006067,0.024234,0.005724,0.026646,0.003701,-0.001173,-0.000941,-0.013375,0.016190,-0.015286,0.044584,0.031145,0.006437
-0.037482,-0.021194,0.019171,0.015248,0.000384,0.034277,-0.002193,0.021373,0.002138,-0.010899,0.019498,-0.009196,0.012683,-0.012123,0.039639,0.014255,-0.003869
-0.015506,-0.021351,0.012777,0.022208,-0.004768,0.027159,-0.007769,0.020042,0.002169,-0.007854,0.041006,-0.014302,0.004830,-0.008801,0.029604,0.006007,-0.008882
0.006844,0.006996,0.020727,0.026948,-0.009686,0.011878,-0.012231,0.017178,0.000953,0.000287,0.058826,-0.006278,-0.003564,-0.007250,0.023125,0.005380,-0.010307
0.027211,0.031727,0.028595,0.029204,-0.013426,-0.005072,-0.018420,0.010309,0.001098,0.008835,0.068559,-0.010263,-0.010805,-0.006346,0.008941,0.006322,-0.008770
0.029212,0.044390,0.037208,0.035378,-0.015570,-0.020937,-0.016470,0.001730,0.001021,0.004614,0.076493,-0.005686,-0.021259,-0.007576,-0.005171,-0.007356,-0.005070
0.015968,0.033238,0.034577,0.034465,-0.010621,-0.010240,-0.015039,-0.010050,0.002750,0.000883,0.066302,-0.010389,-0.024677,-0.011758,-0.016379,-0.024372,-0.000194
0.002045,0.011094,0.029489,0.021297,-0.002665,0.011495,-0.016467,-0.012068,0.003890,0.007432,0.051583,-0.006950,-0.032011,-0.014774,-0.022750,-0.029012,0.003511
-0.012329,-0.005361,0.022797,0.004764,0.004254,0.033357,-0.016598,-0.015482,0.002003,0.012057,0.028406,-0.000086,-0.034884,-0.015877,-0.025667,-0.041778,0.007163
-0.025477,-0.018790,0.013749,-0.000958,0.004323,0.033504,-0.015322,-0.019170,-0.000831,0.014894,0.017423,0.006784,-0.034182,-0.012994,-0.018756,-0.048822,0.002094
-0.038004,-0.031288,0.000544,-0.007911,0.005442,0.033084,-0.014507,-0.021918,-0.005100,0.008763,0.009098,0.021900,-0.028933,-0.009747,-0.009041,-0.057367,-0.003883
-0.034988,-0.047478,-0.017081,-0.007506,0.007489,0.016388,-0.010058,-0.025854,-0.006544,0.014034,0.000087,0.022345,-0.020180,-0.007064,-0.000894,-0.042100,-0.005910
-0.024430,-0.037664,-0.028768,-0.008501,0.008693,-0.002070,-0.004242,-0.022369,-0.007462,0.009727,-0.003790,0.030320,-0.006650,-0.003371,0.006116,-0.023985,-0.007918
-0.010612,-0.021626,-0.037145,-0.009724,0.000031,-0.019307,-0.000927,-0.017908,-0.007870,0.006078,-0.027429,0.020012,0.011613,0.000025,0.004053,-0.008525,-0.006542
-0.006708,-0.030393,-0.037958,-0.018502,-0.008365,-0.030429,-0.003655,-0.009458,-0.006787,-0.002085,-0.040639,0.010249,0.024398,0.001239,0.002470,-0.004405,-0.009195
-0.008023,-0.051279,-0.043884,-0.024514,-0.010181,-0.023471,-0.008405,0.000247,-0.003043,-0.011697,-0.053393,-0.001315,0.032561,-0.000960,0.001526,-0.005235,-0.009575
-0.007821,-0.059856,-0.041764,-0.030124,-0.010608,-0.002275,-0.011354,0.009528,0.001446,-0.011582,-0.064823,-0.013995,0.030261,-0.002467,0.007221,0.009737,-0.011296
-0.006927,-0.057193,-0.034351,-0.027567,-0.013803,0.017887,-0.007095,0.016550,0.004884,-0.011006,-0.059357,-0.018590,0.027133,-0.000847,0.010624,0.003522,-0.011760
-0.008711,-0.046420,-0.023099,-0.023231,-0.017505,0.017877,-0.001996,0.008780,0.004520,-0.011843,-0.052320,-0.027564,0.021870,0.002251,0.015214,0.004540,-0.012857
-0.007604,-0.032845,-0.011721,-0.021354,-0.020227,0.002106,0.000133,0.000113,0.002362,-0.008134,-0.029453,-0.020905,0.015658,0.003542,0.022569,0.004683,-0.009337
0.004638,-0.015469,0.008662,0.007995,-0.025168,-0.011966,-0.005355,-0.010968,-0.001752,-0.005326,-0.018649,-0.011408,0.012682,0.004294,0.026638,0.014949,-0.004056
0.018944,0.009164,0.026276,0.040667,-0.022808,-0.024469,-0.010371,-0.018298,-0.006181,-0.005818,-0.006444,0.024014,0.011166,0.013118,0.022191,0.024107,0.000788
0.025137,0.026973,0.044754,0.069316,-0.028306,-0.033219,-0.012350,-0.025219,-0.011270,-0.016348,-0.011573,0.047262,0.007309,0.019208,0.015018,0.033240,0.006319
0.023753,0.028281,0.054286,0.064905,-0.034256,-0.027254,-0.014847,-0.028055,-0.017677,-0.019287,-0.014461,0.044564,-0.001647,0.018777,0.007761,0.038459,0.007755
0.024627,0.034732,0.059287,0.045014,-0.035998,-0.036768,-0.015087,-0.022489,-0.022926,-0.021745,-0.010771,0.035764,-0.013678,0.015413,-0.014861,0.036907,0.006984
0.039704,0.054049,0.051170,0.020201,-0.036158,-0.030963,-0.012406,-0.017388,-0.033043,-0.024758,-0.009247,0.014599,-0.020118,0.011351,-0.032070,0.038032,-0.004403
0.046857,0.065368,0.044771,0.004105,-0.033255,-0.024621,-0.002761,-0.009197,-0.040808,-0.025249,0.001306,-0.005156,-0.020746,0.007493,-0.045286,0.014788,-0.013729
0.046590,0.066703,0.035318,-0.011908,-0.027774,-0.010611,0.007934,-0.004465,-0.043042,-0.018578,0.006310,-0.029666,-0.018498,0.001860,-0.053145,-0.016922,-0.023167
0.037018,0.058547,0.019531,-0.030554,-0.021071,0.003641,0.018621,-0.001139,-0.041194,-0.008346,0.019026,-0.039735,-0.012297,-0.006802,-0.048466,-0.026424,-0.027523
0.034563,0.049852,0.013022,-0.028246,-0.018773,0.015315,0.018265,0.002174,-0.040313,-0.001887,0.032051,-0.041069,-0.003572,-0.021167,-0.036456,-0.026899,-0.027266
0.030172,0.042799,0.007217,-0.017374,-0.012266,0.017755,0.011336,-0.001341,-0.035803,0.007179,0.036876,-0.008719,0.013573,-0.024050,-0.027635,-0.026003,-0.024369
0.013937,0.011930,0.008780,-0.007967,-0.009324,0.011108,0.002555,-0.002689,-0.030819,0.005767,0.035747,0.029058,0.024337,-0.018763,-0.015120,-0.013534,-0.018411
-0.000168,-0.015675,0.007215,-0.005451,-0.008606,0.013353,-0.002378,-0.003186,-0.025211,0.012600,0.029571,0.051211,0.029167,-0.014371,0.001027,0.002650,-0.010739
-0.013617,-0.032777,0.012799,-0.006763,-0.006920,-0.004527,-0.000733,-0.002814,-0.016790,0.015379,0.023004,0.057343,0.029990,-0.010995,0.005007,0.018609,-0.004242
-0.008794,-0.033117,0.011957,-0.002898,-0.009006,-0.014415,0.003240,-0.006254,-0.015271,0.000589,0.014009,0.054871,0.032812,-0.006022,-0.002780,0.024884,-0.006826
-0.004466,-0.030108,0.013245,-0.005971,-0.011650,-0.022448,0.010151,-0.009577,-0.015214,-0.013625,0.011380,0.041746,0.032603,-0.003956,-0.014150,0.019210,-0.009317
0.001615,-0.016181,0.017693,0.009608,-0.012651,-0.026816,0.013715,-0.007855,-0.013875,-0.017730,0.010129,0.021633,0.035459,0.001846,-0.024584,-0.009242,-0.008430
0.000786,-0.020718,0.017289,0.022655,-0.012088,-0.015669,0.016047,-0.006137,-0.015886,-0.018958,0.005528,0.004716,0.030598,0.006648,-0.020535,-0.015626,-0.007767
-0.010417,-0.018850,0.012228,0.033170,-0.014948,-0.009334,0.015367,-0.004312,-0.018027,-0.020108,-0.009350,-0.005173,0.028626,0.006296,-0.014246,-0.028810,-0.004937
-0.019185,-0.012427,-0.005561,0.035118,-0.016725,-0.006495,0.011247,-0.010040,-0.016390,-0.021123,-0.019099,-0.015047,0.024655,0.006393,-0.001447,-0.035047,-0.002238
-0.026207,-0.001951,-0.024620,0.028258,-0.018223,-0.010622,0.008486,-0.012548,-0.015850,-0.020659,-0.025422,-0.018806,0.020004,0.010423,0.004028,-0.036670,0.002355
-0.024523,0.007238,-0.035989,0.019373,-0.016481,-0.016005,0.008902,-0.014166,-0.016259,-0.008282,-0.037393,-0.019921,0.012133,0.010106,0.013196,-0.032423,0.005407
-0.017915,0.021086,-0.043234,0.009395,-0.012890,-0.013240,0.011836,-0.010939,-0.015113,0.005856,-0.044623,-0.018090,0.002589,0.007443,0.022505,-0.022004,0.002077
-0.009399,0.043470,-0.042148,0.013309,-0.011784,-0.006568,0.010511,-0.007503,-0.013595,0.007600,-0.046269,-0.013268,-0.018394,0.004403,0.022299,-0.015374,0.002401
-0.001497,0.052047,-0.034439,-0.008547,-0.011152,0.002040,0.012454,-0.002402,-0.011527,0.008387,-0.037750,-0.007742,-0.036112,-0.003207,0.012106,-0.005817,0.001491
0.007273,0.072002,-0.018205,-0.003004,-0.008359,0.009822,0.014899,0.002444,-0.007949,0.011000,-0.023333,0.003741,-0.045170,-0.006804,-0.006090,0.003830,0.002427
0.013477,0.060948,-0.004226,-0.004477,-0.004359,0.013228,0.015636,0.007012,-0.010531,0.021840,-0.008082,0.007370,-0.054440,-0.013545,-0.007469,0.023369,0.003422
0.001842,0.044754,0.010777,0.002267,-0.004378,0.002860,0.011356,0.015384,-0.009095,0.019394,-0.011724,0.011703,-0.050357,-0.016952,-0.008333,0.022984,0.004525
-0.012001,0.021965,0.013460,-0.002713,-0.005844,-0.006590,0.004534,0.017744,-0.008095,0.011368,-0.012212,0.007387,-0.044704,-0.015135,-0.001466,0.017567,0.003817
-0.021900,0.010352,0.008824,-0.000505,-0.004345,-0.004273,-0.002595,0.012702,-0.005624,-0.000842,-0.010013,0.000493,-0.031895,-0.011308,0.002162,0.010456,0.003190
-0.023115,0.005760,0.005324,0.010571,0.000411,-0.003996,-0.006950,-0.002972,-0.004861,-0.012972,-0.011672,-0.013754,-0.013432,-0.015629,0.010342,-0.004045,0.007889
-0.017177,0.006212,0.005108,0.023694,0.005102,0.003176,-0.009591,-0.013295,-0.005067,-0.023541,-0.014112,-0.027692,0.004182,-0.017846,0.017074,-0.009518,0.009526
-0.003306,0.016899,0.004632,0.039767,-0.001909,-0.002551,-0.005984,-0.016865,-0.010169,-0.027935,-0.011460,-0.036519,0.008153,-0.021062,0.023977,-0.009895,0.016671
0.010276,0.018018,0.000543,0.010306,-0.011224,-0.011991,-0.003345,-0.016936,-0.014428,-0.027451,-0.006227,-0.030229,-0.001568,-0.032346,0.020265,-0.004257,0.092316
0.008815,-0.004125,-0.000737,-0.036571,-0.017784,-0.028029,-0.004927,-0.013084,-0.005465,-0.016718,0.003616,-0.014889,-0.012611,-0.066978,-0.005693,0.010183,0.216809
0.003696,-0.029248,0.000367,-0.080652,-0.021950,-0.052206,-0.008079,-0.007637,0.003712,0.011442,0.013708,-0.001649,-0.019197,-0.093426,-0.026952,0.030122,0.309510
-0.002958,-0.047049,-0.000085,-0.091565,-0.023460,-0.075218,-0.010951,0.002853,0.011512,0.022913,0.030133,0.020018,-0.018310,-0.107351,-0.048573,0.043040,0.363908
0.002007,-0.052937,-0.002801,-0.101234,-0.026039,-0.089222,-0.011437,0.003745,0.005598,0.024169,0.041143,0.037805,-0.015563,-0.088688,-0.064080,0.034687,0.343307
0.003147,-0.018733,-0.005953,-0.078408,-0.023572,-0.073578,-0.012235,-0.007181,-0.007098,-0.001167,0.043671,0.040067,-0.000741,-0.043856,-0.067086,0.018166,0.239344
0.012087,0.021535,-0.004787,-0.038997,-0.014479,-0.040166,-0.015872,-0.026770,-0.017386,-0.030217,0.044232,0.032852,0.001574,0.002091,-0.061013,-0.001076,0.096959
0.015077,0.057909,0.001924,0.014554,-0.002605,-0.001824,-0.023275,-0.045446,-0.026705,-0.054824,0.041592,0.017400,0.001618,0.046866,-0.050415,-0.019260,-0.061378
0.030753,0.092025,0.003928,0.082771,-0.000488,0.023671,-0.021272,-0.054715,-0.040882,-0.069430,0.013318,0.000322,0.004839,0.086235,-0.038639,-0.037079,-0.236939
0.039405,0.113748,-0.002243,0.109749,-0.002729,0.053041,-0.015146,-0.058294,-0.056362,-0.063697,-0.018455,-0.010094,-0.006688,0.111403,-0.028490,-0.053044,-0.329604
0.023901,0.097479,-0.017186,0.104619,-0.010339,0.066446,-0.013977,-0.051838,-0.060371,-0.047727,-0.039728,-0.028360,-0.018068,0.096703,-0.041035,-0.055556,-0.323288
0.000972,0.066245,-0.027977,0.083026,-0.016833,0.054265,-0.016190,-0.037777,-0.053388,-0.029459,-0.050629,-0.039911,-0.026242,0.070984,-0.050519,-0.047100,-0.275287
-0.019358,0.021305,-0.039244,0.066200,-0.021625,0.026087,-0.019849,-0.017912,-0.047214,-0.018274,-0.044161,-0.032814,-0.018108,0.035132,-0.060117,-0.041854,-0.192117
-0.026101,-0.028810,-0.050894,0.037046,-0.031469,-0.016028,-0.024108,-0.005539,-0.046237,-0.006744,-0.037406,-0.021299,-0.009689,0.011099,-0.063466,-0.047774,-0.110786
-0.030595,-0.040858,-0.060219,0.022466,-0.043432,-0.044558,-0.029428,0.000135,-0.052047,-0.015491,-0.028176,-0.027595,0.011091,0.002137,-0.057878,-0.054887,-0.068121
-0.030817,-0.048500,-0.056230,0.004179,-0.047842,-0.058540,-0.029885,0.004541,-0.052123,-0.031365,-0.015260,-0.034601,0.013383,-0.000083,-0.050890,-0.057731,-0.043954
-0.033247,-0.061532,-0.046663,-0.010591,-0.045182,-0.067354,-0.030810,0.006254,-0.046742,-0.044343,0.004963,-0.036939,0.001727,-0.002908,-0.049640,-0.053429,-0.027702
-0.019544,-0.051653,-0.036127,-0.011265,-0.039050,-0.082834,-0.028676,-0.000093,-0.037112,-0.049528,0.012417,-0.032116,-0.010543,-0.005140,-0.047809,-0.048474,-0.025064
-0.009100,-0.044554,-0.018778,-0.001637,-0.029930,-0.076354,-0.019580,-0.005995,-0.029173,-0.037226,0.013769,-0.030381,-0.022048,-0.006981,-0.037959,-0.041197,-0.025146
-0.004539,-0.032665,-0.008278,0.001869,-0.023208,-0.053094,-0.004680,-0.014778,-0.029037,-0.018584,0.009680,-0.029501,-0.022444,-0.007697,-0.037156,-0.020324,-0.027457
0.000573,-0.017990,-0.000558,0.019228,-0.015028,-0.031034,0.009209,-0.019346,-0.024453,-0.006193,0.008785,-0.026561,-0.020066,-0.004643,-0.038244,0.006007,-0.026676
-0.005125,-0.005311,0.001918,0.031115,-0.011552,-0.010334,0.016128,-0.028876,-0.019519,-0.010086,0.017450,-0.003890,-0.002959,-0.002267,-0.039347,0.031614,-0.025642
-0.011194,0.002877,0.000067,0.035641,-0.011099,-0.003352,0.018770,-0.034763,-0.014707,-0.013144,0.018446,0.018963,0.013776,-0.000132,-0.034904,0.048002,-0.019610
-0.015180,0.009382,-0.005743,0.036994,-0.015196,0.003763,0.014708,-0.034623,-0.013119,-0.013993,0.016217,0.030667,0.030021,-0.000067,-0.024914,0.059478,-0.013077
-0.022132,0.012639,-0.007229,0.029919,-0.017769,0.012474,0.009024,-0.029915,-0.010299,-0.018763,0.013365,0.034337,0.039961,0.000171,-0.016111,0.056433,-0.004849
-0.027696,0.001815,-0.009290,0.018663,-0.017343,0.021611,0.001753,-0.020997,-0.005601,-0.022100,0.012020,0.034732,0.036980,-0.000369,-0.017279,0.051791,-0.001150
-0.025184,0.002057,-0.009723,0.004833,-0.015097,0.016029,-0.004677,-0.017192,0.000459,-0.020767,0.014539,0.031853,0.027204,-0.000926,-0.017082,0.038262,0.000756
-0.019587,0.001600,-0.006636,0.009872,-0.011742,0.007843,-0.006970,-0.011042,0.004653,-0.016797,0.016342,0.021047,0.012970,-0.001507,-0.011427,0.021624,0.000588
-0.011193,0.000914,-0.002326,-0.002742,-0.006710,0.004283,-0.004208,-0.007522,0.002659,-0.009543,0.009338,0.012027,0.005668,-0.002106,-0.003589,0.010641,0.000336
