AU01,AU02,AU04,AU05,AU06,AU07,AU09,AU10,AU12,AU14,AU15,AU17,AU20,AU23,AU25,AU26,AU45
0.000169,0.000893,0.002389,-0.009131,0.013741,-0.013113,0.005309,0.005210,0.028988,0.001556,0.000008,-0.012904,-0.000462,-0.001378,0.019616,-0.000075,0.001494
0.000115,0.001164,0.003177,-0.006979,0.018365,-0.013952,0.005560,0.007404,0.035841,0.001768,0.000251,-0.015509,-0.000482,-0.002731,0.025472,-0.001009,0.002001
0.000151,0.001420,0.003930,-0.004773,0.023466,-0.012811,0.006633,0.010783,0.042917,0.001246,0.000710,-0.018960,-0.001443,-0.004564,0.032059,-0.002852,0.001699
0.000218,0.000131,0.003887,-0.002959,0.028572,-0.009812,0.007897,0.014635,0.050237,0.000541,0.000703,-0.023129,-0.002595,-0.006841,0.039656,-0.006158,0.000957
0.000290,-0.000072,0.002241,-0.001680,0.034128,-0.005731,0.009493,0.018091,0.057481,0.000020,0.000307,-0.027377,-0.003299,-0.009661,0.047547,-0.010113,0.000425
0.000361,-0.000607,0.001110,-0.000684,0.039806,-0.002828,0.011446,0.021331,0.064397,-0.000111,0.000001,-0.031434,-0.003939,-0.012555,0.055242,-0.014259,0.000109
0.000151,-0.000971,0.000487,-0.000126,0.045822,-0.001000,0.013530,0.024909,0.070911,-0.000452,-0.000157,-0.034825,-0.004490,-0.015098,0.063593,-0.018402,0.000005
0.000038,-0.001145,0.000188,0.000009,0.051572,-0.000166,0.015590,0.028715,0.077369,-0.000694,-0.000456,-0.037939,-0.005352,-0.017446,0.071875,-0.022207,-0.000026
0.000000,-0.001316,0.000010,0.000270,0.057375,0.000000,0.017461,0.033336,0.083601,-0.000754,-0.000779,-0.040194,-0.006090,-0.019588,0.080202,-0.025749,-0.000138
-0.000045,-0.001501,-0.000030,0.000341,0.062984,0.000168,0.019110,0.038218,0.088775,-0.000773,-0.001131,-0.042092,-0.007128,-0.021431,0.087480,-0.028574,-0.000410
-0.000172,-0.001962,-0.000193,0.000437,0.068519,0.000685,0.020457,0.043587,0.093184,-0.000817,-0.001485,-0.043165,-0.008147,-0.022850,0.093809,-0.030994,-0.000859
-0.000258,-0.002430,-0.000339,0.000985,0.073217,0.002165,0.022198,0.048452,0.096321,-0.001267,-0.002134,-0.043691,-0.008973,-0.023790,0.098706,-0.032967,-0.001404
-0.000213,-0.003499,-0.000512,0.001832,0.077074,0.004445,0.023654,0.052586,0.097929,-0.001889,-0.002777,-0.044069,-0.009914,-0.024344,0.103430,-0.032658,-0.002575
-0.000123,-0.004596,-0.000513,0.002939,0.080309,0.009058,0.024658,0.055435,0.098657,-0.002844,-0.003287,-0.044318,-0.011218,-0.024309,0.106799,-0.030985,-0.003987
0.000002,-0.005181,-0.000426,0.004248,0.082277,0.014549,0.025523,0.057352,0.097792,-0.004141,-0.003061,-0.043904,-0.011615,-0.023312,0.108874,-0.029015,-0.005924
0.000004,-0.003697,-0.000612,0.004972,0.082682,0.018429,0.025454,0.058329,0.095353,-0.005885,-0.003365,-0.043404,-0.012923,-0.022168,0.108755,-0.027297,-0.008265
0.000019,-0.002364,-0.000595,0.005673,0.082010,0.019113,0.025932,0.058985,0.093105,-0.007579,-0.003716,-0.042156,-0.014571,-0.020794,0.106758,-0.028163,-0.011052
0.000171,-0.002089,-0.000752,0.007076,0.081157,0.019111,0.025984,0.058668,0.090178,-0.009010,-0.002644,-0.039858,-0.016161,-0.019489,0.103095,-0.027742,-0.014111
0.000475,-0.001467,-0.000868,0.009312,0.079095,0.020126,0.026431,0.058149,0.085974,-0.010122,-0.001543,-0.036782,-0.017176,-0.017809,0.098834,-0.026453,-0.017140
0.001566,-0.000674,-0.000133,0.011955,0.076708,0.023174,0.026807,0.057864,0.081168,-0.011114,-0.000782,-0.033621,-0.018132,-0.015811,0.093031,-0.022698,-0.019352
0.003534,-0.000110,0.000173,0.014339,0.073665,0.027395,0.027516,0.057383,0.076211,-0.012548,-0.000686,-0.031540,-0.021308,-0.013882,0.086604,-0.018608,-0.021045
0.006013,-0.000006,0.000997,0.015854,0.070927,0.030676,0.028528,0.056079,0.070950,-0.013853,-0.000567,-0.029090,-0.024306,-0.011916,0.079645,-0.014008,-0.021720
0.008567,0.000065,0.001090,0.016423,0.067625,0.033378,0.028620,0.053888,0.065234,-0.013502,-0.000310,-0.026165,-0.026193,-0.009616,0.073288,-0.009512,-0.021629
0.011254,0.000143,0.000724,0.015770,0.063160,0.034286,0.028254,0.050668,0.059232,-0.010770,-0.000163,-0.022552,-0.023759,-0.007370,0.066616,-0.006392,-0.020544
0.013061,-0.000005,0.000203,0.014787,0.057728,0.034543,0.026910,0.046674,0.052971,-0.008211,-0.000271,-0.019175,-0.020463,-0.004835,0.059261,-0.004448,-0.019224
0.013703,-0.000279,0.000012,0.015145,0.052413,0.035582,0.025409,0.042408,0.047076,-0.005711,-0.000506,-0.016156,-0.015917,-0.002974,0.052395,-0.002569,-0.017505
0.013708,-0.000743,-0.000023,0.015153,0.047181,0.035969,0.023554,0.038505,0.041769,-0.003328,-0.000799,-0.013414,-0.011230,-0.001536,0.046071,-0.001240,-0.015713
0.013527,-0.001054,0.000007,0.014526,0.042987,0.036345,0.021666,0.034817,0.037054,-0.001132,-0.001279,-0.011880,-0.006885,-0.000589,0.040248,-0.000515,-0.013630
0.013011,-0.001017,0.000267,0.015454,0.039574,0.035586,0.019572,0.032156,0.033264,-0.000141,-0.001138,-0.010677,-0.003653,-0.000110,0.034963,-0.000229,-0.011410
0.012955,-0.000777,0.000990,0.016811,0.035878,0.032773,0.017907,0.030478,0.029377,0.000023,-0.000766,-0.009789,-0.002362,0.000000,0.030421,0.000061,-0.009714
0.012862,-0.001534,0.002128,0.018014,0.031581,0.030776,0.016883,0.028558,0.025798,0.000277,-0.000629,-0.009094,-0.001344,0.000039,0.027575,0.000207,-0.007144
0.012591,-0.002632,0.001558,0.018414,0.027957,0.027733,0.016118,0.025994,0.022793,0.000559,-0.000317,-0.008224,-0.000119,-0.000009,0.024856,0.000269,-0.004833
0.011985,-0.004010,0.000451,0.018845,0.024690,0.023115,0.015228,0.023207,0.020350,0.000952,-0.000313,-0.006297,0.000540,-0.000211,0.022226,0.000466,-0.002424
0.010304,-0.004539,0.000002,0.019321,0.021859,0.018688,0.013658,0.020466,0.018096,0.001521,-0.000332,-0.003946,0.002897,-0.000411,0.019983,0.000638,-0.000752
0.008507,-0.004729,-0.000234,0.019563,0.019108,0.014182,0.012036,0.017994,0.016147,0.002739,-0.000429,-0.002098,0.006021,-0.000581,0.017211,0.000780,-0.000020
0.006661,-0.003462,-0.001030,0.019491,0.016731,0.011656,0.010525,0.015856,0.014630,0.004673,-0.000488,-0.000674,0.009231,-0.000833,0.015117,0.000765,0.000397
0.005369,-0.002497,-0.002206,0.016541,0.014805,0.009452,0.008917,0.014151,0.012868,0.007137,-0.000165,-0.000242,0.011223,-0.001411,0.012737,0.000566,0.001957
0.003993,-0.001953,-0.003788,0.013482,0.013694,0.007602,0.007021,0.012958,0.011572,0.008564,-0.000015,-0.000006,0.012993,-0.001972,0.010830,0.000300,0.004442
0.001857,-0.001998,-0.004160,0.012555,0.012505,0.006428,0.005724,0.011641,0.010283,0.008649,-0.000001,0.000126,0.014738,-0.002468,0.009966,0.000103,0.008006
0.000488,-0.002615,-0.003934,0.011795,0.011546,0.005053,0.004701,0.010253,0.009034,0.008620,-0.000000,0.000598,0.014958,-0.002945,0.009965,0.000207,0.010544
-0.000041,-0.003038,-0.002862,0.010584,0.010268,0.004779,0.003576,0.008307,0.008067,0.008446,0.000001,0.000523,0.014055,-0.003100,0.009594,0.000821,0.012899
-0.000664,-0.003046,-0.001772,0.009436,0.009140,0.004329,0.002642,0.006445,0.007102,0.007616,0.000115,0.000179,0.014069,-0.002752,0.008906,0.001987,0.013690
-0.002083,-0.001262,-0.001042,0.007944,0.007895,0.002247,0.001392,0.003654,0.006308,0.006883,0.000460,-0.000007,0.012949,-0.002462,0.005991,0.002497,0.014310
-0.004008,-0.000192,-0.000485,0.006400,0.006850,0.001155,0.000784,0.002036,0.005977,0.005723,0.000953,-0.000150,0.011961,-0.002170,0.002932,0.001130,0.014367
-0.006287,0.000151,-0.000046,0.004835,0.006091,0.000020,0.000184,0.000736,0.005434,0.004678,0.002345,-0.000315,0.010595,-0.001988,0.000823,0.000265,0.014184
-0.007036,0.001298,0.000068,0.003669,0.005602,-0.000097,0.000115,0.000164,0.004854,0.003704,0.003984,-0.000258,0.009089,-0.001824,0.000199,0.000135,0.013315
-0.005692,0.003876,0.000604,0.003840,0.004942,-0.000836,0.000152,0.000001,0.003791,0.002506,0.005772,-0.000213,0.007797,-0.001808,-0.000003,0.000317,0.012393
-0.004305,0.009204,0.001729,0.004639,0.004564,-0.001147,0.000605,-0.000020,0.002766,0.001448,0.006798,-0.000287,0.006701,-0.002024,-0.000571,0.000553,0.012022
-0.002996,0.014572,0.002825,0.006342,0.004017,-0.001644,0.001163,-0.000001,0.002020,0.000275,0.007764,-0.000420,0.005418,-0.002461,-0.002122,0.001189,0.011715
-0.001973,0.017991,0.002777,0.006826,0.003804,-0.002123,0.000880,0.000032,0.001631,-0.000042,0.007747,-0.000873,0.003474,-0.002681,-0.002836,0.001988,0.011804
-0.001445,0.019034,0.002412,0.006443,0.003476,-0.002146,0.000599,0.000053,0.001245,-0.000219,0.007748,-0.001399,0.002508,-0.002835,-0.003309,0.001743,0.011730
-0.000655,0.018958,0.002162,0.005240,0.002945,-0.002054,0.000589,0.000067,0.000917,-0.000555,0.007653,-0.001812,0.001887,-0.002112,-0.003760,0.001288,0.011328
-0.000245,0.019137,0.002078,0.004639,0.002531,-0.002296,0.000674,0.000352,0.000603,-0.001070,0.007613,-0.002255,0.001515,-0.001726,-0.003372,0.001010,0.010735
-0.000076,0.018962,0.001676,0.004114,0.002080,-0.003171,0.000785,0.000926,0.000350,-0.001613,0.005774,-0.003068,0.000968,-0.000921,-0.002654,0.000671,0.010180
-0.000040,0.016991,0.001718,0.003417,0.001704,-0.003912,0.001250,0.001235,0.000141,-0.001764,0.003419,-0.004513,0.000491,-0.000549,-0.001922,0.000237,0.009620
-0.000025,0.015184,0.001211,0.002770,0.001323,-0.003811,0.001668,0.001516,0.000003,-0.001888,0.001684,-0.005767,0.000117,-0.000278,-0.001649,0.000004,0.009044
-0.000004,0.013349,0.000844,0.002369,0.000839,-0.004671,0.002072,0.001901,-0.000098,-0.002745,0.000360,-0.006686,-0.000000,-0.000081,-0.001287,0.000163,0.008398
-0.000021,0.012413,0.000728,0.001691,0.000554,-0.005438,0.002847,0.002501,-0.000567,-0.003812,0.000004,-0.006652,-0.000182,0.000019,-0.000832,0.000514,0.008086
-0.000228,0.011189,0.000324,0.000953,0.000389,-0.007349,0.003469,0.003420,-0.000979,-0.004764,-0.000047,-0.006200,-0.000246,0.000244,-0.000412,0.000984,0.007571
-0.000382,0.010534,0.000006,0.000241,0.000336,-0.010724,0.003145,0.004268,-0.001067,-0.005629,-0.000254,-0.004954,-0.000021,0.000588,-0.000124,0.001937,0.007396
-0.000577,0.010231,-0.000216,0.000139,0.000271,-0.015181,0.002304,0.004871,-0.001175,-0.006661,-0.000712,-0.003759,0.000078,0.001027,-0.000011,0.003199,0.007087
-0.000680,0.009688,-0.001061,0.000062,0.000017,-0.020234,0.002121,0.005100,-0.001381,-0.007134,-0.002294,-0.002670,0.000137,0.001436,-0.000002,0.004491,0.006647
-0.000705,0.010328,-0.002354,0.000012,-0.000101,-0.021501,0.002059,0.004469,-0.001680,-0.007448,-0.004723,-0.001619,0.000037,0.001695,0.000002,0.005572,0.006099
-0.000396,0.010213,-0.004214,-0.000071,-0.000466,-0.021801,0.002023,0.003227,-0.002314,-0.007569,-0.005017,-0.001075,-0.000023,0.001561,0.000004,0.005074,0.005258
-0.000162,0.009885,-0.006642,-0.000628,-0.000716,-0.021642,0.001738,0.001638,-0.002872,-0.008086,-0.004847,-0.000581,-0.000198,0.001558,0.000000,0.004200,0.004596
-0.000240,0.007859,-0.007023,-0.001053,-0.001091,-0.020856,0.001742,0.000604,-0.003397,-0.008786,-0.004547,-0.000222,-0.000213,0.001905,0.000017,0.002219,0.003810
-0.000303,0.005807,-0.006430,-0.001050,-0.001138,-0.016316,0.001859,0.000101,-0.003376,-0.009394,-0.003597,0.000004,-0.000676,0.002221,0.000100,0.001546,0.003314
-0.000611,0.004026,-0.005395,-0.001133,-0.001036,-0.012079,0.001912,0.000004,-0.003029,-0.010160,-0.002771,0.000127,-0.001423,0.002064,0.000463,0.001169,0.003070
-0.000741,0.001883,-0.003843,-0.001162,-0.000709,-0.010179,0.001814,-0.000027,-0.002605,-0.009880,-0.002225,0.000109,-0.002403,0.001840,0.000823,0.000825,0.002533
-0.001041,0.000548,-0.002827,-0.001643,-0.000403,-0.009970,0.001580,-0.000296,-0.002168,-0.009689,-0.002334,0.000135,-0.003150,0.001495,0.000512,0.000175,0.002034
-0.002346,0.000001,-0.002066,-0.002181,-0.000172,-0.006994,0.001743,-0.000612,-0.001879,-0.009526,-0.002727,0.000197,-0.003895,0.001166,0.000018,0.000151,0.001682
-0.004284,-0.000042,-0.001144,-0.001553,-0.000080,-0.004928,0.001840,-0.001130,-0.001718,-0.009177,-0.002698,0.000244,-0.004967,0.001152,-0.000242,0.000318,0.001309
-0.002856,-0.000189,-0.000574,-0.000934,-0.000000,-0.001677,0.001854,-0.002213,-0.001617,-0.007675,-0.002498,0.001116,-0.005776,0.001165,-0.000891,0.001236,0.000524
-0.001696,-0.000919,-0.000261,-0.000152,0.000017,-0.000246,0.001856,-0.003221,-0.001865,-0.006315,-0.001877,0.002446,-0.004861,0.001141,-0.001984,0.002012,0.000001
-0.001647,-0.001596,-0.000391,0.000365,0.000116,0.000074,0.002144,-0.003764,-0.002097,-0.005268,-0.001417,0.004219,-0.002911,0.001065,-0.003993,0.002615,-0.000338
-0.002288,-0.002227,-0.000498,0.001640,0.000168,0.001070,0.002132,-0.002971,-0.002311,-0.004612,-0.000939,0.005665,-0.000913,0.000896,-0.005995,0.003628,-0.001240
-0.002963,-0.003208,-0.000487,0.002069,0.000082,0.003023,0.001994,-0.002164,-0.002169,-0.003962,-0.001187,0.006308,-0.000172,0.000277,-0.007134,0.004603,-0.001291
-0.004005,-0.004787,-0.000454,0.002218,0.000021,0.004388,0.001744,-0.001323,-0.001919,-0.003262,-0.001362,0.006801,0.000004,0.000024,-0.007269,0.004862,-0.001303
-0.004389,-0.006472,-0.000161,0.001975,0.000011,0.006100,0.001756,-0.000408,-0.001637,-0.002690,-0.000642,0.008488,0.000289,-0.000004,-0.007377,0.004544,-0.001388
-0.003452,-0.005525,-0.000002,0.002706,0.000017,0.007700,0.001178,0.000003,-0.001125,-0.001953,-0.000029,0.010103,0.000997,-0.000077,-0.006536,0.004389,-0.001573
-0.002387,-0.004580,0.000072,0.003378,0.000029,0.007502,0.000582,0.000562,-0.000674,-0.000724,0.000078,0.010776,0.001826,-0.000180,-0.005403,0.004026,-0.001507
-0.001569,-0.005456,0.000564,0.004137,0.000025,0.006856,0.000483,0.001422,-0.000378,-0.000026,0.000344,0.010532,0.002930,-0.000434,-0.004221,0.002605,-0.001304
-0.000878,-0.006878,0.000697,0.004866,0.000020,0.006011,0.000264,0.002144,-0.000253,0.000349,0.000517,0.008973,0.004059,-0.000746,-0.003573,0.001524,-0.001097
-0.000377,-0.008534,0.000819,0.005483,0.000000,0.005397,0.000283,0.003120,-0.000151,0.000865,0.000349,0.007011,0.005744,-0.001067,-0.002909,0.001069,-0.000871
-0.000199,-0.008890,0.000622,0.005709,0.000002,0.005106,0.000164,0.004713,-0.000073,0.001483,0.000454,0.005772,0.007588,-0.000945,-0.002571,0.000721,-0.000571
-0.000167,-0.008345,0.000579,0.005726,0.000011,0.006106,0.000078,0.006665,-0.000001,0.002178,0.000603,0.004928,0.009345,-0.001008,-0.001785,0.000440,-0.000321
-0.000035,-0.006979,0.000678,0.005041,0.000048,0.007007,0.000023,0.008454,0.000034,0.002687,0.000799,0.004122,0.010918,-0.000883,-0.001087,0.000161,-0.000159
0.000000,-0.005089,0.001059,0.005052,0.000076,0.006729,-0.000017,0.009111,0.000053,0.003012,0.000889,0.003660,0.011960,-0.000738,-0.000529,0.000027,-0.000038
0.000057,-0.006634,0.001928,0.000306,-0.004093,0.001929,-0.000855,0.001237,-0.004778,0.001573,0.002202,0.005957,0.012859,0.000069,-0.004180,0.000888,-0.000323
0.000229,-0.008161,0.002809,-0.000320,-0.011457,0.000146,-0.002272,-0.000013,-0.013140,0.000632,0.003683,0.008372,0.013407,0.000750,-0.009289,0.002397,-0.000706
0.000493,-0.009838,0.003607,-0.002178,-0.020202,-0.000289,-0.003878,-0.001331,-0.023110,0.000132,0.005582,0.010725,0.013872,0.001775,-0.014999,0.003849,-0.001331
0.000783,-0.011250,0.004301,-0.005364,-0.029595,-0.002242,-0.005675,-0.004280,-0.034028,0.000043,0.007719,0.012880,0.014125,0.003040,-0.021351,0.005259,-0.001847
0.001107,-0.012980,0.005541,-0.009301,-0.039340,-0.005721,-0.006995,-0.008213,-0.045064,0.000007,0.010013,0.014656,0.015114,0.004842,-0.028219,0.005748,-0.002504
0.001488,-0.014395,0.006924,-0.012914,-0.048601,-0.007482,-0.008218,-0.012706,-0.055249,-0.000005,0.013013,0.016048,0.015384,0.006766,-0.034853,0.006748,-0.003111
0.001890,-0.015463,0.008278,-0.016416,-0.056536,-0.009143,-0.009311,-0.016709,-0.064469,-0.000206,0.016020,0.017040,0.015389,0.008147,-0.040021,0.007484,-0.003670
0.002549,-0.016762,0.010183,-0.019924,-0.063550,-0.012819,-0.010384,-0.020647,-0.072703,-0.000328,0.018109,0.017607,0.015127,0.009346,-0.044464,0.007958,-0.004164
0.003277,-0.017841,0.012075,-0.024173,-0.069382,-0.016775,-0.011295,-0.023800,-0.079764,-0.000859,0.018831,0.018181,0.014557,0.010356,-0.048129,0.008154,-0.004572
0.003470,-0.018542,0.013722,-0.028293,-0.074066,-0.019692,-0.011529,-0.026528,-0.085717,-0.001591,0.018668,0.018481,0.013803,0.011174,-0.052074,0.009755,-0.004716
0.003605,-0.018849,0.015036,-0.029504,-0.077698,-0.021600,-0.011541,-0.028835,-0.090265,-0.002524,0.018661,0.018356,0.012625,0.012205,-0.055370,0.012310,-0.004753
0.005125,-0.018889,0.015726,-0.029752,-0.080044,-0.022301,-0.012040,-0.031626,-0.093451,-0.002727,0.018982,0.019230,0.011466,0.013151,-0.058250,0.014916,-0.005011
0.006967,-0.020189,0.015578,-0.029429,-0.081033,-0.022243,-0.012351,-0.034435,-0.095108,-0.002870,0.018984,0.019886,0.010638,0.014101,-0.060688,0.016456,-0.005647
0.007133,-0.021194,0.014524,-0.028629,-0.080677,-0.021797,-0.011937,-0.036399,-0.095194,-0.003356,0.018258,0.020785,0.009883,0.014863,-0.062204,0.017356,-0.006309
0.005952,-0.021784,0.013249,-0.029516,-0.078996,-0.020334,-0.011313,-0.036934,-0.093720,-0.003826,0.017208,0.020767,0.009539,0.015425,-0.062096,0.018247,-0.006924
0.004582,-0.022045,0.012255,-0.030393,-0.076479,-0.018510,-0.010494,-0.036804,-0.090710,-0.004203,0.015866,0.020559,0.009042,0.014965,-0.060680,0.018746,-0.006671
0.003274,-0.022036,0.011074,-0.030846,-0.072711,-0.018116,-0.009550,-0.035543,-0.086157,-0.004540,0.014347,0.020000,0.008316,0.014260,-0.057387,0.018968,-0.006264
0.002270,-0.021697,0.009732,-0.030685,-0.067592,-0.017428,-0.008522,-0.033007,-0.080195,-0.004918,0.013452,0.020062,0.007388,0.013446,-0.053133,0.018667,-0.005754
0.001706,-0.019304,0.008329,-0.027717,-0.061381,-0.015819,-0.007892,-0.029938,-0.072739,-0.005255,0.012745,0.019829,0.006353,0.012415,-0.048021,0.018077,-0.005224
0.001230,-0.016614,0.006876,-0.024317,-0.054178,-0.013953,-0.007401,-0.026239,-0.064139,-0.004764,0.011834,0.018941,0.005237,0.010955,-0.042227,0.017209,-0.004611
0.000853,-0.014206,0.005620,-0.020794,-0.046173,-0.012121,-0.006532,-0.022392,-0.054680,-0.004048,0.010623,0.017048,0.004157,0.009248,-0.036025,0.014620,-0.003929
0.000496,-0.012020,0.004317,-0.016997,-0.037570,-0.010234,-0.005766,-0.018524,-0.044612,-0.003413,0.008814,0.013869,0.003201,0.007429,-0.029554,0.011846,-0.003296
0.000189,-0.009684,0.003022,-0.013040,-0.028723,-0.008496,-0.004549,-0.014461,-0.034163,-0.002805,0.006609,0.010346,0.002448,0.005581,-0.022793,0.009082,-0.002624
0.000001,-0.006989,0.001856,-0.008958,-0.019871,-0.006418,-0.003310,-0.009984,-0.023697,-0.002171,0.004428,0.007059,0.001921,0.003965,-0.015971,0.006312,-0.001836
-0.000016,-0.004044,0.000970,-0.005132,-0.011477,-0.003640,-0.001967,-0.005633,-0.013680,-0.001338,0.002547,0.004010,0.001187,0.002235,-0.009248,0.003680,-0.001052
-0.000006,-0.001517,0.000297,-0.001868,-0.004278,-0.001285,-0.000698,-0.001959,-0.005092,-0.000568,0.000958,0.001422,0.000512,0.000838,-0.003468,0.001364,-0.000402
