AU01,AU02,AU04,AU05,AU06,AU07,AU09,AU10,AU12,AU14,AU15,AU17,AU20,AU23,AU25,AU26,AU45
-0.037302,-0.029937,-0.110554,-0.064300,0.024292,0.035517,-0.172678,-0.183695,0.005834,-0.019083,-0.048384,0.037867,-0.147867,-0.296929,-0.049204,-0.196398,-0.112645
-0.039946,-0.042284,-0.109025,-0.081606,0.025971,0.051363,-0.186392,-0.190609,0.007430,-0.012350,-0.049321,0.043462,-0.159302,-0.297238,-0.057879,-0.210026,-0.107332
-0.038700,-0.048806,-0.095661,-0.089664,0.028632,0.063004,-0.183433,-0.177618,0.008185,-0.004630,-0.048189,0.047792,-0.155475,-0.268331,-0.054584,-0.209823,-0.088557
-0.036207,-0.050279,-0.071871,-0.097291,0.027950,0.056988,-0.164127,-0.142955,0.008742,0.003948,-0.039230,0.046888,-0.135301,-0.208444,-0.044117,-0.188667,-0.063676
-0.038142,-0.047592,-0.022464,-0.098971,0.025788,0.048393,-0.122430,-0.088827,0.008629,0.012957,-0.025021,0.040750,-0.107094,-0.120580,-0.030629,-0.138392,-0.025672
-0.032800,-0.039095,0.033625,-0.082317,0.023568,0.024704,-0.059844,-0.015235,0.009967,0.029100,-0.003992,0.031570,-0.070252,-0.001735,-0.004430,-0.052253,0.018084
-0.021040,-0.015997,0.058302,-0.048499,0.021343,0.009368,-0.029032,-0.009010,0.009786,0.012864,-0.001008,0.013283,-0.024062,0.006774,-0.000087,-0.029308,0.007115
-0.007872,0.007693,0.061200,-0.010680,0.028487,-0.002650,-0.011817,-0.002871,0.009028,-0.000449,0.001286,0.022533,-0.035734,0.008801,0.024504,-0.003339,-0.008541
0.004276,0.031305,0.069622,0.008488,0.033321,-0.000751,0.005272,0.011043,0.016456,-0.007311,0.003633,0.032168,-0.031732,0.012034,0.027411,0.015581,-0.018561
0.015491,0.035522,0.053119,-0.000306,0.035006,0.012142,0.017184,0.019917,0.026635,-0.004734,0.003809,0.037677,-0.018290,0.013332,0.035343,0.020110,-0.025804
0.026302,0.035882,0.033084,-0.005538,0.035493,-0.000941,0.024199,0.022226,0.033038,0.001596,-0.010822,0.034358,-0.001250,0.012590,0.028136,0.019872,-0.028290
0.043654,0.031771,0.013992,0.007515,0.035473,-0.006398,0.025451,0.024957,0.035966,0.007848,-0.025389,0.027313,0.015326,0.010184,0.028965,0.009709,-0.022079
0.053379,0.023393,-0.008443,0.022335,0.038355,0.005224,0.017889,0.029420,0.035940,0.015787,-0.026287,0.017007,0.027671,0.007852,0.028001,0.016988,-0.016177
0.034553,-0.001580,-0.015607,0.024725,0.037073,0.019863,0.007938,0.030146,0.032364,0.028375,-0.025663,0.005096,0.032027,0.003116,0.021094,0.020747,-0.001990
0.011752,-0.026867,-0.025777,0.005342,0.032967,0.024849,-0.001398,0.031749,0.029670,0.053642,-0.016073,0.005138,0.027682,0.006145,0.012472,0.013871,0.009484
0.006208,-0.010785,-0.031361,-0.005453,0.030070,0.059824,-0.005097,0.036131,0.026125,0.057235,-0.013148,-0.002736,0.016774,0.010653,-0.006498,0.011915,0.017428
0.012026,0.003449,-0.020636,-0.004995,0.026460,0.092305,-0.002163,0.037164,0.017911,0.059701,-0.000296,0.010115,0.000015,0.013323,-0.011887,0.008124,0.020835
0.018350,0.014317,-0.008583,0.013073,0.020344,0.109949,0.003067,0.042341,0.013881,0.052528,0.004343,0.007254,-0.004985,0.017994,-0.044986,0.002268,0.022236
0.019386,0.023476,-0.010662,0.009780,0.014659,0.115030,0.011366,0.044798,0.015715,0.035491,0.017765,0.006335,-0.012708,0.020953,-0.052374,-0.015446,0.025120
0.014189,0.040076,-0.019520,0.002553,0.012005,0.082276,0.022158,0.043886,0.015567,0.019796,0.006706,-0.001867,-0.015624,0.016266,-0.063213,-0.033581,0.024276
0.016135,0.057596,-0.028356,0.007585,0.007966,0.035528,0.027040,0.040541,0.016759,0.002544,0.000940,-0.012892,-0.015720,0.009042,-0.061822,-0.050980,0.021313
0.008329,0.068162,-0.038039,0.009863,0.009709,-0.015972,0.026854,0.032402,0.016071,-0.026234,0.008175,-0.013071,-0.015691,0.000412,-0.052568,-0.037996,0.016895
-0.016991,0.057573,-0.041730,0.017011,0.011428,-0.060570,0.020416,0.020225,0.014408,-0.049923,0.012954,-0.015269,-0.011080,-0.009206,-0.036812,-0.015179,0.013739
-0.040575,0.034587,-0.038053,0.004301,0.012073,-0.091522,0.009778,0.009826,0.014530,-0.053196,0.022015,-0.009082,-0.003381,-0.014062,-0.020636,-0.008766,0.007782
-0.056193,0.034061,-0.024590,-0.014016,0.010935,-0.084004,0.005141,0.019499,0.015662,-0.045703,0.016282,-0.018494,-0.001224,-0.017230,0.000617,-0.001168,-0.000543
-0.053101,0.028432,-0.012974,-0.033223,0.010946,-0.049484,-0.003731,0.026562,0.018906,-0.030055,0.022141,-0.016454,0.000581,-0.018324,0.019086,-0.001509,-0.007101
-0.039297,0.019490,-0.002866,-0.034814,0.011134,-0.016610,-0.014357,0.031196,0.021247,-0.003224,0.020925,-0.025192,0.009126,-0.015914,0.020651,0.002461,-0.013859
-0.023040,0.008446,0.010401,-0.032541,0.012575,0.012686,-0.020288,0.035882,0.025907,0.008009,0.024136,-0.034323,0.018513,-0.011242,0.020855,-0.016500,-0.012196
-0.008095,0.004357,0.011196,-0.023553,0.016478,0.040810,-0.021618,0.044672,0.026810,0.026743,0.018563,-0.045691,0.024908,-0.013989,0.018962,-0.014509,-0.006356
0.004909,-0.008813,0.000743,-0.020202,0.018966,0.053200,-0.022340,0.052814,0.032622,0.044121,0.010882,-0.053711,0.026954,-0.019599,0.018992,-0.021848,-0.001634
0.005959,-0.021237,-0.014885,-0.029785,0.018332,0.037039,-0.015028,0.053032,0.034422,0.051048,0.008797,-0.046244,0.029047,-0.023055,0.015406,-0.026472,0.003147
-0.004304,-0.029762,-0.022700,-0.033503,0.021358,0.035694,-0.007125,0.044520,0.035731,0.048455,-0.005198,-0.032077,0.028129,-0.024383,0.009455,-0.026852,0.008557
-0.014323,-0.046048,-0.024881,-0.031281,0.023136,0.029203,-0.003311,0.029230,0.034550,0.040814,-0.016754,-0.015107,0.029165,-0.024699,0.003158,-0.024458,0.013920
-0.024249,-0.045061,-0.011915,-0.025555,0.026459,0.017778,0.008628,0.024529,0.025356,0.037442,-0.029188,-0.016801,0.017181,-0.024940,0.002568,-0.017440,0.012686
-0.031940,-0.047316,0.001848,-0.020991,0.028594,0.024833,0.012526,0.015721,0.017528,0.031598,-0.024221,-0.017965,0.005666,-0.020813,0.012387,-0.005842,0.011818
-0.033245,-0.039676,0.015191,-0.014931,0.030817,0.055406,0.020715,0.007005,0.011305,0.036962,-0.013877,-0.016175,-0.005485,-0.018806,0.019449,0.009076,0.007717
-0.030995,-0.025250,0.022064,-0.008879,0.032214,0.081411,0.026982,0.008047,0.009443,0.030461,-0.005492,-0.013595,-0.004592,-0.017672,0.030514,-0.009871,0.004823
-0.029590,-0.005942,0.022218,-0.011660,0.035312,0.104269,0.027241,0.014022,0.007673,0.027048,0.004275,0.018053,-0.001818,-0.019238,0.041543,-0.008340,-0.002763
-0.031229,-0.012693,0.011015,-0.020162,0.034475,0.096505,0.027982,0.021505,0.011070,0.019600,0.001683,0.043710,0.003569,-0.021865,0.051454,-0.013084,-0.009082
-0.031489,-0.018533,0.006542,-0.026473,0.032068,0.076430,0.026700,0.022922,0.013312,0.013488,0.004300,0.050267,0.012880,-0.024935,0.042408,-0.010219,-0.010768
-0.031569,-0.012629,0.008009,-0.027621,0.031461,0.067084,0.028564,0.021498,0.020874,0.009872,-0.005170,0.052954,0.015367,-0.026601,0.027686,-0.008521,-0.008258
-0.027863,-0.014933,0.013688,-0.037432,0.037454,0.058075,0.030376,0.021413,0.026199,0.004172,-0.005588,0.054048,0.006043,-0.024394,0.012542,0.000759,0.014448
-0.023631,-0.007876,0.017559,-0.046004,0.050241,0.043655,0.042208,0.018406,0.027844,0.006312,-0.007413,0.047189,-0.005668,-0.025674,-0.006729,0.008392,0.048010
-0.017937,-0.006264,0.025245,-0.049102,0.061448,0.026978,0.044698,0.011873,0.019541,0.004610,-0.001758,0.032510,-0.011629,-0.026453,-0.015675,0.022102,0.087838
-0.016753,-0.000391,0.034783,-0.047674,0.068798,0.042232,0.051328,0.008480,0.018981,0.009088,-0.003503,0.010830,-0.013111,-0.032753,-0.023441,0.029333,0.126611
-0.012420,0.006425,0.036340,-0.048156,0.079738,0.053544,0.055281,0.013285,0.015130,0.012508,-0.006980,-0.020867,-0.016312,-0.040604,-0.023911,0.021033,0.155883
-0.014482,0.020665,0.032809,-0.073171,0.084057,0.085135,0.058544,0.019529,0.011927,0.014810,-0.010217,-0.025768,-0.015805,-0.044768,-0.010556,0.011119,0.176214
-0.022076,0.010877,0.035313,-0.110272,0.088352,0.100159,0.064935,0.025875,0.008587,0.019842,-0.017456,-0.025072,-0.011912,-0.043737,-0.003196,0.000634,0.189536
-0.028861,-0.000465,0.032515,-0.129943,0.083307,0.089121,0.058483,0.023632,0.007019,0.013989,-0.019108,-0.024144,0.001048,-0.036542,-0.002638,-0.005337,0.200167
-0.033870,-0.004671,0.026300,-0.125065,0.067849,0.065935,0.038844,0.020478,0.008496,0.009469,-0.020805,-0.022013,0.015451,-0.025666,-0.005105,-0.018447,0.196842
-0.040627,-0.007931,0.015034,-0.118186,0.053730,0.028470,0.016923,0.018574,0.010858,0.005751,0.000474,-0.006288,0.007236,-0.019478,-0.003996,-0.020627,0.189574
-0.041450,0.000213,-0.000044,-0.104857,0.034201,-0.000894,0.001525,0.021620,0.016146,0.006882,0.024349,0.003318,-0.002114,-0.019070,-0.001995,-0.019359,0.185479
-0.028857,0.006544,-0.014528,-0.079869,0.015490,-0.032309,-0.013712,0.024481,0.012416,-0.000765,0.049743,0.019523,-0.010852,-0.019914,-0.000042,-0.016294,0.171616
-0.019361,0.011156,-0.004727,-0.043298,-0.001376,-0.045410,-0.024478,0.028649,0.013524,-0.005316,0.059947,0.027651,-0.011463,-0.018534,0.010692,-0.015532,0.145956
0.005251,0.032824,0.003123,-0.001123,-0.005287,-0.041451,-0.030795,0.036672,0.010491,-0.009127,0.060706,0.026580,-0.007482,-0.013169,0.016954,-0.013850,0.093815
0.023762,0.056614,0.012697,0.029965,-0.010322,-0.013956,-0.023211,0.039648,0.004849,-0.010094,0.048895,0.016396,0.003228,-0.000784,0.024108,-0.007141,0.032230
0.035396,0.064968,0.034806,0.047173,-0.006866,-0.000518,-0.005092,0.032181,-0.006817,-0.000551,0.031466,0.003329,0.012035,0.013135,0.020362,0.000873,-0.026449
0.041980,0.049414,0.047102,0.064527,-0.002966,0.002777,0.014496,0.018982,-0.014192,0.002812,0.003069,-0.007676,0.024662,0.028868,0.018153,0.009870,-0.077200
0.044760,0.028957,0.058221,0.093978,0.002701,0.041461,0.020485,0.001337,-0.020176,-0.000075,-0.025692,-0.018389,0.029656,0.043902,0.015714,0.010718,-0.111940
0.035940,0.005295,0.054306,0.118749,0.007998,0.055276,0.021937,-0.015237,-0.021860,-0.005948,-0.041854,-0.016495,0.025456,0.048953,0.017871,0.011607,-0.139193
0.021619,-0.009853,0.037142,0.137879,0.002795,0.043343,0.012760,-0.024122,-0.020059,-0.009135,-0.051594,-0.018675,0.016954,0.043762,0.018063,0.010809,-0.142909
0.009365,-0.027143,0.008475,0.141790,-0.004007,0.012899,-0.003646,-0.029076,-0.013391,-0.018140,-0.047905,-0.009195,0.003908,0.035756,0.012178,-0.007187,-0.131316
-0.007482,-0.044172,-0.001526,0.129823,-0.008023,-0.014661,-0.020377,-0.024851,-0.005863,-0.025187,-0.026246,0.000578,-0.012332,0.030082,0.011285,-0.019900,-0.116797
-0.009825,-0.034463,-0.011614,0.107530,-0.010684,-0.019975,-0.034184,-0.011487,0.002823,-0.031103,0.000416,0.009162,-0.019441,0.027715,0.008745,-0.022747,-0.098772
-0.006364,-0.020011,-0.020297,0.067756,-0.015342,-0.011994,-0.038498,0.002041,0.010247,-0.032224,0.021285,0.016514,-0.019652,0.028749,-0.012627,-0.021347,-0.089335
-0.003622,-0.001730,-0.026410,0.044270,-0.029053,-0.027997,-0.045155,-0.002857,0.005658,-0.036542,0.030248,0.017359,-0.017756,0.031623,-0.030983,-0.035058,-0.077801
0.003095,-0.006192,-0.028777,0.017430,-0.038132,-0.046263,-0.045447,-0.007597,0.001402,-0.033645,0.026554,0.020956,-0.010811,0.036161,-0.045165,-0.044219,-0.074937
0.018871,-0.008937,-0.023498,0.005722,-0.041403,-0.025854,-0.037335,-0.010113,-0.003084,-0.035209,0.022723,0.021261,-0.008504,0.037251,-0.052224,-0.046522,-0.067850
0.032239,-0.008581,-0.015401,0.007167,-0.037445,0.000222,-0.025317,-0.012656,-0.008345,-0.037184,0.015293,0.020550,-0.004994,0.035483,-0.047161,-0.041446,-0.065500
0.036306,-0.008639,-0.010091,0.016671,-0.031838,0.007709,-0.016812,-0.021973,-0.014998,-0.036885,0.000406,0.016855,-0.002595,0.033054,-0.037515,-0.017430,-0.061328
0.032395,-0.016723,-0.011778,0.028659,-0.024182,-0.001102,-0.015526,-0.030348,-0.021839,-0.034800,-0.015983,0.010649,0.001500,0.029214,-0.025562,-0.009544,-0.054596
0.023349,-0.035049,-0.007884,0.055597,-0.020992,-0.010731,-0.024089,-0.036551,-0.019962,-0.031890,-0.018163,0.003575,0.011641,0.021936,-0.006152,-0.001464,-0.058793
0.010707,-0.044311,0.003755,0.074651,-0.020765,-0.019098,-0.028650,-0.036284,-0.015334,-0.026708,-0.016951,-0.019125,0.020046,0.011965,0.021294,0.014616,-0.059032
0.002232,-0.047518,0.008238,0.052995,-0.020395,-0.025561,-0.027704,-0.032937,-0.008521,-0.019466,-0.012706,-0.036716,0.025568,-0.000504,0.030724,0.027765,-0.066567
-0.004683,-0.051318,0.011177,0.037310,-0.028953,-0.044853,-0.033676,-0.034449,-0.011004,-0.022232,-0.018574,-0.056013,0.035012,-0.011184,0.034466,0.022693,-0.067518
-0.006519,-0.064266,0.022847,0.018323,-0.036276,-0.056040,-0.045236,-0.027660,-0.011600,-0.022220,-0.016984,-0.054177,0.040016,-0.018826,0.031350,0.013247,-0.065599
-0.007659,-0.078773,0.033054,0.001184,-0.039459,-0.064109,-0.046150,-0.013333,-0.008836,-0.020634,-0.016920,-0.048181,0.033120,-0.023735,0.020859,0.000811,-0.057207
-0.006297,-0.082128,0.039677,-0.008889,-0.035737,-0.064870,-0.044390,-0.002823,-0.005191,-0.017093,-0.017007,-0.039999,0.017554,-0.027031,0.009473,-0.015519,-0.047788
-0.013329,-0.074202,0.037488,-0.019365,-0.030745,-0.057163,-0.036717,0.002477,-0.002752,-0.013330,-0.019390,-0.026008,-0.000497,-0.026960,0.002697,-0.017769,-0.037140
-0.019779,-0.059364,0.025370,-0.030181,-0.019448,-0.045500,-0.026859,0.008219,-0.004546,-0.008061,-0.011979,-0.009792,-0.015903,-0.022616,-0.003605,-0.023295,-0.024217
-0.021677,-0.047739,0.013603,-0.017424,-0.012939,-0.025423,-0.021774,0.005267,-0.002915,0.003427,-0.003933,0.000902,-0.019442,-0.017780,-0.005195,-0.024550,-0.015052
-0.007697,-0.026530,0.006759,-0.001655,-0.005743,0.009677,-0.009721,0.001538,-0.000279,0.009920,-0.003456,-0.004794,-0.021002,-0.008112,-0.006965,-0.020088,-0.008607
0.005736,0.013854,-0.005191,-0.013452,0.001046,0.033052,0.003823,-0.001124,0.003045,0.015734,-0.003932,-0.010291,-0.020465,0.000388,-0.005938,-0.017576,-0.009078
0.015516,0.046083,-0.023630,-0.024268,0.003270,0.025238,0.024813,0.004933,0.002457,0.015818,-0.005734,-0.008261,-0.010622,0.008855,-0.003705,-0.019362,-0.001964
0.025699,0.066361,-0.028247,-0.027896,0.003602,0.016358,0.030526,0.015814,0.001208,0.013423,0.001693,-0.007404,-0.005346,0.012545,-0.001157,-0.018887,0.004673
0.027706,0.069720,-0.024635,-0.023016,0.009987,0.020374,0.036842,0.025460,-0.001916,0.009641,0.003677,0.006577,-0.007064,0.015264,-0.005827,-0.009046,0.006554
0.026830,0.072951,-0.013244,-0.016197,0.014869,0.023291,0.041124,0.026386,-0.004182,0.005039,-0.004466,0.014199,-0.013827,0.016205,-0.014533,0.002016,0.006015
0.019618,0.066577,-0.002175,-0.013641,0.012130,0.015232,0.049173,0.026699,-0.006078,-0.001065,-0.012310,0.020002,-0.023395,0.014638,-0.015313,0.009942,0.002446
0.011562,0.063988,0.008446,-0.012610,0.009669,0.005085,0.049838,0.023751,-0.006669,-0.012722,-0.007316,0.023852,-0.030223,0.008842,-0.004183,0.010496,-0.001153
0.002075,0.055277,0.018063,0.000132,0.014909,0.018255,0.045007,0.016711,-0.000730,-0.014168,0.006459,0.018939,-0.030213,-0.004181,0.008392,0.007965,-0.005539
0.002254,0.042974,0.015352,0.012025,0.021359,0.039544,0.035748,0.003686,0.004434,-0.015438,0.013012,0.015425,-0.026545,-0.009258,0.011606,0.007803,-0.009498
0.003821,0.041008,-0.001353,0.014536,0.023857,0.038319,0.023032,-0.007635,0.005186,-0.010974,0.002359,0.009921,-0.018849,0.000014,0.000466,0.008766,-0.011502
-0.000811,0.034640,-0.021909,0.016376,0.017661,0.020770,0.014634,-0.011661,0.004862,-0.008840,-0.004783,0.016131,-0.007236,0.009651,-0.009200,0.003160,-0.005876
-0.004878,0.013238,-0.027244,0.008838,0.009470,-0.006995,-0.002471,-0.018244,0.004951,0.001530,-0.005903,0.021232,-0.000182,0.018935,-0.010283,-0.004479,-0.002434
-0.006741,-0.009093,-0.027902,0.008493,0.004964,-0.025522,-0.017778,-0.023021,0.001837,0.009997,-0.003004,0.033184,0.004961,0.025441,-0.008740,-0.001946,-0.002465
-0.008327,-0.022587,-0.027256,0.008161,-0.000343,-0.039254,-0.026299,-0.025389,-0.001889,0.008975,-0.003683,0.020253,0.010734,0.025764,-0.010626,0.015621,-0.006475
-0.011746,-0.040974,-0.022672,0.004722,-0.010532,-0.052493,-0.028361,-0.022699,-0.005109,0.007527,-0.005735,0.008301,0.018063,0.026975,-0.018560,0.027673,-0.014527
-0.015642,-0.047855,-0.011913,-0.001413,-0.022303,-0.059492,-0.026987,-0.017730,-0.009859,0.001878,-0.006179,-0.002843,0.014737,0.023975,-0.017549,0.035366,-0.020707
-0.016077,-0.049072,0.003761,-0.003891,-0.026522,-0.042215,-0.024026,-0.013567,-0.006335,0.001365,0.002533,-0.014445,0.011448,0.010969,-0.012358,0.033210,-0.029315
-0.019785,-0.046738,0.018860,-0.003170,-0.027499,-0.027570,-0.023895,-0.010313,-0.001472,0.000740,0.022762,-0.017471,0.007248,-0.010376,-0.000132,0.028049,-0.034383
-0.021450,-0.035838,0.019358,0.006006,-0.026026,-0.026095,-0.021330,-0.007415,0.001904,0.004226,0.027622,-0.019345,0.003151,-0.018932,0.006190,0.016179,-0.033323
-0.021073,-0.024953,0.015183,0.018948,-0.025103,-0.028237,-0.019812,-0.003196,0.007091,0.005586,0.027458,-0.017280,0.002638,-0.023126,0.009779,-0.001108,-0.028130
-0.015221,-0.013791,0.022635,0.021480,-0.024441,-0.030478,-0.024952,-0.002505,0.010633,0.017777,0.023924,-0.011694,0.002564,-0.019617,0.015785,-0.012576,-0.024179
-0.008014,-0.001700,0.030502,0.023174,-0.022404,-0.039706,-0.027085,-0.002746,0.011894,0.042737,0.014105,-0.000136,0.003007,-0.014040,0.020310,-0.017200,-0.014439
0.007991,0.015071,0.027216,0.028472,-0.016642,-0.073677,-0.019586,-0.002527,0.011870,0.055159,0.006987,-0.001606,0.006127,-0.008912,0.026216,-0.009012,-0.003379
0.009751,0.023405,0.014271,0.032148,-0.010409,-0.096364,-0.014850,-0.002957,0.010852,0.059470,0.008132,-0.003992,0.020259,-0.002994,0.023344,-0.012282,0.003868
0.015410,0.043215,0.000031,0.033079,-0.004386,-0.100725,-0.017686,-0.003832,0.008051,0.047330,0.005334,-0.013305,0.020659,0.005195,0.018757,-0.011993,0.012153
0.011866,0.050777,-0.013123,0.018578,-0.002226,-0.088890,-0.018803,-0.007176,0.004314,0.032262,0.000564,-0.021296,0.022551,0.012255,0.011998,-0.017841,0.014498
0.009890,0.050397,-0.005612,0.001592,-0.006187,-0.078711,-0.017990,-0.006549,0.003377,0.014421,0.001870,-0.023912,0.010601,0.004156,0.005930,-0.010700,0.014016
0.006691,0.040378,0.001879,-0.011190,-0.007520,-0.072855,-0.014707,-0.006892,0.002321,0.016082,-0.001256,-0.020923,0.002753,-0.004487,0.003094,-0.013120,0.012771
0.008719,0.021012,-0.002360,-0.019206,-0.009299,-0.065727,-0.012588,-0.006420,0.003584,0.012715,-0.003619,-0.014803,-0.002095,-0.014292,0.000569,-0.020975,0.008112
0.015164,0.009220,-0.004933,-0.031679,-0.011164,-0.046247,-0.016839,-0.005135,0.003430,-0.001713,-0.005646,-0.018608,-0.003045,-0.017745,-0.001209,-0.028108,0.002031
0.014353,-0.000043,0.012900,-0.042830,-0.013161,-0.012019,-0.019795,0.003473,0.000760,-0.001565,-0.013844,-0.030424,-0.003443,-0.019840,0.002462,-0.023913,-0.003684
0.017591,-0.012138,0.025640,-0.043238,-0.012444,-0.002399,-0.014348,0.010860,-0.001666,-0.006278,-0.030804,-0.030500,-0.001534,-0.018425,0.006842,-0.014918,-0.004846
0.009086,-0.018463,0.013635,-0.045499,-0.014428,0.023192,-0.002265,0.006108,-0.005162,-0.007679,-0.034807,-0.024870,-0.001424,-0.011950,0.009684,-0.014707,-0.006495
0.010233,-0.007957,0.001148,-0.052899,-0.013843,0.041785,0.008549,0.001794,-0.008285,-0.015727,-0.033592,-0.016337,-0.003747,-0.010648,0.014914,-0.010859,-0.009552
0.001147,0.004426,-0.010395,-0.058749,-0.010688,0.063127,0.018100,0.004792,-0.006629,-0.011099,-0.027228,-0.008782,0.000753,-0.004167,0.021049,-0.012326,-0.011339
-0.006227,0.015109,-0.009806,-0.029314,-0.014916,0.079519,0.024794,0.008362,-0.001092,-0.009153,-0.022747,-0.003755,-0.005598,-0.005506,0.027511,-0.006806,-0.011447
-0.012775,0.015952,-0.005039,-0.005297,-0.017788,0.066588,0.028999,0.014069,0.004589,0.008739,-0.021644,0.001592,-0.007994,-0.006089,0.027007,-0.004491,-0.009711
-0.011958,0.014887,-0.006485,0.002389,-0.020003,0.055457,0.028685,0.014125,0.012822,0.026100,0.000675,0.006810,-0.011522,-0.027808,0.027725,0.001178,-0.011221
-0.005169,0.011755,-0.010383,0.005661,-0.018519,0.036345,0.028180,0.011930,0.019156,0.032855,0.020802,0.007631,-0.008105,-0.043746,0.024190,0.000116,-0.013706
-0.005539,-0.009222,-0.003620,0.008243,-0.015414,0.025040,0.016774,0.016756,0.021367,0.037750,0.034162,-0.005762,-0.006716,-0.053646,0.025275,-0.004183,-0.015003
-0.004433,-0.019085,-0.004551,0.015982,-0.011563,0.009680,0.003321,0.020238,0.017072,0.028698,0.031634,-0.017937,0.002797,-0.056565,0.032555,-0.008043,-0.014036
-0.006342,-0.028227,-0.017360,0.005105,-0.010514,0.001066,-0.007280,0.015764,0.011094,0.012615,0.026358,-0.027855,-0.001434,-0.042331,0.034752,-0.009673,-0.011778
-0.007608,-0.036319,-0.021758,-0.017540,-0.008115,-0.005597,-0.005775,0.004931,0.002483,-0.007127,0.018172,-0.031404,-0.007008,-0.030453,0.033116,-0.008651,-0.010065
-0.013761,-0.034617,-0.024896,-0.041464,-0.004364,-0.010207,-0.002695,0.007405,-0.002047,-0.008691,0.008386,-0.033118,-0.010075,-0.014212,0.029064,-0.006059,-0.007635
-0.020553,-0.039045,-0.026391,-0.030014,-0.001441,-0.022460,0.000215,0.009115,-0.006303,-0.005771,-0.005616,-0.034094,-0.009998,0.004223,0.029138,-0.004115,-0.000154
-0.030621,-0.053393,-0.022689,-0.013529,0.000003,-0.040790,0.002956,0.014751,-0.009787,-0.002616,-0.020564,-0.026955,-0.004265,0.024144,0.024969,-0.001182,0.005202
-0.044391,-0.070912,-0.005577,-0.015819,0.008400,-0.027389,0.004780,0.016011,-0.003263,-0.006990,-0.016015,-0.020321,-0.000258,0.019167,0.017309,0.002174,0.010803
-0.051396,-0.075946,0.008284,-0.016100,0.014444,-0.009432,0.008905,0.022756,0.004135,-0.009602,-0.008709,-0.015858,0.001000,0.009751,0.003280,0.009034,0.009185
-0.051566,-0.089948,0.009580,-0.015547,0.021764,0.018404,0.008908,0.027538,0.014083,-0.009472,-0.006671,-0.014820,-0.000958,-0.005862,-0.011311,0.008091,0.009253
-0.043365,-0.080599,-0.000563,-0.024072,0.025576,0.045086,0.010803,0.028419,0.015545,-0.005558,-0.009115,0.007829,0.009958,-0.020335,-0.015188,0.010273,0.010819
-0.051457,-0.066092,-0.011332,-0.055393,0.045698,0.071013,0.013014,0.033846,0.020375,0.000748,-0.008399,0.028362,0.012765,-0.034378,-0.019167,0.015883,0.072526
-0.053514,-0.022361,-0.015063,-0.107163,0.072947,0.110118,0.017042,0.027837,0.021479,0.004820,-0.003448,0.042637,0.002283,-0.051273,-0.029608,0.018449,0.184707
-0.062733,0.022493,-0.023906,-0.142326,0.088870,0.134476,0.019109,0.027763,0.029342,0.004615,0.015483,0.044312,-0.010919,-0.079305,-0.050020,0.029552,0.310815
-0.054603,0.021409,-0.037052,-0.154949,0.093303,0.114732,0.019327,0.025425,0.038058,0.003586,0.032986,0.035117,-0.022277,-0.118866,-0.061511,0.037211,0.435460
-0.049267,0.009233,-0.036612,-0.151176,0.087141,0.077392,0.021589,0.019812,0.042800,0.003389,0.047051,0.027129,-0.024243,-0.141793,-0.063989,0.041656,0.502972
-0.047970,0.002671,-0.025367,-0.151074,0.079047,0.057595,0.025033,0.009785,0.047222,-0.003623,0.047859,0.021998,-0.019909,-0.144369,-0.064036,0.039618,0.493420
-0.043227,-0.006653,0.006352,-0.131731,0.064508,0.038570,0.031014,0.004916,0.036747,-0.005002,0.042847,0.018210,-0.015868,-0.114779,-0.049349,0.037165,0.397386
-0.027551,-0.012143,0.037235,-0.077826,0.044211,0.028998,0.038543,-0.001644,0.025916,-0.006529,0.031252,0.007976,-0.000262,-0.067221,-0.030714,0.026591,0.234169
-0.000838,-0.010069,0.063344,-0.025129,0.016062,-0.000925,0.044030,-0.009874,0.007127,-0.005981,0.009017,0.008348,0.019350,-0.013602,-0.005615,0.017421,0.040361
0.023971,-0.006835,0.086914,0.049099,-0.008563,-0.015027,0.036299,-0.021409,-0.026435,-0.000794,-0.023620,0.010513,0.037732,0.072976,0.020590,0.003393,-0.140062
0.046003,0.014817,0.102004,0.085882,-0.018922,-0.007788,0.021275,-0.035823,-0.056285,-0.005060,-0.049148,0.015703,0.038749,0.145703,0.039392,-0.014627,-0.258721
0.045842,0.026996,0.100505,0.124236,-0.027390,-0.007122,0.002690,-0.039705,-0.069174,0.000186,-0.058754,0.013473,0.030777,0.188503,0.043341,-0.018574,-0.318562
0.053914,0.000746,0.071820,0.152156,-0.039951,-0.009573,-0.022095,-0.041895,-0.069247,0.001332,-0.053924,-0.001466,0.018244,0.186149,0.044410,-0.009863,-0.308383
0.056450,-0.021459,0.042250,0.167427,-0.049151,-0.003531,-0.042515,-0.040088,-0.062207,0.005733,-0.048440,-0.021545,0.009123,0.156643,0.039039,-0.001727,-0.268433
0.069284,-0.018368,0.013175,0.148598,-0.056069,0.003932,-0.056519,-0.042282,-0.047128,0.007630,-0.043395,-0.026101,0.003261,0.113826,0.027227,0.003693,-0.230942
0.070881,-0.015569,0.005941,0.099149,-0.057445,0.010981,-0.055137,-0.040905,-0.036134,0.014029,-0.035316,-0.016369,-0.002573,0.066060,0.023793,0.006839,-0.206954
0.056486,-0.019737,0.006039,0.054768,-0.051208,0.028332,-0.039955,-0.035964,-0.017771,0.022989,-0.021962,-0.004876,0.002838,0.023534,0.017270,0.011905,-0.194125
0.039658,-0.011271,0.005966,0.014995,-0.036755,0.030883,-0.017995,-0.028650,0.000744,0.020291,-0.003112,-0.003263,0.008299,-0.027187,0.012300,0.016615,-0.156284
0.035860,0.009931,0.003976,0.003129,-0.029391,0.031593,-0.004821,-0.020166,0.002868,0.009870,0.001510,-0.006526,0.009723,-0.037696,0.004878,0.001475,-0.132137
0.031658,0.027685,0.003239,-0.007989,-0.021556,0.023562,0.002279,-0.013303,0.006245,-0.014493,0.006386,-0.000105,0.000754,-0.041150,-0.005466,-0.019720,-0.105965
0.020051,0.035120,0.001422,0.000417,-0.017036,-0.011975,0.007785,-0.004125,0.011472,-0.027697,0.006269,0.002018,-0.010142,-0.035933,-0.014056,-0.035805,-0.085797
0.006154,0.038466,-0.012518,0.008735,-0.014045,-0.035425,0.004390,-0.000311,0.015381,-0.037561,0.006753,-0.001431,-0.017620,-0.025524,-0.014503,-0.032174,-0.069423
-0.008128,0.039050,-0.025728,0.027234,-0.012146,-0.040172,-0.001025,0.003247,0.011266,-0.038413,-0.000033,-0.011978,-0.015812,-0.015565,-0.012627,-0.021250,-0.053179
-0.004790,0.041785,-0.029930,0.045547,-0.011715,-0.039450,-0.007182,-0.000127,0.005447,-0.036360,-0.006510,-0.017173,-0.011927,-0.000516,-0.009384,-0.015029,-0.044178
0.012447,0.041447,-0.024525,0.052434,-0.016109,-0.043709,-0.012602,0.001780,-0.003019,-0.030252,-0.011559,-0.015212,-0.006727,0.004523,-0.010109,-0.013812,-0.044425
0.022071,0.030332,-0.016574,0.051560,-0.018863,-0.034800,-0.012993,0.001892,-0.010751,-0.015509,-0.010970,-0.004129,-0.010122,0.009270,-0.012192,-0.012887,-0.048410
0.029872,0.015884,-0.006423,0.051001,-0.020115,-0.033830,-0.010637,-0.004964,-0.018742,-0.007579,0.001561,0.004879,-0.009984,0.014442,-0.012015,-0.009223,-0.047872
0.034019,0.014946,-0.002769,0.037683,-0.018156,-0.028178,-0.011739,-0.003512,-0.021304,-0.005541,0.014533,0.005629,-0.008548,0.018945,-0.008774,-0.008602,-0.046544
0.032976,0.013137,0.001018,0.018196,-0.013530,-0.019470,-0.007055,-0.000739,-0.017697,-0.004660,0.025238,0.009783,-0.012602,0.019703,-0.006540,-0.012411,-0.038513
0.029261,0.017929,0.002199,0.005467,-0.010334,-0.034159,-0.006212,0.003258,-0.010217,-0.007858,0.033759,0.008266,-0.017850,0.017764,-0.005424,-0.014485,-0.030088
0.026163,0.037578,-0.003511,-0.010764,-0.002294,-0.043986,-0.007168,0.002946,0.000988,-0.009708,0.025598,0.008359,-0.020996,0.014112,-0.005575,-0.013184,-0.026238
0.019914,0.053572,-0.008507,-0.017075,0.005043,-0.047923,-0.012709,0.000052,0.007665,-0.019642,0.018462,0.005864,-0.023190,0.009690,-0.006113,-0.004312,-0.020125
0.010157,0.060987,-0.009344,-0.020303,0.011720,-0.043296,-0.016111,-0.003861,0.012887,-0.027022,0.004978,0.002081,-0.016544,0.004716,-0.004739,-0.001132,-0.010105
0.011376,0.052985,-0.002118,-0.014769,0.016316,-0.043517,-0.014424,0.000637,0.014357,-0.030927,-0.009590,-0.002989,-0.005126,-0.000572,-0.003189,0.003239,-0.002712
0.005301,0.038615,0.004433,-0.006054,0.018842,-0.021856,-0.009633,0.006611,0.011390,-0.029811,-0.019395,-0.009870,-0.003427,-0.005212,-0.000380,-0.004721,0.003287
0.001978,0.013839,0.010309,0.002857,0.011992,-0.015140,-0.003949,0.006864,0.008499,-0.026433,-0.021829,-0.014631,0.001316,-0.012767,0.005901,-0.012778,0.012349
-0.002627,-0.015404,0.011454,0.004351,0.005085,-0.015166,-0.003803,0.012345,0.007442,-0.017049,-0.010802,-0.020000,0.009443,-0.017297,0.014036,-0.012522,0.015546
-0.014505,-0.047280,0.001860,-0.002383,-0.004220,-0.014290,0.002904,0.017489,0.008161,-0.005559,0.003467,-0.025063,0.021207,-0.020253,0.020915,-0.013895,0.009285
-0.026644,-0.080575,-0.006921,-0.005494,-0.009342,-0.019869,0.006156,0.021836,0.009438,0.003947,0.015083,-0.030527,0.029023,-0.022610,0.021710,-0.016047,-0.005026
-0.039717,-0.090650,-0.013103,0.001693,-0.008043,-0.015410,0.013007,0.025350,0.019622,0.015752,0.018267,-0.034461,0.028343,-0.033788,0.018709,-0.018173,-0.017406
-0.046489,-0.086430,-0.016959,0.008124,-0.005005,-0.011470,0.014527,0.026020,0.026622,0.018672,0.027639,-0.033595,0.009230,-0.039478,0.007453,-0.017545,-0.030567
-0.046264,-0.074110,-0.019027,0.009306,-0.008194,-0.015296,0.013443,0.018933,0.029328,0.020078,0.029710,-0.028283,-0.003714,-0.042180,-0.011448,-0.017781,-0.042540
-0.038960,-0.061026,-0.021593,0.009687,-0.011527,-0.015779,0.013627,0.010118,0.026414,0.017846,0.024441,-0.012577,-0.007986,-0.038948,-0.026689,-0.008912,-0.048183
-0.032478,-0.048825,-0.020349,0.010009,-0.011732,-0.003146,0.014516,0.000331,0.022600,0.005427,0.016237,-0.005581,-0.012518,-0.031217,-0.035488,-0.006252,-0.046816
-0.022790,-0.036193,-0.013942,0.009846,-0.013035,0.014129,0.013936,-0.014864,0.018509,-0.009164,0.010217,-0.002335,-0.011730,-0.027525,-0.026218,-0.006843,-0.036211
-0.010726,-0.029779,-0.007978,0.007250,-0.012551,0.018991,0.009232,-0.023837,0.014485,-0.015429,0.008989,0.000223,-0.012876,-0.022645,-0.015198,-0.005973,-0.020386
-0.004857,-0.018284,-0.011274,-0.006179,-0.013453,0.015417,0.003565,-0.027676,0.009246,-0.016378,0.006387,0.002360,-0.006660,-0.018575,-0.008486,0.002303,-0.009502
0.004915,-0.009500,-0.012548,-0.019682,-0.009692,0.025418,-0.000435,-0.026683,0.004477,-0.016271,0.000186,0.002270,0.000830,-0.011659,-0.003808,0.007299,-0.006907
0.007844,-0.000354,-0.008318,-0.019732,-0.001165,0.040850,0.000157,-0.012751,0.007091,-0.009729,-0.003618,0.006970,0.004526,-0.015935,0.002785,0.007534,-0.003317
0.011943,0.014763,-0.003321,-0.017433,0.001939,0.045256,0.002167,0.001804,0.010142,0.007909,-0.013045,0.011064,-0.001484,-0.018986,-0.004287,0.001433,-0.003374
0.016361,0.025588,0.001103,-0.016877,-0.000083,0.035572,0.001790,0.010844,0.010052,0.025071,-0.019373,0.012383,-0.008116,-0.019246,-0.016168,-0.002986,-0.007062
0.021582,0.034347,0.006260,-0.016973,-0.004775,0.018974,-0.005368,0.016700,0.006888,0.034576,-0.025878,0.021044,-0.009617,-0.016081,-0.022647,-0.004237,-0.012033
0.026774,0.028801,0.013584,-0.005263,-0.004854,0.001566,-0.010311,0.021299,0.003371,0.031614,-0.028849,0.031235,-0.011403,-0.010146,-0.021348,0.004046,-0.014896
0.029311,0.015440,0.020058,0.010548,-0.000809,-0.001257,-0.010232,0.013768,-0.003136,0.025593,-0.025029,0.034483,-0.011018,-0.002125,-0.006911,0.011214,-0.016426
0.028165,0.000386,0.025841,0.022743,0.003284,-0.005528,-0.011340,-0.002049,-0.010522,0.018556,-0.018446,0.033807,-0.012541,0.005306,0.011898,0.008278,-0.018822
0.024268,-0.016379,0.026426,0.022265,0.003273,-0.020235,-0.012067,-0.019444,-0.018849,0.009992,-0.020896,0.020706,0.000844,0.011688,0.026265,0.009006,-0.019229
0.019576,-0.033794,0.028474,0.018820,0.000846,-0.019029,-0.012700,-0.035766,-0.026810,-0.000689,-0.020731,0.005171,0.012627,0.016359,0.038028,0.010928,-0.018948
0.012735,-0.047336,0.023995,0.014202,0.000316,-0.014001,-0.009830,-0.039041,-0.031373,-0.008685,-0.014844,-0.000827,0.020611,0.017078,0.050558,0.009681,-0.016373
0.003985,-0.049010,0.011103,0.018049,-0.006638,-0.017364,-0.003867,-0.035192,-0.028322,-0.006958,-0.017262,-0.005257,0.026301,0.014326,0.042822,0.001271,-0.010909
-0.006516,-0.044268,-0.012683,0.018154,-0.013736,-0.019084,0.001363,-0.026882,-0.023039,-0.003790,-0.018121,-0.010396,0.027582,0.008865,0.023286,-0.015635,-0.004556
-0.014140,-0.035554,-0.026501,0.008756,-0.019705,-0.021664,-0.002700,-0.010845,-0.015147,-0.005304,-0.014858,-0.012357,0.025320,0.004194,-0.003472,-0.031683,0.000588
-0.019873,-0.024516,-0.031993,0.003268,-0.022421,-0.016231,-0.006741,0.006398,-0.006387,-0.010715,0.005473,0.005736,0.018022,0.002458,-0.016206,-0.035280,0.004550
-0.019450,-0.012881,-0.033023,0.003010,-0.020501,-0.004529,-0.008036,0.014354,-0.000908,-0.017265,0.024221,0.025913,0.007045,0.004802,-0.026843,-0.023195,0.009836
-0.018209,0.001233,-0.028729,0.009174,-0.017149,0.008488,-0.007489,0.016257,0.001644,-0.020482,0.037468,0.043508,-0.006761,0.008973,-0.031430,-0.015926,0.011056
-0.015970,0.007973,-0.034256,0.014692,-0.019488,0.013072,-0.007923,0.020660,-0.000745,-0.023516,0.035446,0.048921,-0.007161,0.015105,-0.030039,-0.011405,0.010708
-0.010770,0.017073,-0.031800,0.016408,-0.024117,0.021365,-0.010532,0.019719,-0.006216,-0.021391,0.028338,0.047103,-0.002154,0.014095,-0.014090,0.002971,0.012877
-0.014586,0.023064,-0.021737,0.014274,-0.025843,0.027102,-0.013282,0.015719,-0.011320,-0.022257,0.018051,0.040119,0.003886,0.010097,0.010669,0.016143,0.008826
-0.012949,0.030374,-0.007325,0.020779,-0.019165,0.022657,-0.015393,0.013852,-0.009362,-0.008635,0.005861,0.023440,0.011607,0.004204,0.030940,0.030142,0.006971
-0.014401,0.036402,-0.001654,0.040459,-0.009112,0.012678,-0.015208,0.010936,-0.006346,0.000961,-0.009017,0.002489,0.015609,-0.002009,0.032705,0.034926,0.002017
-0.015168,0.047530,0.009756,0.057226,0.001070,0.004828,-0.013586,0.013534,-0.005915,0.014444,-0.030241,-0.023229,0.017639,-0.006274,0.022044,0.033817,-0.002847
-0.009724,0.052733,0.021978,0.061098,0.008458,0.000010,-0.007468,0.016132,-0.004373,0.022884,-0.032090,-0.031522,0.014949,-0.007546,0.015943,0.022700,-0.007122
-0.005039,0.050656,0.031281,0.044013,0.011734,-0.004807,-0.002202,0.010372,-0.002471,0.024936,-0.026733,-0.037910,0.010281,-0.013560,0.008596,0.014536,-0.004966
0.005152,0.043087,0.033959,0.011854,0.010723,-0.011293,-0.001128,0.003014,0.001344,0.023997,-0.018786,-0.031682,0.000480,-0.015795,0.000224,0.005496,-0.002847
0.005072,0.015361,0.022850,-0.021367,0.000409,-0.015502,-0.004463,-0.000986,0.001915,0.013322,-0.012995,-0.027660,-0.009182,-0.013342,-0.011664,-0.000314,-0.001260
0.006029,0.010419,0.009982,-0.050223,-0.010875,-0.015292,-0.006625,-0.004645,-0.003696,0.002253,-0.012073,-0.021607,-0.014130,-0.016418,-0.005569,0.003292,0.005433
-0.005788,-0.011046,0.001529,-0.073919,-0.021564,-0.022356,-0.014251,-0.001131,-0.008540,-0.014843,-0.011513,-0.021054,-0.025956,-0.022915,0.011841,0.010172,0.009846
-0.015626,-0.027423,-0.005122,-0.078744,-0.019630,-0.037126,-0.022012,0.003023,-0.008110,-0.018437,-0.008611,-0.023949,-0.031815,-0.027293,0.034635,0.017798,0.020045
-0.028785,-0.041049,-0.011490,-0.063678,-0.014113,-0.049760,-0.028117,0.007151,-0.004737,-0.023513,-0.001518,-0.032004,-0.042400,-0.028534,0.050658,0.041129,0.024886
-0.037524,-0.039169,-0.010235,-0.042324,-0.009006,-0.062715,-0.029955,0.008123,-0.004434,-0.022182,-0.001452,-0.033352,-0.049588,-0.028711,0.059831,0.058019,0.027948
-0.035860,-0.030621,0.002727,-0.013226,-0.001504,-0.071289,-0.025931,0.007103,-0.004269,-0.018154,0.005485,-0.031011,-0.049679,-0.019799,0.062376,0.062590,0.027926
-0.040499,-0.021861,0.016487,0.002181,0.005620,-0.071523,-0.016322,0.001993,-0.003860,-0.009972,0.012900,-0.029462,-0.039362,-0.017439,0.056372,0.058153,0.030945
-0.035854,-0.009622,0.022464,0.003129,0.010064,-0.055819,-0.011209,-0.002637,0.000412,0.000364,0.018787,-0.016182,-0.029505,-0.012656,0.045945,0.045214,0.030413
-0.030285,-0.013178,0.024103,-0.005177,0.010608,-0.034613,-0.013801,-0.009420,0.005411,0.004173,0.023866,-0.007817,-0.016513,-0.007309,0.028604,0.022464,0.028142
-0.019821,0.001439,0.019725,-0.015440,0.008360,-0.008851,-0.013242,-0.015076,0.004187,0.004367,0.030235,0.003291,-0.000387,-0.001784,0.010856,-0.002452,0.021958
-0.011045,0.005872,0.013010,-0.032389,0.004482,0.009317,-0.016753,-0.012531,0.003898,-0.003548,0.033155,0.000408,0.007417,0.000581,-0.005456,-0.020590,0.009248
-0.003274,0.012871,0.000302,-0.030994,0.007818,0.020774,-0.016216,-0.004786,0.002626,-0.018545,0.031131,0.005743,0.019504,0.002787,-0.015435,-0.034722,0.002449
0.005696,0.015613,-0.008707,-0.012549,0.010208,0.042977,-0.012825,-0.001610,0.003518,-0.029611,0.027701,0.002834,0.020314,0.001993,-0.016186,-0.030766,-0.003454
0.014971,0.016285,-0.016294,0.004171,0.008272,0.049081,-0.008192,0.000544,0.003167,-0.025631,0.019668,0.015938,0.021995,-0.003612,-0.009970,-0.025130,-0.008941
0.022635,0.014703,-0.014014,0.024181,0.004964,0.044436,-0.002269,0.000276,0.000322,-0.019135,0.009578,0.024863,0.022015,-0.004709,0.000654,-0.015869,-0.013372
0.022470,0.010465,-0.008113,0.038389,-0.003110,0.031554,0.010938,-0.004931,-0.004936,-0.011980,0.000110,0.022420,0.023181,-0.008077,0.008944,-0.004912,-0.014207
0.019777,0.005218,0.004705,0.055891,-0.009877,0.012508,0.018587,-0.010243,-0.011243,-0.013689,-0.008108,0.014230,0.013281,-0.018373,0.015836,-0.001376,-0.013665
0.009611,-0.001905,0.004168,0.066737,-0.014398,-0.006004,0.018049,-0.019515,-0.015962,-0.016960,-0.017368,0.004520,-0.000833,-0.027397,0.021791,-0.006312,-0.010483
-0.003241,-0.008077,0.011481,0.065435,-0.017073,-0.011813,0.014799,-0.038850,-0.023260,-0.018867,-0.016447,-0.015608,-0.013920,-0.038189,0.025911,-0.008063,-0.005446
-0.020796,-0.010638,0.017694,0.032085,-0.018433,-0.017365,0.009294,-0.053659,-0.025841,-0.020816,-0.012942,-0.043449,-0.025630,-0.051155,0.029434,-0.005398,-0.005211
-0.039937,-0.007658,0.016784,-0.003539,-0.014284,-0.015172,0.010777,-0.057046,-0.026397,-0.031928,-0.009897,-0.065486,-0.029308,-0.057561,0.033399,0.008843,-0.004869
-0.053036,-0.007270,0.010673,-0.021784,-0.007152,-0.000655,0.012025,-0.059361,-0.026479,-0.059380,-0.004557,-0.085858,-0.031181,-0.069196,0.039685,0.021100,-0.003591
-0.058002,-0.002810,-0.002856,-0.034908,-0.000354,0.012980,0.008365,-0.055444,-0.024363,-0.068635,0.003570,-0.084188,-0.023188,-0.074908,0.053390,0.027003,-0.003517
-0.048589,0.003871,-0.013216,-0.037296,0.006710,0.016729,0.005100,-0.041533,-0.020345,-0.068025,0.002315,-0.071266,-0.014680,-0.070688,0.064811,0.026427,-0.004488
-0.033892,0.018160,-0.027607,-0.037787,0.005531,0.026059,0.003384,-0.034126,-0.014851,-0.058826,0.004750,-0.059882,0.002713,-0.054816,0.071899,0.024401,-0.004868
-0.015106,0.028367,-0.027541,-0.033712,0.003604,0.023807,0.003421,-0.020278,-0.010259,-0.054545,0.010513,-0.055573,0.010572,-0.042387,0.075453,0.012451,-0.004536
-0.001488,0.037900,-0.043066,-0.022583,0.000067,0.016433,-0.000254,-0.007006,-0.005950,-0.050033,0.014878,-0.041689,0.014207,-0.025219,0.074148,-0.005331,-0.004692
0.011924,0.046121,-0.037809,-0.008337,-0.003232,0.005145,-0.004997,-0.005179,-0.007867,-0.046118,0.012535,-0.034344,0.015750,-0.010282,0.067775,-0.017557,-0.004565
0.020522,0.049207,-0.034913,-0.012554,-0.009037,-0.005547,-0.010902,-0.004781,-0.012802,-0.035421,0.009384,-0.024250,0.000850,-0.014541,0.054328,0.004552,-0.004931
0.019735,0.021406,-0.020987,-0.032815,-0.020581,-0.002035,-0.013091,-0.005867,-0.016822,-0.017405,0.006084,-0.018521,-0.013671,-0.013420,0.034132,0.036001,-0.006291
0.006143,-0.008188,-0.009947,-0.043517,-0.031665,0.003968,-0.012756,-0.017375,-0.023364,-0.019427,0.003537,-0.018431,-0.030694,-0.016369,0.007338,0.067257,-0.007029
-0.008312,-0.033944,-0.007104,-0.055117,-0.042344,0.007744,-0.016069,-0.027461,-0.038047,-0.020114,0.002759,-0.015105,-0.043296,-0.021500,-0.012804,0.090479,-0.007832
-0.013018,-0.052626,-0.009632,-0.052717,-0.050117,0.005451,-0.012587,-0.033717,-0.052755,-0.018507,-0.012109,-0.000706,-0.055009,-0.024879,-0.038438,0.105442,-0.007930
-0.001764,-0.054068,-0.015662,-0.047640,-0.053435,0.002295,-0.016479,-0.047962,-0.069005,-0.014809,-0.019107,0.015485,-0.053209,-0.021434,-0.065522,0.109348,-0.006705
0.007441,-0.051096,-0.013880,-0.037146,-0.052077,0.005663,-0.013921,-0.061648,-0.075975,-0.008871,-0.021058,0.021066,-0.055202,-0.005969,-0.080274,0.099221,-0.002204
0.009655,-0.039818,-0.009845,-0.008678,-0.050478,0.010239,-0.012518,-0.067892,-0.079155,-0.002463,-0.008184,0.035081,-0.050086,0.012358,-0.082505,0.078767,0.005192
0.013902,-0.021813,0.009584,0.021654,-0.043679,0.001439,-0.008474,-0.063320,-0.076698,0.011069,0.004644,0.048948,-0.036337,0.032987,-0.075962,0.044241,0.012819
0.018205,-0.006610,0.021761,0.049155,-0.036348,-0.007291,-0.004009,-0.051254,-0.071210,0.024859,0.015269,0.060016,-0.030480,0.041557,-0.067338,0.032828,0.016853
0.022905,-0.015056,0.043804,0.055732,-0.031714,-0.009852,-0.004741,-0.029471,-0.059444,0.038053,0.026272,0.067365,-0.020840,0.047472,-0.057188,0.016923,0.018026
0.026358,-0.021368,0.063241,0.058789,-0.026817,-0.007607,-0.004662,-0.015916,-0.040853,0.031518,0.037615,0.064780,-0.015353,0.051877,-0.050862,-0.002365,0.017250
0.043303,-0.025481,0.101334,0.059407,-0.012792,0.032279,-0.002570,0.000273,-0.017802,0.014145,0.043089,0.054740,-0.013635,0.057389,-0.042550,-0.027798,0.014115
0.055756,-0.026969,0.118362,0.053155,-0.001143,0.067449,0.004428,0.008420,0.001367,-0.005341,0.029825,0.051663,-0.009546,0.056697,-0.035536,-0.043726,0.010002
0.073136,-0.028847,0.124401,0.027540,0.010419,0.081577,0.004645,0.007145,0.007539,-0.006016,0.014176,0.048477,0.002441,0.057283,-0.027815,-0.063086,0.009309
0.083289,-0.026710,0.115892,0.007454,0.020488,0.087534,0.004283,-0.000488,0.013327,-0.007198,-0.003950,0.037698,0.004929,0.057687,-0.017753,-0.075511,0.009294
0.080039,-0.020557,0.098860,0.003271,0.024574,0.085319,0.003527,-0.007929,0.014344,-0.010862,-0.010925,0.031061,0.003903,0.053004,-0.005349,-0.073342,0.010978
0.068066,-0.012701,0.080219,-0.000718,0.025281,0.072841,0.003408,-0.013250,0.013052,-0.004486,-0.010371,0.025000,0.001869,0.044492,0.005037,-0.062706,0.012748
0.047838,-0.012709,0.056447,-0.006857,0.019828,0.053057,0.003101,-0.017905,0.009198,0.009578,-0.007925,0.018823,0.000754,0.037038,0.011045,-0.045570,0.012004
0.024341,-0.011446,0.033361,-0.013270,0.011559,0.024939,0.000510,-0.016357,0.003338,0.025198,-0.004342,0.015435,0.003724,0.028524,0.012277,-0.028357,0.010481
0.002846,-0.008913,0.006279,-0.018640,0.000988,-0.009524,-0.002689,-0.013091,-0.004086,0.027776,0.000378,0.011373,0.007013,0.016434,0.010505,-0.015130,0.007715
-0.000818,-0.005093,0.003588,-0.010651,0.000499,-0.005442,-0.001537,-0.005301,-0.002335,0.017429,0.001257,0.004267,0.004180,0.009020,0.004692,-0.008293,0.004409
