AU01,AU02,AU04,AU05,AU06,AU07,AU09,AU10,AU12,AU14,AU15,AU17,AU20,AU23,AU25,AU26,AU45
0.001170,0.003976,-0.001599,0.001560,-0.005716,-0.005238,-0.008346,-0.001664,-0.009762,-0.006937,0.000597,0.006560,0.007878,-0.007689,0.014100,0.009573,0.001553
0.001092,0.005968,-0.001579,0.000688,-0.006386,-0.005265,-0.008766,-0.001715,-0.010568,-0.007917,0.000934,0.006965,0.007695,-0.007775,0.015393,0.010228,0.001849
0.001136,0.008176,-0.001277,-0.000138,-0.006958,-0.005250,-0.009659,-0.001609,-0.011135,-0.008503,0.001257,0.006372,0.006916,-0.007707,0.016635,0.010182,0.002235
0.001438,0.011283,-0.000708,-0.000918,-0.007505,-0.005492,-0.010421,-0.001301,-0.011323,-0.008969,0.001596,0.004981,0.006117,-0.007567,0.017641,0.010258,0.002489
0.001743,0.014425,-0.000421,-0.002597,-0.008269,-0.005630,-0.010973,-0.001003,-0.011395,-0.010731,0.002004,0.003641,0.005782,-0.007924,0.017627,0.009812,0.002784
0.001983,0.016865,-0.000344,-0.004400,-0.008903,-0.005627,-0.011246,-0.000683,-0.011295,-0.012275,0.002304,0.002010,0.005389,-0.008275,0.017343,0.009025,0.003117
0.002004,0.017629,-0.000248,-0.006065,-0.007636,-0.003254,-0.010106,-0.000173,-0.010808,-0.014295,0.001895,0.000455,0.004857,-0.008502,0.016460,0.005728,0.003772
0.001607,0.017933,0.000860,-0.007592,-0.005295,0.002516,-0.008707,0.001699,-0.007934,-0.016091,0.001523,-0.004226,0.003690,-0.009563,0.015441,0.001140,0.004445
0.001225,0.016532,0.003231,-0.011329,-0.001921,0.008627,-0.006302,0.004078,-0.004122,-0.018970,0.001752,-0.008833,-0.000267,-0.012127,0.015158,-0.004701,0.006406
0.000859,0.014585,0.005760,-0.014748,0.003982,0.016701,-0.003029,0.007687,0.001891,-0.021785,0.001974,-0.016984,-0.004801,-0.017240,0.018109,-0.010493,0.008169
0.000839,0.012445,0.009217,-0.018439,0.011529,0.024336,0.001701,0.013147,0.011023,-0.024315,0.002180,-0.026959,-0.009174,-0.022849,0.023589,-0.017771,0.009750
0.000809,0.010271,0.012405,-0.021765,0.018591,0.032915,0.006597,0.018195,0.019780,-0.026978,0.002381,-0.036259,-0.014090,-0.027827,0.028643,-0.024546,0.011389
0.000353,0.008065,0.014797,-0.025459,0.027665,0.041844,0.011654,0.023795,0.029921,-0.029495,0.003512,-0.044851,-0.018929,-0.032472,0.035191,-0.030793,0.013132
-0.001082,0.005724,0.016960,-0.029239,0.038741,0.049989,0.017566,0.030704,0.040154,-0.031512,0.004567,-0.055479,-0.025957,-0.037099,0.042706,-0.037174,0.014631
-0.002417,0.003997,0.020929,-0.032138,0.050616,0.055919,0.023659,0.040309,0.051247,-0.033419,0.004988,-0.066927,-0.032768,-0.042336,0.050053,-0.042977,0.016951
-0.004527,0.002186,0.023992,-0.035334,0.062835,0.059636,0.029291,0.048975,0.062238,-0.036243,0.004087,-0.077612,-0.040085,-0.047240,0.057465,-0.048202,0.019114
-0.006471,0.001348,0.025684,-0.037457,0.073815,0.061501,0.034508,0.056848,0.072324,-0.039123,0.002066,-0.088095,-0.046451,-0.051422,0.064628,-0.054961,0.020911
-0.008295,0.000165,0.026882,-0.039115,0.084014,0.064438,0.038538,0.063905,0.081652,-0.040013,0.000044,-0.096756,-0.050405,-0.054965,0.071413,-0.061278,0.022659
-0.011043,-0.000412,0.028092,-0.040370,0.093050,0.067012,0.042081,0.070592,0.090156,-0.039945,-0.001958,-0.104806,-0.053623,-0.058243,0.077956,-0.065259,0.023901
-0.013597,-0.000960,0.029243,-0.040478,0.101029,0.068954,0.045030,0.077015,0.096855,-0.037908,-0.003819,-0.113228,-0.057034,-0.060946,0.084181,-0.068341,0.024931
-0.015059,-0.000471,0.031528,-0.040034,0.107476,0.071572,0.047402,0.082705,0.102399,-0.035459,-0.004780,-0.120091,-0.063028,-0.063354,0.089545,-0.067888,0.025622
-0.016035,-0.000111,0.033732,-0.038417,0.112625,0.072985,0.049178,0.086792,0.107056,-0.033411,-0.005670,-0.124157,-0.068064,-0.065491,0.093949,-0.067590,0.026177
-0.016294,-0.000549,0.035436,-0.038183,0.115606,0.072948,0.049843,0.089532,0.110167,-0.030532,-0.006699,-0.126251,-0.072081,-0.066870,0.096007,-0.068194,0.026265
-0.015878,-0.001302,0.036705,-0.037331,0.117177,0.072389,0.050014,0.090275,0.111548,-0.027444,-0.007579,-0.127137,-0.074530,-0.066516,0.096660,-0.068066,0.026064
-0.016271,-0.003334,0.037848,-0.036402,0.117339,0.071289,0.048989,0.089800,0.111739,-0.025158,-0.007455,-0.127766,-0.075178,-0.065379,0.096637,-0.066725,0.025187
-0.016420,-0.006551,0.035795,-0.036292,0.115971,0.068375,0.046690,0.088594,0.110717,-0.022629,-0.007578,-0.126724,-0.075514,-0.063926,0.095593,-0.062403,0.023961
-0.017522,-0.009114,0.031051,-0.036170,0.112548,0.064035,0.044022,0.086552,0.108709,-0.019846,-0.008097,-0.123783,-0.074527,-0.061941,0.093192,-0.058395,0.023035
-0.017787,-0.010956,0.026094,-0.035583,0.107808,0.058868,0.040497,0.082016,0.105428,-0.016818,-0.008739,-0.119190,-0.072596,-0.059369,0.089449,-0.053591,0.021983
-0.017754,-0.010028,0.022105,-0.034364,0.101884,0.054272,0.036492,0.076449,0.100193,-0.013522,-0.007073,-0.112896,-0.069605,-0.055750,0.084473,-0.048002,0.021109
-0.017053,-0.008889,0.018314,-0.031312,0.094672,0.048743,0.031293,0.070142,0.093723,-0.009860,-0.005255,-0.105954,-0.066150,-0.051478,0.078354,-0.040673,0.020034
-0.015817,-0.006398,0.014694,-0.028532,0.085680,0.041956,0.025153,0.063180,0.086272,-0.005897,-0.003457,-0.098200,-0.061886,-0.046338,0.070531,-0.032451,0.018539
-0.013627,-0.004793,0.010577,-0.025489,0.075079,0.034453,0.018640,0.055395,0.077556,-0.004078,-0.001615,-0.088456,-0.056701,-0.041119,0.061063,-0.024083,0.017042
-0.011114,-0.003206,0.006924,-0.021216,0.063417,0.026050,0.012171,0.046782,0.067861,-0.002064,0.001202,-0.077643,-0.051166,-0.035784,0.050220,-0.016014,0.016056
-0.008691,-0.002246,0.003135,-0.016638,0.052439,0.018543,0.006941,0.037879,0.057122,-0.000487,0.003380,-0.065576,-0.044801,-0.029973,0.038466,-0.009954,0.015376
-0.006935,-0.001304,-0.000098,-0.011006,0.041451,0.014057,0.001564,0.029592,0.047536,0.001819,0.005440,-0.055757,-0.038154,-0.024720,0.025811,-0.004343,0.014833
-0.005087,-0.001470,-0.001879,-0.007475,0.030580,0.009855,-0.003128,0.020998,0.038022,0.002865,0.008171,-0.045013,-0.033346,-0.020565,0.013192,0.000288,0.015355
-0.003145,-0.002038,-0.004389,-0.003897,0.022065,0.007468,-0.007449,0.013218,0.030037,0.004121,0.011086,-0.036698,-0.028753,-0.018767,0.003866,0.004945,0.015337
-0.000910,-0.002850,-0.005546,-0.001677,0.014902,0.005035,-0.010277,0.007565,0.025269,0.005215,0.014074,-0.030175,-0.023706,-0.017410,-0.003165,0.008200,0.015039
0.000571,-0.005056,-0.006701,0.000534,0.007124,0.004068,-0.012756,0.001493,0.020101,0.005415,0.016817,-0.022942,-0.018198,-0.015698,-0.010252,0.011438,0.015305
0.001802,-0.007174,-0.008316,0.002094,0.000800,0.003417,-0.014796,-0.003951,0.016091,0.004541,0.019695,-0.014390,-0.013392,-0.013959,-0.015375,0.014646,0.015670
0.002123,-0.008864,-0.009979,0.002677,-0.002996,0.002842,-0.015475,-0.007528,0.012387,0.003642,0.022254,-0.008419,-0.011015,-0.012660,-0.018668,0.017146,0.015768
0.002868,-0.009638,-0.009495,0.003763,-0.005399,0.000802,-0.015186,-0.007733,0.009988,0.002417,0.024106,-0.004560,-0.008701,-0.012697,-0.021058,0.019401,0.017011
0.002735,-0.009611,-0.008959,0.004048,-0.006606,-0.000659,-0.013575,-0.007986,0.008208,0.001852,0.025472,-0.001207,-0.007039,-0.012636,-0.022133,0.021088,0.018178
0.002979,-0.008470,-0.009309,0.004572,-0.007204,-0.001954,-0.011012,-0.008080,0.006364,-0.000074,0.025633,0.001584,-0.005204,-0.012382,-0.022297,0.019618,0.019308
0.003188,-0.008289,-0.009586,0.004791,-0.007018,-0.001176,-0.008567,-0.007803,0.004890,-0.001605,0.025215,0.003879,-0.002883,-0.011984,-0.021631,0.017083,0.019966
0.001812,-0.008933,-0.008292,0.005381,-0.006152,0.000088,-0.005722,-0.005812,0.003702,-0.003975,0.024428,0.006341,-0.001747,-0.011242,-0.020101,0.013380,0.020157
0.000405,-0.009673,-0.006290,0.007413,-0.004888,0.001302,-0.002814,-0.002617,0.002770,-0.003894,0.022347,0.006713,-0.001165,-0.010582,-0.017352,0.009529,0.020111
0.001725,-0.008615,-0.003063,0.008351,-0.003723,0.003563,0.000192,0.001059,0.001819,-0.002517,0.021245,0.007094,-0.003006,-0.010118,-0.013095,0.009430,0.019820
0.003102,-0.007298,0.000951,0.009657,-0.002041,0.005258,0.003331,0.004250,0.001428,-0.001102,0.019965,0.008299,-0.004805,-0.009698,-0.008625,0.009371,0.019129
0.002974,-0.005284,0.005806,0.009815,-0.000316,0.007311,0.006122,0.007262,0.001287,0.001481,0.017848,0.009465,-0.006156,-0.009058,-0.006147,0.007333,0.017981
0.002751,-0.004723,0.009997,0.009652,0.002342,0.010745,0.009103,0.009314,0.000985,0.005034,0.015431,0.010021,-0.006975,-0.007399,-0.004414,0.005200,0.016530
0.001681,-0.006153,0.014189,0.009366,0.004792,0.013901,0.012127,0.011294,0.000892,0.007452,0.012956,0.009445,-0.006537,-0.005602,-0.004243,0.003041,0.014571
0.001326,-0.007468,0.015701,0.007079,0.006797,0.015411,0.014162,0.013889,0.001145,0.010080,0.010275,0.008705,-0.007412,-0.003703,-0.003808,0.001925,0.012191
0.000616,-0.006779,0.015406,0.003677,0.008241,0.016587,0.015949,0.016458,0.001822,0.013152,0.007489,0.008257,-0.007636,-0.002434,-0.002575,-0.000792,0.010460
0.000071,-0.005957,0.015176,0.001125,0.010110,0.016667,0.017656,0.017158,0.002692,0.015682,0.004509,0.007981,-0.008383,-0.001349,-0.001278,-0.003268,0.008895
-0.000198,-0.004492,0.015375,-0.001071,0.012351,0.018805,0.019258,0.017619,0.002756,0.017409,0.003540,0.008201,-0.007803,0.000016,-0.000802,-0.005494,0.007359
-0.000177,-0.004393,0.015717,-0.002066,0.014398,0.021618,0.021098,0.017854,0.002974,0.018594,0.002247,0.008731,-0.006939,0.001062,-0.000643,-0.006103,0.005782
-0.000073,-0.004775,0.016104,-0.004185,0.016768,0.024427,0.022138,0.017942,0.003265,0.019613,0.000624,0.009739,-0.005752,0.002087,-0.001286,-0.006854,0.004047
0.000942,-0.006662,0.016276,-0.005593,0.018822,0.027194,0.022696,0.018382,0.003573,0.020221,-0.000903,0.011037,-0.004394,0.003043,-0.000802,-0.008004,0.002474
0.002232,-0.008810,0.017276,-0.005865,0.020895,0.029574,0.023063,0.018449,0.004114,0.020546,-0.001066,0.011521,-0.003691,0.003462,-0.000808,-0.010288,0.001809
0.003521,-0.009873,0.018836,-0.006052,0.022620,0.030602,0.023431,0.018643,0.004826,0.020628,-0.001033,0.011593,-0.002466,0.003560,-0.000557,-0.012470,0.001676
0.003829,-0.010966,0.019962,-0.004979,0.023966,0.031135,0.023423,0.018587,0.005531,0.021051,-0.001212,0.011242,-0.001297,0.003146,-0.001102,-0.013532,0.002591
0.004159,-0.011155,0.020094,-0.003635,0.025005,0.031345,0.023156,0.018041,0.006305,0.021194,-0.001188,0.010694,0.000398,0.002725,-0.001635,-0.012999,0.003567
0.004509,-0.010075,0.019096,-0.003548,0.026453,0.029711,0.022495,0.017243,0.007043,0.021569,-0.000671,0.010568,0.002037,0.002962,-0.001520,-0.012078,0.004162
0.005700,-0.008953,0.018560,-0.005357,0.027852,0.027588,0.021866,0.016627,0.008017,0.021746,0.001585,0.010685,0.002353,0.004423,-0.001728,-0.009098,0.004912
0.005713,-0.008987,0.017785,-0.007015,0.028944,0.025225,0.020679,0.015774,0.008743,0.021446,0.003792,0.011112,0.003553,0.006103,-0.002053,-0.006021,0.006096
0.005603,-0.008953,0.016883,-0.008686,0.028461,0.021853,0.019801,0.014358,0.008940,0.020636,0.005356,0.012277,0.003769,0.007600,-0.002975,-0.002871,0.007721
0.005369,-0.006802,0.016785,-0.010872,0.027654,0.018179,0.018858,0.013016,0.008773,0.019522,0.006303,0.011907,0.003042,0.008828,-0.003353,-0.000456,0.009422
0.005252,-0.005800,0.016376,-0.013376,0.026015,0.013847,0.017901,0.011001,0.008169,0.018231,0.007413,0.011117,0.002413,0.009096,-0.003457,0.001559,0.011418
0.005047,-0.004149,0.015378,-0.015645,0.023529,0.009486,0.016933,0.009284,0.007535,0.017948,0.007903,0.011621,0.002754,0.009389,-0.003576,0.003078,0.013298
0.005163,-0.003316,0.013864,-0.016888,0.021033,0.005283,0.015964,0.008010,0.006829,0.015960,0.008609,0.011952,0.003164,0.008383,-0.004469,0.003208,0.015224
0.004946,-0.002690,0.012093,-0.016589,0.018473,0.002412,0.015356,0.006881,0.006121,0.012648,0.009124,0.011363,0.002461,0.007344,-0.005386,0.002526,0.016637
0.004150,-0.002764,0.011557,-0.015894,0.016466,0.000737,0.014570,0.006986,0.005477,0.008318,0.009688,0.010029,-0.000050,0.006264,-0.006120,0.000917,0.017474
0.002954,-0.001835,0.011631,-0.014330,0.014387,-0.001168,0.013662,0.006942,0.004960,0.004559,0.009749,0.009744,-0.002098,0.004840,-0.006414,-0.000648,0.018140
0.004116,-0.000716,0.011588,-0.012601,0.012063,-0.002110,0.012367,0.007163,0.004588,0.001953,0.009869,0.009119,-0.003696,0.003516,-0.005773,-0.000623,0.018926
0.004826,0.000459,0.011902,-0.010992,0.009647,-0.003198,0.010698,0.007118,0.004641,-0.000692,0.010128,0.008367,-0.005200,0.002082,-0.004904,-0.000491,0.019183
0.004350,0.001862,0.013007,-0.009461,0.007389,-0.003888,0.008703,0.006928,0.004801,-0.003026,0.010737,0.007476,-0.006684,0.000523,-0.004157,-0.000339,0.019012
0.003583,0.002164,0.013872,-0.008211,0.005999,-0.003322,0.006885,0.006509,0.004900,-0.004238,0.010555,0.006009,-0.007591,-0.001332,-0.003685,0.000618,0.018552
0.002704,0.001529,0.014504,-0.006913,0.004581,-0.003990,0.005994,0.006374,0.005290,-0.005630,0.009707,0.005192,-0.007468,-0.003102,-0.004661,0.001257,0.018410
0.002504,0.002373,0.014383,-0.006317,0.002932,-0.003893,0.005168,0.006683,0.005805,-0.006400,0.008710,0.004228,-0.007651,-0.003724,-0.005823,0.001650,0.017935
0.002804,0.004328,0.013732,-0.006440,0.000718,-0.004811,0.004249,0.006950,0.006177,-0.006769,0.008421,0.003490,-0.007499,-0.004303,-0.005823,0.001484,0.018864
0.003294,0.005268,0.013255,-0.007022,-0.000984,-0.007699,0.003006,0.007703,0.006348,-0.007130,0.008193,0.002770,-0.008047,-0.005134,-0.006926,0.001286,0.020500
0.003929,0.005318,0.012979,-0.007119,-0.002259,-0.011318,0.001873,0.008286,0.006184,-0.007259,0.008434,0.002522,-0.008891,-0.006143,-0.007359,0.001521,0.023350
0.004467,0.004277,0.012755,-0.007013,-0.003529,-0.013648,0.001174,0.008250,0.006624,-0.007586,0.008177,0.002806,-0.009651,-0.007259,-0.008504,0.002373,0.025799
0.005965,0.004348,0.012348,-0.007112,-0.004510,-0.015275,0.000319,0.008165,0.007142,-0.006837,0.007032,0.003220,-0.009741,-0.008444,-0.008800,0.003117,0.027762
0.007983,0.004168,0.010935,-0.006999,-0.006071,-0.016804,-0.002677,0.008545,0.007468,-0.005059,0.005811,0.004645,-0.009118,-0.009575,-0.008576,0.003293,0.030985
0.009858,0.003913,0.009558,-0.005511,-0.009269,-0.018918,-0.005914,0.006224,0.006094,-0.002697,0.004816,0.009470,-0.007143,-0.009027,-0.007658,0.005935,0.034169
0.011727,0.006584,0.009505,-0.002410,-0.014404,-0.021337,-0.009734,0.003249,0.002109,0.001480,0.002867,0.014483,-0.003915,-0.007579,-0.007207,0.008204,0.036969
0.012723,0.009174,0.009366,0.001140,-0.020716,-0.023401,-0.013416,-0.002433,-0.003914,0.005621,0.001536,0.021839,0.001208,-0.004808,-0.008307,0.014725,0.038385
0.013143,0.011670,0.006607,0.004727,-0.029532,-0.025005,-0.016656,-0.008811,-0.013340,0.009194,-0.000345,0.031298,0.007513,-0.001426,-0.011912,0.024015,0.037982
0.012280,0.014559,0.003564,0.006915,-0.038594,-0.027654,-0.018312,-0.015108,-0.024085,0.012787,-0.002199,0.043675,0.013733,0.002525,-0.016212,0.032827,0.036644
0.011479,0.016753,0.000965,0.007693,-0.047657,-0.031006,-0.018987,-0.021646,-0.037094,0.016086,-0.002618,0.057694,0.020122,0.008183,-0.022868,0.042449,0.034525
0.010585,0.019019,-0.001854,0.010694,-0.056290,-0.033889,-0.019764,-0.029915,-0.051220,0.019497,-0.002820,0.071354,0.026829,0.015261,-0.031123,0.051319,0.030512
0.009586,0.020901,-0.005816,0.013025,-0.065004,-0.038239,-0.020215,-0.038921,-0.065527,0.023049,-0.002411,0.084583,0.033047,0.022222,-0.039885,0.058917,0.026511
0.008333,0.024425,-0.008560,0.016106,-0.073248,-0.042135,-0.020326,-0.047699,-0.078654,0.025814,-0.001553,0.094647,0.037837,0.028822,-0.047198,0.063355,0.021751
0.005724,0.026604,-0.011344,0.016743,-0.080753,-0.047061,-0.020443,-0.055599,-0.090605,0.027831,-0.000406,0.103131,0.043203,0.035525,-0.053255,0.067262,0.016321
0.003526,0.028500,-0.013051,0.017624,-0.087586,-0.052516,-0.021457,-0.061980,-0.101437,0.029066,0.000262,0.111710,0.049007,0.041706,-0.058992,0.069611,0.011003
0.001391,0.028439,-0.015540,0.018319,-0.093741,-0.057999,-0.022510,-0.066703,-0.110668,0.029516,0.000757,0.119139,0.054429,0.046005,-0.064939,0.068992,0.005043
0.000641,0.027782,-0.017803,0.019997,-0.098612,-0.061983,-0.022942,-0.069840,-0.118374,0.028787,0.001384,0.126882,0.058577,0.049944,-0.070572,0.066880,-0.001211
0.000113,0.026802,-0.020097,0.020734,-0.101789,-0.063714,-0.022707,-0.071159,-0.124455,0.028027,0.001630,0.132419,0.061531,0.053176,-0.075347,0.063070,-0.007809
-0.001634,0.026202,-0.021966,0.021388,-0.103189,-0.064546,-0.022396,-0.070680,-0.128921,0.027016,0.001652,0.136529,0.064059,0.055833,-0.079388,0.058566,-0.014289
-0.000335,0.029126,-0.021257,0.022216,-0.100254,-0.062023,-0.019440,-0.064779,-0.128612,0.028982,0.002267,0.138499,0.065510,0.058222,-0.080930,0.054658,-0.019641
0.000278,0.031565,-0.020523,0.022884,-0.096681,-0.058789,-0.016537,-0.058746,-0.126726,0.030410,0.003201,0.138841,0.066235,0.059899,-0.081641,0.050211,-0.024865
0.001164,0.032398,-0.019647,0.023391,-0.092204,-0.054862,-0.013922,-0.052446,-0.123596,0.030943,0.004143,0.137541,0.066168,0.060578,-0.081134,0.045248,-0.030182
0.001815,0.032667,-0.018014,0.023766,-0.086760,-0.050224,-0.011192,-0.045880,-0.119172,0.030947,0.004410,0.134611,0.065372,0.060023,-0.079761,0.040499,-0.035387
0.002278,0.032372,-0.016195,0.023982,-0.080274,-0.046194,-0.008311,-0.038590,-0.113065,0.029929,0.004637,0.130396,0.064483,0.058701,-0.077350,0.035266,-0.039776
0.002553,0.033098,-0.014537,0.023343,-0.072844,-0.040471,-0.005290,-0.031001,-0.105694,0.028347,0.004821,0.124575,0.062856,0.057220,-0.074244,0.029309,-0.043840
0.002857,0.033374,-0.013047,0.022444,-0.064928,-0.035132,-0.002171,-0.023113,-0.097149,0.026459,0.004901,0.117302,0.060491,0.055321,-0.069639,0.022767,-0.046136
0.003624,0.032069,-0.011419,0.019962,-0.056100,-0.030478,0.000723,-0.014270,-0.087694,0.024237,0.004934,0.108487,0.057238,0.052413,-0.065489,0.015718,-0.047078
0.004263,0.029202,-0.009251,0.017170,-0.046369,-0.027231,0.003711,-0.005081,-0.077006,0.022306,0.005500,0.098082,0.052434,0.048542,-0.059806,0.008324,-0.045915
0.004775,0.025730,-0.006917,0.014053,-0.035726,-0.023599,0.006545,0.003952,-0.064592,0.019903,0.006061,0.086201,0.046824,0.043893,-0.054072,0.001122,-0.044204
0.006230,0.023566,-0.004638,0.010467,-0.024985,-0.019581,0.009246,0.013295,-0.050778,0.018204,0.006047,0.072270,0.040787,0.038500,-0.046727,-0.006285,-0.041913
0.008167,0.020965,-0.003189,0.006558,-0.014152,-0.015576,0.009798,0.022948,-0.035820,0.016465,0.005790,0.057800,0.034052,0.032363,-0.039272,-0.014120,-0.037214
0.010090,0.018430,-0.001659,0.003581,-0.004591,-0.012234,0.010031,0.030205,-0.021328,0.014979,0.005463,0.046202,0.028003,0.027234,-0.030455,-0.018915,-0.031425
0.012198,0.018400,0.000788,0.001937,0.003318,-0.009032,0.009367,0.036750,-0.008802,0.015240,0.004114,0.034116,0.022014,0.022491,-0.021347,-0.023827,-0.024968
0.014307,0.018783,0.003375,0.000171,0.010011,-0.005549,0.008534,0.040262,0.002078,0.015552,0.003598,0.023900,0.017465,0.018892,-0.012415,-0.024250,-0.019394
0.016069,0.018993,0.004572,-0.001722,0.013732,-0.001838,0.007747,0.042450,0.009501,0.015485,0.002606,0.015741,0.013580,0.015698,-0.005644,-0.022004,-0.014871
0.016670,0.018761,0.005552,-0.003737,0.016149,0.001832,0.008023,0.043961,0.015135,0.015638,0.001524,0.010969,0.009454,0.012362,0.000286,-0.019137,-0.010490
0.016242,0.017952,0.006545,-0.005873,0.017284,0.004797,0.008735,0.044399,0.017733,0.015647,0.000352,0.008398,0.006851,0.009594,0.003570,-0.015790,-0.006531
0.015733,0.017094,0.007319,-0.005568,0.017668,0.007927,0.009416,0.042043,0.018172,0.015947,-0.000738,0.006384,0.004851,0.007937,0.004711,-0.012077,-0.003966
0.014970,0.015857,0.006845,-0.005202,0.017333,0.009088,0.009605,0.037976,0.017022,0.016134,-0.001393,0.005224,0.002894,0.006336,0.004998,-0.008561,-0.001598
0.013780,0.014570,0.006279,-0.003239,0.016165,0.010080,0.009730,0.032708,0.015561,0.015674,-0.001271,0.003775,0.000771,0.004568,0.005253,-0.006366,-0.000021
0.011079,0.013256,0.005382,-0.002493,0.014594,0.009689,0.009551,0.027408,0.013874,0.014528,-0.001048,0.002192,-0.000234,0.003767,0.005487,-0.003377,0.000760
0.008444,0.011746,0.005570,-0.000938,0.012431,0.008693,0.008074,0.021757,0.011483,0.011973,-0.000562,0.000475,-0.000782,0.002879,0.005001,-0.000856,0.001530
0.005550,0.009318,0.004787,0.000004,0.009583,0.006789,0.006428,0.015736,0.008909,0.009142,-0.000275,-0.001041,-0.001025,0.001904,0.004205,0.000162,0.001563
0.004140,0.006643,0.003912,0.000514,0.006456,0.004696,0.004280,0.009991,0.006081,0.006206,0.000274,-0.000637,-0.000772,0.001085,0.002993,0.000908,0.001227
0.002597,0.003721,0.002254,0.000267,0.003134,0.002442,0.002424,0.004395,0.003087,0.003227,0.000566,-0.000198,-0.000401,0.000447,0.001671,0.000559,0.000657
