AU01,AU02,AU04,AU05,AU06,AU07,AU09,AU10,AU12,AU14,AU15,AU17,AU20,AU23,AU25,AU26,AU45
0.001783,-0.022352,-0.015648,-0.033567,-0.001704,-0.009233,-0.016182,-0.007728,0.000103,-0.012494,-0.007080,0.008810,-0.019114,0.005868,0.003685,0.014587,-0.005651
0.002159,-0.022339,-0.015864,-0.034335,-0.001206,-0.009377,-0.016867,-0.007888,0.000112,-0.013147,-0.007550,0.008438,-0.018566,0.006095,0.004605,0.015586,-0.005743
0.002242,-0.022696,-0.015944,-0.035735,-0.000404,-0.009905,-0.017191,-0.007886,0.000115,-0.013650,-0.007911,0.008334,-0.018080,0.006240,0.005439,0.016408,-0.005919
0.002507,-0.022798,-0.015998,-0.037047,0.000355,-0.009509,-0.017144,-0.007806,0.000147,-0.014239,-0.008091,0.008148,-0.018145,0.006410,0.006173,0.017021,-0.006004
0.002733,-0.022727,-0.015865,-0.037441,0.000472,-0.009703,-0.017027,-0.007868,0.000171,-0.014767,-0.008171,0.007878,-0.017971,0.006527,0.006697,0.017173,-0.005996
0.003010,-0.022373,-0.014964,-0.036642,0.000184,-0.010056,-0.017204,-0.008498,0.000186,-0.015294,-0.007865,0.007236,-0.017330,0.006642,0.007129,0.017091,-0.005896
0.003241,-0.021168,-0.013891,-0.035362,-0.000068,-0.010187,-0.017116,-0.008320,0.000165,-0.015586,-0.007460,0.006532,-0.016397,0.006566,0.007469,0.016546,-0.005698
0.002672,-0.019349,-0.012677,-0.032276,-0.000155,-0.010013,-0.015925,-0.008709,-0.000122,-0.014477,-0.006977,0.007257,-0.015320,0.006506,0.006778,0.015708,-0.005707
0.002116,-0.017321,-0.012406,-0.028304,-0.000136,-0.009622,-0.014532,-0.009202,-0.000396,-0.013223,-0.005724,0.008283,-0.013526,0.006513,0.006067,0.014674,-0.005790
0.001636,-0.015082,-0.011911,-0.022897,-0.000098,-0.010615,-0.013329,-0.009530,-0.000657,-0.012631,-0.004447,0.008620,-0.011548,0.006444,0.005691,0.013489,-0.006055
0.001164,-0.012919,-0.011427,-0.018450,-0.000173,-0.012280,-0.012157,-0.009273,-0.000508,-0.011832,-0.003147,0.008595,-0.009040,0.006487,0.005369,0.012113,-0.006167
0.000700,-0.010762,-0.010385,-0.014799,-0.000434,-0.013740,-0.011374,-0.008884,-0.000799,-0.009970,-0.001758,0.008410,-0.006376,0.006395,0.004992,0.010513,-0.005932
0.000108,-0.008355,-0.009121,-0.010783,-0.000648,-0.014768,-0.010291,-0.007728,-0.001080,-0.007607,-0.000350,0.008483,-0.003975,0.006139,0.004235,0.008771,-0.005520
-0.000007,-0.003785,-0.006113,-0.004454,-0.000764,-0.012874,-0.007858,-0.006311,-0.001633,-0.004700,0.001076,0.008362,-0.001518,0.004827,0.003055,0.006519,-0.004711
-0.001133,0.001157,-0.003003,0.003398,-0.000627,-0.009675,-0.005205,-0.004824,-0.002149,-0.001712,0.002745,0.005953,0.000241,0.003452,0.001876,0.004650,-0.003788
-0.001705,0.005059,-0.001369,0.009640,-0.000767,-0.007600,-0.005097,-0.004388,-0.002787,-0.000416,0.002985,0.003511,0.001399,0.002602,0.001994,0.002629,-0.004255
-0.002271,0.004225,-0.000070,0.013462,-0.001312,-0.006625,-0.006089,-0.004217,-0.003103,0.000391,0.003237,0.001905,0.001159,0.003282,0.002011,0.000962,-0.005016
-0.002827,0.004119,-0.000767,0.014842,-0.001750,-0.008712,-0.006891,-0.003554,-0.003376,0.001351,0.003155,0.000807,0.000431,0.003504,0.002061,0.000375,-0.005711
-0.002533,0.004861,-0.000867,0.015119,-0.002105,-0.009447,-0.007419,-0.003250,-0.003117,0.002776,0.001791,-0.000184,-0.000954,0.002759,0.001225,0.001763,-0.006507
-0.001960,0.005670,-0.001113,0.015189,-0.001989,-0.010425,-0.007500,-0.002571,-0.002262,0.003954,0.001611,-0.001104,-0.003003,0.002013,0.000438,0.002798,-0.007256
-0.001523,0.004470,-0.003433,0.014995,-0.002042,-0.014313,-0.007814,-0.002234,-0.001514,0.004045,0.001155,-0.003479,-0.004987,0.002384,0.000060,0.003079,-0.007845
-0.002639,0.002152,-0.005785,0.014564,-0.001830,-0.016309,-0.008060,-0.001819,-0.001099,0.004682,0.001279,-0.005457,-0.005919,0.002508,-0.001489,0.003273,-0.008217
-0.003269,0.000847,-0.006095,0.017069,-0.001262,-0.014673,-0.006789,0.000395,-0.001012,0.006245,0.001355,-0.005087,-0.006863,0.002007,-0.002530,0.004970,-0.007873
-0.003125,0.000921,-0.004985,0.019518,-0.000699,-0.008841,-0.005328,0.002775,-0.000761,0.007172,0.000407,-0.004579,-0.007598,0.001429,-0.004571,0.006499,-0.007243
-0.001680,0.001608,-0.003698,0.021231,-0.001333,-0.002568,-0.004125,0.003987,-0.000322,0.006889,-0.000691,-0.005738,-0.007833,0.001418,-0.005005,0.007302,-0.006801
-0.001570,0.003429,-0.003688,0.021799,-0.002246,-0.000741,-0.003598,0.004892,0.000144,0.006708,-0.000906,-0.006852,-0.008214,0.001373,-0.005557,0.007863,-0.006235
-0.001020,0.005076,-0.002690,0.021916,-0.002865,0.000412,-0.003522,0.004548,0.000535,0.007242,-0.001243,-0.008847,-0.007954,0.000885,-0.005507,0.008430,-0.005650
-0.001431,0.006198,-0.001163,0.021432,-0.003206,0.001070,-0.003469,0.004141,0.000931,0.007607,-0.001459,-0.010689,-0.007596,0.000650,-0.005363,0.008936,-0.005289
-0.000668,0.006303,0.000292,0.020422,-0.003031,0.001827,-0.003670,0.004703,0.001418,0.007209,-0.001830,-0.012417,-0.007538,0.001163,-0.003939,0.009339,-0.005148
-0.001035,0.005726,0.001858,0.018076,-0.002301,0.002211,-0.003679,0.005826,0.001887,0.006713,-0.002317,-0.012535,-0.006698,0.001598,-0.002496,0.009742,-0.005080
-0.000392,0.005045,0.003168,0.015138,-0.001484,0.003429,-0.003625,0.006893,0.002095,0.006775,-0.002687,-0.012603,-0.006009,0.001611,-0.001269,0.010088,-0.004243
0.000273,0.003462,0.003965,0.013204,-0.000633,0.005244,-0.003347,0.007035,0.002309,0.006524,-0.003170,-0.014007,-0.005351,0.001630,-0.000180,0.009724,-0.003365
0.001054,0.001792,0.005313,0.011108,-0.000228,0.006630,-0.003574,0.006439,0.002835,0.005873,-0.002846,-0.015566,-0.004479,0.001716,0.000839,0.008742,-0.002447
0.001989,0.000701,0.006662,0.009331,0.000140,0.007941,-0.003787,0.007540,0.003740,0.004737,-0.003219,-0.016353,-0.003333,0.001957,0.000924,0.007466,-0.001548
0.002423,0.001652,0.007586,0.009121,0.000626,0.010108,-0.002964,0.007922,0.004679,0.003443,-0.003591,-0.014884,-0.001573,0.002264,0.000093,0.005822,-0.000451
0.002795,0.002516,0.007346,0.009660,0.001169,0.012084,-0.002070,0.007874,0.005519,0.002174,-0.003213,-0.012744,-0.000015,0.002707,-0.000715,0.004124,0.000430
0.003553,0.001976,0.006826,0.011213,0.002579,0.012530,-0.001528,0.007673,0.006258,0.001086,-0.003457,-0.010925,0.002275,0.003025,-0.001385,0.002150,0.001332
0.001013,0.000397,0.006878,0.010401,0.003941,0.011610,0.001894,0.007928,0.006808,0.001659,-0.002926,-0.008528,0.005117,-0.000749,-0.001875,0.000971,0.002308
-0.000621,-0.001097,0.007119,0.008278,0.004987,0.010630,0.003669,0.008534,0.007872,0.002641,-0.004024,-0.006126,0.008444,-0.003585,-0.002286,0.001239,0.003400
-0.002298,-0.002584,0.007237,0.005921,0.005959,0.009238,0.005233,0.009812,0.008789,0.003843,-0.005073,-0.003171,0.010706,-0.006167,-0.002926,0.001322,0.004260
-0.003389,-0.002002,0.007904,0.005860,0.007235,0.009558,0.007711,0.011828,0.009256,0.005369,-0.005914,-0.000705,0.013499,-0.009459,-0.004261,0.001170,0.005342
-0.005468,-0.000139,0.008637,0.007088,0.009087,0.010847,0.010524,0.014085,0.010136,0.006738,-0.006581,-0.000313,0.015182,-0.012131,-0.005020,0.000062,0.006077
-0.006861,0.001259,0.007900,0.008301,0.010524,0.012040,0.012526,0.015792,0.010810,0.007725,-0.006137,0.000099,0.016631,-0.013991,-0.004162,-0.000768,0.006820
-0.008154,-0.000184,0.008823,0.008246,0.012310,0.012771,0.014159,0.016555,0.011433,0.008437,-0.006069,0.001608,0.018515,-0.015187,-0.003217,-0.001343,0.007148
-0.009155,-0.001817,0.009505,0.007460,0.014025,0.013249,0.015413,0.017618,0.011995,0.009543,-0.006088,0.002907,0.018109,-0.016230,-0.002237,-0.001191,0.007502
-0.010215,-0.003464,0.010610,0.006570,0.015812,0.016018,0.018029,0.018238,0.012888,0.012094,-0.007618,0.004446,0.019476,-0.018954,-0.002753,0.001105,0.007710
-0.010803,-0.005279,0.012923,0.004149,0.017872,0.021824,0.020559,0.019322,0.013806,0.015825,-0.009077,0.006022,0.019887,-0.021940,-0.002290,0.003354,0.007602
-0.011998,-0.007714,0.014288,0.001888,0.019476,0.025781,0.022757,0.020387,0.015837,0.018298,-0.010075,0.006162,0.019973,-0.024406,-0.002305,0.004207,0.006765
-0.014071,-0.010204,0.015274,-0.000351,0.020846,0.028561,0.024371,0.021157,0.017436,0.020274,-0.010346,0.006173,0.020809,-0.025825,-0.001493,0.004477,0.005911
-0.016034,-0.013363,0.014462,-0.001381,0.022098,0.030785,0.025802,0.022486,0.018970,0.021196,-0.010619,0.007708,0.020482,-0.026132,-0.001165,0.005797,0.005916
-0.016220,-0.014313,0.013556,-0.002558,0.023133,0.031543,0.026522,0.022872,0.020418,0.021942,-0.011188,0.009169,0.020334,-0.025245,-0.001419,0.006589,0.006366
-0.014941,-0.014325,0.012403,-0.004889,0.022981,0.032417,0.026794,0.022235,0.021852,0.021293,-0.011727,0.009412,0.020043,-0.023844,-0.001040,0.006181,0.006411
-0.014216,-0.012635,0.011115,-0.006275,0.022641,0.032540,0.025594,0.021365,0.022831,0.020177,-0.011438,0.009544,0.019592,-0.021721,-0.000897,0.005115,0.006341
-0.011057,-0.011533,0.010175,-0.007859,0.022136,0.032620,0.024097,0.020263,0.023877,0.017630,-0.010986,0.007670,0.018537,-0.017250,-0.000639,0.003784,0.005469
-0.008868,-0.010828,0.009857,-0.009487,0.021381,0.034298,0.022439,0.019145,0.024580,0.015373,-0.009828,0.004995,0.017441,-0.012567,-0.000435,0.002044,0.004403
-0.005836,-0.010879,0.008898,-0.011311,0.020334,0.035332,0.020288,0.017782,0.025008,0.012771,-0.009160,0.002348,0.015600,-0.007161,0.000992,0.000809,0.003100
-0.003704,-0.010589,0.008289,-0.011419,0.019330,0.035860,0.018776,0.016713,0.025443,0.010539,-0.007735,0.001792,0.014414,-0.001631,0.002026,-0.000830,0.001858
-0.004311,-0.012542,0.007682,-0.011431,0.018723,0.033258,0.019111,0.016200,0.024774,0.010918,-0.006853,0.001550,0.013992,-0.001321,0.002460,-0.001066,0.002925
-0.001401,-0.011753,0.007086,-0.012392,0.017876,0.033680,0.017137,0.014803,0.024192,0.010984,-0.005242,0.000291,0.014523,0.003926,0.003064,-0.002816,0.002523
-0.001406,-0.014250,0.006426,-0.014265,0.018189,0.031496,0.016201,0.013129,0.024160,0.011545,-0.003543,-0.001078,0.014770,0.004683,0.003583,-0.004558,0.003476
0.001785,-0.012721,0.005547,-0.015297,0.017099,0.030467,0.013594,0.012230,0.024248,0.011444,-0.002400,-0.003252,0.014902,0.011167,0.003210,-0.006296,0.003022
0.002388,-0.013206,0.003878,-0.015684,0.017418,0.027554,0.011339,0.011243,0.024869,0.009746,-0.001343,-0.004773,0.015476,0.012811,0.002765,-0.008260,0.004323
0.006746,-0.007345,0.001340,-0.015221,0.016315,0.026686,0.008289,0.009106,0.025195,0.007704,-0.000297,-0.006206,0.014776,0.019454,0.001333,-0.011035,0.004126
0.006270,-0.007259,-0.001761,-0.013543,0.016304,0.023518,0.005473,0.008061,0.025531,0.007107,0.000157,-0.007787,0.014560,0.021374,-0.000312,-0.014047,0.004874
0.008328,-0.003509,-0.003541,-0.012740,0.015963,0.021117,0.004332,0.006965,0.024948,0.008105,0.001207,-0.009212,0.014564,0.023874,-0.001641,-0.017318,0.004460
0.007722,-0.001084,-0.005614,-0.012186,0.015595,0.018419,0.005068,0.006420,0.025616,0.008983,-0.000991,-0.010583,0.015214,0.021569,-0.002434,-0.018638,0.005340
0.010152,0.002878,-0.006825,-0.011494,0.016712,0.015524,0.004438,0.006478,0.026219,0.010126,-0.003265,-0.011834,0.014936,0.024159,-0.001270,-0.019759,0.004633
0.010436,0.005005,-0.009057,-0.010202,0.017908,0.011830,0.004468,0.007419,0.027559,0.011130,-0.005413,-0.013610,0.015208,0.023893,-0.000887,-0.020194,0.005467
0.010576,0.006505,-0.010427,-0.007953,0.019718,0.008447,0.004818,0.009728,0.028945,0.012493,-0.007733,-0.015166,0.015279,0.023767,-0.000087,-0.021639,0.006410
0.010619,0.007473,-0.011859,-0.006655,0.021134,0.004782,0.005022,0.011767,0.029803,0.013524,-0.008585,-0.018057,0.014789,0.023374,0.000163,-0.022495,0.007483
0.007711,0.008593,-0.011161,-0.005237,0.023468,0.004708,0.004850,0.013374,0.030461,0.013208,-0.009532,-0.017489,0.013671,0.023624,0.000004,-0.022860,0.008786
0.005131,0.009606,-0.011310,-0.005537,0.025530,0.003859,0.004217,0.014597,0.031097,0.013039,-0.010008,-0.018789,0.009940,0.023897,-0.000098,-0.022432,0.010040
0.001991,0.007440,-0.011431,-0.005893,0.027432,0.003212,0.004826,0.016027,0.031971,0.013668,-0.010534,-0.019503,0.007249,0.022931,-0.000432,-0.021075,0.011140
-0.002628,0.004114,-0.009926,-0.007466,0.030448,0.005637,0.007395,0.017580,0.032505,0.015933,-0.011573,-0.019767,0.004588,0.019574,0.000585,-0.019169,0.011180
-0.007900,-0.001579,-0.008007,-0.009705,0.033225,0.009615,0.010061,0.020010,0.033806,0.018817,-0.012217,-0.019755,0.002049,0.015524,0.000743,-0.017039,0.010401
-0.013441,-0.006210,-0.005844,-0.013787,0.035572,0.012996,0.012816,0.023314,0.035303,0.021892,-0.012715,-0.018326,-0.000417,0.011495,-0.001564,-0.015083,0.010671
-0.018871,-0.011611,-0.005100,-0.017435,0.037393,0.016396,0.015627,0.025739,0.036267,0.023180,-0.013016,-0.016248,-0.003795,0.008348,-0.004476,-0.014012,0.011338
-0.024724,-0.012165,-0.004646,-0.020399,0.039611,0.018326,0.017698,0.027387,0.037771,0.025183,-0.012630,-0.013948,-0.005775,0.007404,-0.006269,-0.014064,0.013164
-0.030185,-0.012347,-0.004145,-0.023842,0.041366,0.023996,0.019553,0.029051,0.038844,0.026844,-0.012183,-0.011167,-0.007532,0.006158,-0.007869,-0.014490,0.014748
-0.035532,-0.012867,-0.004246,-0.026717,0.043301,0.028606,0.020573,0.031299,0.039327,0.027956,-0.012424,-0.007863,-0.010856,0.003834,-0.009142,-0.015030,0.017572
-0.038291,-0.014058,-0.004533,-0.029494,0.044538,0.032656,0.020863,0.033006,0.040728,0.026623,-0.012662,-0.005952,-0.014312,0.004190,-0.008766,-0.015249,0.019413
-0.039700,-0.015789,-0.004101,-0.031870,0.045843,0.038660,0.021144,0.034366,0.042365,0.025195,-0.011481,-0.004887,-0.017882,0.005495,-0.008274,-0.015800,0.020334
-0.040473,-0.017340,-0.004666,-0.034717,0.046734,0.044189,0.020925,0.036257,0.043306,0.023281,-0.009905,-0.003495,-0.021050,0.006822,-0.008563,-0.015857,0.020877
-0.040620,-0.019161,-0.005026,-0.035829,0.047258,0.049272,0.021311,0.038101,0.043801,0.021378,-0.008307,-0.000842,-0.023968,0.007389,-0.009129,-0.016226,0.021654
-0.045936,-0.025734,-0.006177,-0.036505,0.047791,0.054567,0.023728,0.039832,0.043161,0.021111,-0.007377,0.002920,-0.025900,0.002379,-0.009595,-0.014354,0.024584
-0.047917,-0.028635,-0.005873,-0.038572,0.047934,0.062664,0.024239,0.041374,0.042396,0.020674,-0.005614,0.007076,-0.026323,0.001784,-0.009839,-0.013442,0.026854
-0.052190,-0.034232,-0.006252,-0.040787,0.048860,0.069242,0.025791,0.042054,0.041625,0.020854,-0.004706,0.009806,-0.027273,-0.003356,-0.010093,-0.011733,0.030143
-0.052779,-0.035564,-0.006008,-0.042452,0.048326,0.076280,0.025938,0.042301,0.040830,0.021562,-0.002695,0.010949,-0.028862,-0.003085,-0.010736,-0.009833,0.031446
-0.055943,-0.040435,-0.006008,-0.043641,0.049833,0.079372,0.026228,0.041402,0.039854,0.022103,-0.000817,0.012203,-0.030146,-0.006937,-0.011307,-0.007697,0.033429
-0.054705,-0.038999,-0.006766,-0.043873,0.049523,0.082675,0.025139,0.039094,0.038373,0.022213,0.000974,0.014410,-0.031522,-0.005729,-0.012990,-0.005546,0.033414
-0.058531,-0.041493,-0.009319,-0.042004,0.048864,0.083737,0.024179,0.037491,0.036728,0.022352,0.002835,0.017372,-0.032619,-0.009108,-0.015156,-0.004014,0.033816
-0.055641,-0.038913,-0.011567,-0.038947,0.046827,0.081968,0.021418,0.035373,0.034471,0.021937,0.003246,0.019334,-0.032810,-0.007277,-0.017015,-0.002942,0.032634
-0.055223,-0.036716,-0.014009,-0.035835,0.044629,0.081429,0.020539,0.033156,0.032799,0.020917,0.002533,0.020965,-0.031589,-0.010621,-0.018184,-0.001530,0.032730
-0.050844,-0.032678,-0.015457,-0.032306,0.043209,0.078920,0.017881,0.031056,0.030657,0.019430,0.001750,0.021524,-0.030018,-0.009676,-0.017104,0.000401,0.031120
-0.047821,-0.030058,-0.016052,-0.029115,0.041923,0.075314,0.015280,0.028878,0.029543,0.017905,0.001034,0.021221,-0.028021,-0.010954,-0.014608,0.002271,0.030911
-0.044510,-0.029258,-0.015086,-0.025110,0.040744,0.071204,0.012547,0.027448,0.028020,0.017139,0.000292,0.020786,-0.026494,-0.012034,-0.012335,0.004040,0.030927
-0.040347,-0.027709,-0.013767,-0.023512,0.039209,0.066472,0.010251,0.027244,0.026492,0.016823,-0.001610,0.019733,-0.024833,-0.012964,-0.010069,0.005638,0.030504
-0.038452,-0.025756,-0.012274,-0.021476,0.038035,0.063790,0.007816,0.026468,0.024865,0.015247,-0.003553,0.020941,-0.024928,-0.013108,-0.008528,0.007561,0.030035
-0.035924,-0.022955,-0.011198,-0.020553,0.036155,0.060608,0.005198,0.024601,0.022877,0.012724,-0.004931,0.019086,-0.025236,-0.013129,-0.006513,0.008690,0.029197
-0.032709,-0.022056,-0.009855,-0.017842,0.033179,0.057112,0.002633,0.022262,0.020893,0.009643,-0.006095,0.016768,-0.026686,-0.012896,-0.004353,0.009470,0.027959
-0.030212,-0.021362,-0.008259,-0.014762,0.030756,0.054031,0.001512,0.019475,0.019044,0.005933,-0.007685,0.013973,-0.028719,-0.013730,-0.001139,0.010446,0.025584
-0.027262,-0.022037,-0.006344,-0.011920,0.029015,0.051653,0.000193,0.016707,0.017644,0.002141,-0.008497,0.010962,-0.030190,-0.013767,0.002204,0.009793,0.022736
-0.024241,-0.021099,-0.004396,-0.011076,0.027014,0.048704,-0.000923,0.015195,0.016526,-0.001221,-0.010786,0.010186,-0.030250,-0.013862,0.002556,0.009752,0.020737
-0.020026,-0.019800,-0.002859,-0.009588,0.024175,0.042664,-0.002047,0.013191,0.015028,-0.003955,-0.012202,0.009650,-0.029861,-0.013441,0.002964,0.008851,0.018438
-0.017140,-0.014672,-0.001720,-0.006813,0.021927,0.035917,-0.003662,0.011335,0.014018,-0.005361,-0.013430,0.008720,-0.028678,-0.010247,0.003838,0.007606,0.016762
-0.014047,-0.009672,-0.000145,-0.002925,0.020158,0.032995,-0.005471,0.009523,0.012784,-0.006489,-0.014438,0.008156,-0.026842,-0.006932,0.004713,0.009098,0.014810
-0.011455,-0.005036,0.002129,0.000304,0.018722,0.031397,-0.006580,0.008639,0.011612,-0.007132,-0.016227,0.007431,-0.025616,-0.005046,0.006306,0.010532,0.014519
-0.008740,-0.000594,0.004259,0.003461,0.017434,0.027334,-0.007616,0.007431,0.011209,-0.007988,-0.017847,0.006556,-0.024109,-0.003134,0.009242,0.010012,0.014056
-0.006231,0.002203,0.006373,0.005668,0.016618,0.023141,-0.007853,0.006651,0.011762,-0.008568,-0.018341,0.006282,-0.022470,-0.000499,0.012171,0.009344,0.012917
-0.004531,0.005182,0.007871,0.006583,0.015774,0.018400,-0.008117,0.005557,0.012236,-0.009358,-0.017754,0.006200,-0.019317,0.002202,0.013863,0.008520,0.011090
-0.002576,0.007758,0.008196,0.006938,0.014973,0.013351,-0.008718,0.006276,0.012755,-0.010857,-0.017494,0.006167,-0.017173,0.003936,0.015478,0.007511,0.009152
-0.002656,0.008035,0.007619,0.007904,0.013869,0.011362,-0.009305,0.005574,0.013231,-0.012069,-0.017130,0.006621,-0.013783,0.004367,0.017590,0.007027,0.007638
-0.003449,0.008041,0.007891,0.009415,0.013367,0.010640,-0.009160,0.005806,0.013657,-0.012842,-0.015769,0.006203,-0.010178,0.004341,0.019506,0.006894,0.007167
-0.005028,0.005453,0.007094,0.010607,0.012627,0.008925,-0.008641,0.005047,0.014390,-0.012676,-0.015596,0.004033,-0.007324,0.003098,0.021174,0.006696,0.007002
-0.006380,0.003053,0.006778,0.010718,0.011448,0.007335,-0.008306,0.004828,0.015515,-0.010991,-0.014474,0.000807,-0.006373,0.001879,0.022346,0.006096,0.006423
-0.007757,0.001647,0.006618,0.010135,0.011096,0.005442,-0.007815,0.003495,0.016312,-0.008295,-0.013112,-0.002667,-0.005664,0.001751,0.023559,0.005401,0.005192
-0.008405,0.001485,0.007337,0.009744,0.010712,0.005113,-0.008050,0.002661,0.016861,-0.005466,-0.011111,-0.005013,-0.005072,0.001793,0.024273,0.004397,0.003111
-0.009281,0.001307,0.006604,0.011392,0.009852,0.002399,-0.008645,0.001330,0.018639,-0.002871,-0.008860,-0.006010,-0.003571,0.001579,0.023799,0.002679,0.001204
-0.010644,0.001198,0.005493,0.014909,0.008503,-0.001994,-0.009068,-0.000230,0.019935,-0.000280,-0.007552,-0.006800,-0.001681,0.001396,0.022649,0.001629,-0.000365
-0.011903,0.001228,0.003818,0.016957,0.007426,-0.005165,-0.010194,-0.001657,0.021453,0.002848,-0.005753,-0.009479,0.000875,0.001198,0.021424,0.000940,-0.001413
-0.014275,0.000819,0.002003,0.019358,0.006136,-0.007527,-0.011491,-0.003097,0.022673,0.005105,-0.003833,-0.012464,0.001714,-0.000312,0.020441,0.001130,-0.001667
-0.016576,-0.001948,0.001189,0.020524,0.006006,-0.009871,-0.013188,-0.002988,0.024014,0.006806,-0.001274,-0.015867,0.002750,-0.002975,0.020571,0.001394,-0.001574
-0.018952,-0.005522,0.000872,0.020978,0.006101,-0.012197,-0.014477,-0.002706,0.024944,0.008473,0.001631,-0.019130,0.003143,-0.005480,0.019926,0.002030,-0.001112
-0.021007,-0.008559,0.000409,0.019062,0.006539,-0.014052,-0.014100,-0.001187,0.025899,0.010794,0.003173,-0.021191,0.004312,-0.008283,0.019493,0.002330,-0.000695
-0.022897,-0.011817,-0.000353,0.016577,0.007083,-0.015853,-0.013314,0.000267,0.026406,0.013163,0.004373,-0.022945,0.004484,-0.011277,0.018273,0.002935,-0.000340
-0.024466,-0.015034,-0.001077,0.013700,0.007205,-0.016734,-0.012480,0.000648,0.026487,0.014723,0.005478,-0.025400,0.004378,-0.013675,0.017384,0.002846,-0.000096
-0.026443,-0.018031,-0.001730,0.012228,0.006578,-0.016753,-0.011941,0.000378,0.026065,0.015846,0.006404,-0.026219,0.005434,-0.014733,0.016497,0.002434,-0.000116
-0.027959,-0.020318,-0.002822,0.010240,0.005455,-0.014977,-0.011591,-0.000340,0.025082,0.014749,0.006653,-0.027122,0.005696,-0.015072,0.017089,0.001621,-0.000365
-0.029124,-0.022306,-0.003514,0.008381,0.005249,-0.012957,-0.011170,-0.001776,0.024651,0.012936,0.007176,-0.028365,0.005820,-0.015083,0.016640,-0.002684,-0.000614
-0.029266,-0.022453,-0.003625,0.007941,0.004677,-0.010695,-0.010333,-0.002846,0.023985,0.011241,0.006475,-0.028291,0.006736,-0.015068,0.016948,-0.006443,-0.000519
-0.028262,-0.021248,-0.003363,0.008475,0.003674,-0.012449,-0.009191,-0.004025,0.023103,0.009910,0.007262,-0.028104,0.007631,-0.015366,0.016477,-0.008103,-0.000252
-0.026294,-0.018779,-0.002840,0.010086,0.002321,-0.013823,-0.008476,-0.004965,0.021903,0.008607,0.007120,-0.027687,0.008265,-0.014362,0.015556,-0.009266,0.000638
-0.023087,-0.016338,-0.001780,0.011835,0.001576,-0.014778,-0.008746,-0.005885,0.020489,0.007464,0.007024,-0.026367,0.008142,-0.013122,0.014506,-0.008354,0.001777
-0.019346,-0.013768,-0.000328,0.012642,0.000152,-0.013247,-0.008867,-0.006868,0.019123,0.007032,0.006656,-0.024675,0.008074,-0.011807,0.014145,-0.007269,0.003019
-0.016569,-0.011293,0.000668,0.013336,-0.000783,-0.013155,-0.009864,-0.007867,0.017796,0.006949,0.006933,-0.022718,0.007904,-0.010326,0.013507,-0.008072,0.004425
-0.014556,-0.009876,0.001717,0.012956,-0.000337,-0.012340,-0.010250,-0.007110,0.016423,0.007294,0.007282,-0.019464,0.007881,-0.008765,0.012851,-0.008776,0.005463
-0.012370,-0.008470,0.003517,0.014246,0.000176,-0.011648,-0.009958,-0.007594,0.015361,0.007961,0.006882,-0.016140,0.009821,-0.007022,0.011912,-0.008187,0.005688
-0.010047,-0.008359,0.004080,0.016211,0.000864,-0.010987,-0.009980,-0.006739,0.013857,0.007646,0.005755,-0.012972,0.011008,-0.004593,0.011466,-0.007551,0.004637
-0.007729,-0.007749,0.003767,0.019823,-0.000180,-0.010954,-0.010174,-0.007324,0.012321,0.004637,0.005012,-0.010062,0.013846,-0.001736,0.011337,-0.007518,0.002608
-0.006623,-0.008183,0.000676,0.024440,-0.001112,-0.012570,-0.010984,-0.008020,0.010389,0.001597,0.005035,-0.007505,0.015323,0.001337,0.011568,-0.006866,0.000207
-0.008451,-0.014781,-0.002504,0.029451,-0.002432,-0.018749,-0.011272,-0.009304,0.008368,-0.000870,0.004214,-0.003343,0.016296,0.003164,0.012033,-0.007409,-0.001711
-0.009971,-0.020949,-0.004041,0.032972,-0.004171,-0.024394,-0.010968,-0.009962,0.005566,-0.001786,0.003341,0.000414,0.016145,0.004829,0.012106,-0.006356,-0.003201
-0.011065,-0.021604,-0.005240,0.032258,-0.005570,-0.026632,-0.009027,-0.011148,0.002526,-0.002103,0.003186,0.003707,0.015825,0.006748,0.010185,-0.005208,-0.004432
-0.011267,-0.020519,-0.005693,0.028288,-0.006796,-0.025696,-0.007427,-0.011737,-0.001007,-0.001664,0.003308,0.006949,0.015783,0.008898,0.007676,-0.004947,-0.006213
-0.010808,-0.020841,-0.006689,0.025637,-0.008835,-0.028616,-0.006359,-0.012789,-0.002992,-0.000771,0.003327,0.010088,0.017763,0.011259,0.004620,-0.006990,-0.007904
-0.011589,-0.020753,-0.007717,0.024263,-0.010758,-0.030064,-0.004571,-0.013896,-0.004579,0.000632,0.002204,0.013289,0.019637,0.013477,0.001334,-0.008822,-0.009035
-0.011626,-0.020622,-0.008889,0.022478,-0.012405,-0.032653,-0.003169,-0.014723,-0.005996,0.003115,0.002640,0.012392,0.020523,0.014813,-0.002070,-0.009875,-0.008990
-0.014810,-0.022097,-0.010042,0.022754,-0.013188,-0.033384,-0.000879,-0.015399,-0.007037,0.005174,0.001433,0.011544,0.019125,0.015295,-0.004786,-0.010577,-0.008298
-0.015678,-0.025157,-0.010993,0.022444,-0.012735,-0.034496,0.001356,-0.014274,-0.008161,0.006729,0.000677,0.011276,0.017392,0.014372,-0.008539,-0.010952,-0.008010
-0.016040,-0.027435,-0.011721,0.020787,-0.012039,-0.036871,0.003539,-0.011326,-0.009127,0.008067,0.000212,0.011769,0.015748,0.013243,-0.013351,-0.012056,-0.007897
-0.016172,-0.029068,-0.012229,0.017659,-0.010552,-0.037991,0.006681,-0.008538,-0.009574,0.008646,-0.000383,0.011722,0.014447,0.011459,-0.018294,-0.012015,-0.007684
-0.017778,-0.030448,-0.012450,0.014359,-0.009064,-0.038721,0.009810,-0.006213,-0.009965,0.009305,-0.000372,0.011369,0.011613,0.009627,-0.022501,-0.012042,-0.007343
-0.019348,-0.031755,-0.012796,0.014234,-0.007502,-0.038728,0.013483,-0.004292,-0.010513,0.010057,-0.000486,0.010262,0.008577,0.008191,-0.025565,-0.011738,-0.007028
-0.021387,-0.032862,-0.012795,0.013674,-0.006104,-0.036131,0.016196,-0.003261,-0.011013,0.010746,-0.000640,0.010339,0.007863,0.007407,-0.028003,-0.011358,-0.006891
-0.022588,-0.033369,-0.013915,0.012646,-0.004972,-0.030828,0.018558,-0.002197,-0.011696,0.009124,-0.001659,0.010380,0.008007,0.006983,-0.030669,-0.013243,-0.006821
-0.023605,-0.033986,-0.014419,0.011084,-0.003430,-0.025319,0.021428,-0.001836,-0.012273,0.007445,-0.003188,0.008701,0.008194,0.006743,-0.034122,-0.016660,-0.006709
-0.025034,-0.034880,-0.014109,0.010780,-0.001910,-0.021008,0.025612,-0.001287,-0.012904,0.006772,-0.003132,0.007374,0.008430,0.006460,-0.036535,-0.018280,-0.006321
-0.026189,-0.033973,-0.012913,0.009897,0.000048,-0.017904,0.029731,-0.000806,-0.014292,0.006626,-0.001548,0.005282,0.007871,0.005423,-0.039038,-0.017552,-0.005785
-0.026607,-0.031172,-0.011291,0.009552,0.001781,-0.015106,0.034685,0.000458,-0.015420,0.006468,-0.000349,0.004220,0.007733,0.004709,-0.040910,-0.016341,-0.005155
-0.025714,-0.027501,-0.010813,0.009057,0.002172,-0.011272,0.038633,0.002335,-0.017206,0.006129,0.000900,0.005255,0.006375,0.004004,-0.042282,-0.015546,-0.004286
-0.024252,-0.022739,-0.010510,0.007978,0.001569,-0.008054,0.042208,0.003872,-0.019171,0.005756,0.001697,0.007913,0.004693,0.004000,-0.043869,-0.014267,-0.003724
-0.023353,-0.017396,-0.008708,0.006050,0.000995,-0.003382,0.044908,0.005263,-0.020341,0.005500,0.003250,0.010410,0.002746,0.003822,-0.045348,-0.013079,-0.003268
-0.022165,-0.011920,-0.006503,0.002901,0.001761,0.002087,0.047325,0.006989,-0.021140,0.004514,0.004869,0.012791,0.000773,0.003222,-0.046113,-0.012221,-0.003668
-0.019568,-0.006658,-0.002706,0.001712,0.002974,0.008243,0.049516,0.008162,-0.020971,0.004302,0.005877,0.013634,-0.000555,0.002278,-0.045996,-0.010257,-0.004193
-0.016561,-0.002835,0.000562,0.001606,0.004313,0.012928,0.051414,0.009052,-0.020481,0.004184,0.005862,0.013955,-0.000393,0.001873,-0.043289,-0.006933,-0.005489
-0.010776,0.002897,0.002339,0.002770,0.003565,0.014536,0.051767,0.009522,-0.019622,0.001913,0.007064,0.014105,0.000911,0.003841,-0.039609,-0.003987,-0.008173
-0.006091,0.007400,0.001326,0.002275,0.002584,0.013848,0.050264,0.009262,-0.019181,-0.001105,0.008020,0.014158,0.001150,0.005822,-0.033868,-0.001027,-0.011170
-0.003611,0.008108,0.001465,0.003100,0.001109,0.010627,0.047360,0.009261,-0.018853,-0.004160,0.008863,0.011988,0.000858,0.007629,-0.027128,0.000514,-0.014022
-0.001636,0.009723,0.003837,0.005541,-0.001869,0.006538,0.044737,0.008816,-0.019050,-0.006694,0.011009,0.010352,0.000836,0.007694,-0.018009,0.003117,-0.016910
0.001487,0.015431,0.007906,0.005743,-0.004406,0.004833,0.043868,0.007355,-0.019683,-0.010022,0.013776,0.009174,0.000531,0.010276,-0.010979,0.007414,-0.019377
0.003380,0.020362,0.011615,0.002968,-0.006807,0.003295,0.042415,0.005860,-0.020607,-0.011513,0.015930,0.009892,0.000415,0.012310,-0.005058,0.011282,-0.021422
0.003232,0.022576,0.013956,-0.001061,-0.009838,0.001132,0.040330,0.004322,-0.022149,-0.013127,0.015896,0.009747,-0.001079,0.014833,-0.001688,0.012578,-0.021433
0.002485,0.023992,0.014998,-0.006430,-0.013079,-0.002286,0.038403,0.002724,-0.022996,-0.014474,0.014502,0.009607,-0.002779,0.017205,0.001873,0.013348,-0.021007
0.003115,0.022360,0.016847,-0.010744,-0.016906,-0.006906,0.035998,-0.000597,-0.022783,-0.015500,0.014700,0.007514,-0.005488,0.016246,0.006629,0.014091,-0.020839
0.003100,0.019036,0.017106,-0.013649,-0.020002,-0.011847,0.034135,-0.003823,-0.021440,-0.016074,0.013665,0.003465,-0.008053,0.016388,0.012327,0.014734,-0.021642
0.005079,0.015683,0.017799,-0.016283,-0.022262,-0.017001,0.031958,-0.006952,-0.020855,-0.016392,0.014384,0.001806,-0.009612,0.016329,0.016775,0.015425,-0.023401
0.007571,0.014358,0.016996,-0.019778,-0.024631,-0.023836,0.028759,-0.008774,-0.020041,-0.016454,0.014836,0.001118,-0.010667,0.016097,0.019975,0.016897,-0.025253
0.012080,0.017138,0.017229,-0.023197,-0.025252,-0.029963,0.025281,-0.011020,-0.018999,-0.016355,0.014961,0.000469,-0.011390,0.016488,0.022514,0.019497,-0.027646
0.014705,0.019436,0.018396,-0.025263,-0.026959,-0.035919,0.021935,-0.013695,-0.017931,-0.016119,0.015195,-0.000371,-0.013627,0.016820,0.024693,0.021967,-0.029500
0.016968,0.021267,0.019258,-0.023768,-0.028096,-0.041744,0.018986,-0.016286,-0.017029,-0.016011,0.015234,-0.002050,-0.014724,0.016929,0.027185,0.024229,-0.030863
0.019101,0.021815,0.020244,-0.023587,-0.029223,-0.046402,0.015657,-0.019221,-0.015847,-0.017726,0.014950,-0.004067,-0.016761,0.015317,0.029542,0.025117,-0.031207
0.021773,0.022173,0.020711,-0.022810,-0.029913,-0.048118,0.011875,-0.022716,-0.014426,-0.020109,0.011660,-0.006098,-0.017270,0.013517,0.030030,0.023506,-0.030979
0.024154,0.021878,0.021403,-0.021094,-0.030239,-0.048237,0.008734,-0.026160,-0.012695,-0.022234,0.008114,-0.008764,-0.017908,0.011747,0.029093,0.020979,-0.030291
0.025024,0.020180,0.022060,-0.019112,-0.030541,-0.049190,0.007103,-0.029022,-0.011916,-0.021170,0.006205,-0.010887,-0.018265,0.009723,0.029067,0.021415,-0.029393
0.025441,0.016643,0.022551,-0.017650,-0.030358,-0.051027,0.005258,-0.030488,-0.011764,-0.019274,0.005113,-0.012588,-0.019550,0.007330,0.028852,0.021520,-0.028087
0.025462,0.015633,0.023272,-0.015901,-0.029944,-0.054036,0.004402,-0.031136,-0.011514,-0.017196,0.003769,-0.013242,-0.020161,0.005727,0.028606,0.021670,-0.027257
0.025107,0.015580,0.022410,-0.011640,-0.030682,-0.054406,0.003233,-0.030637,-0.012177,-0.016277,0.002364,-0.013644,-0.020995,0.004778,0.027856,0.022084,-0.026409
0.027135,0.016067,0.021239,-0.006751,-0.031517,-0.055280,0.002149,-0.029679,-0.013196,-0.015187,0.000587,-0.012548,-0.021411,0.004485,0.026235,0.023320,-0.025421
0.028988,0.016020,0.021799,-0.004532,-0.031895,-0.053205,0.001825,-0.028495,-0.014268,-0.013169,-0.000695,-0.011222,-0.021742,0.003964,0.023305,0.024153,-0.025020
0.029805,0.015727,0.022283,-0.004707,-0.031201,-0.049664,0.002009,-0.027508,-0.014775,-0.011695,-0.001386,-0.009567,-0.021849,0.003216,0.020293,0.024150,-0.026016
0.030078,0.015126,0.020473,-0.004866,-0.029259,-0.044436,0.002246,-0.026857,-0.014786,-0.010084,-0.002080,-0.008470,-0.021990,0.003202,0.016919,0.022827,-0.026658
0.029823,0.014237,0.017864,-0.004628,-0.026608,-0.040625,0.002926,-0.026174,-0.013346,-0.008337,-0.003400,-0.006421,-0.020858,0.003127,0.014576,0.022414,-0.027490
0.032579,0.014964,0.014214,-0.004285,-0.023848,-0.038328,0.003166,-0.024662,-0.011401,-0.004737,-0.004091,-0.003764,-0.018550,0.004755,0.011844,0.021984,-0.028590
0.033328,0.017177,0.010265,-0.007523,-0.020278,-0.033873,0.003372,-0.022686,-0.009675,-0.001745,-0.005262,-0.000689,-0.015146,0.007477,0.009925,0.020659,-0.028128
0.035373,0.019493,0.007393,-0.010546,-0.016438,-0.028960,0.002666,-0.019290,-0.007839,0.000585,-0.006340,-0.000794,-0.011570,0.010349,0.007986,0.019126,-0.027026
0.039059,0.024822,0.005180,-0.011837,-0.013981,-0.025565,0.001524,-0.016521,-0.006004,0.002197,-0.005294,-0.000837,-0.008605,0.011499,0.008654,0.016746,-0.025682
0.043734,0.030503,0.005679,-0.012121,-0.011366,-0.022331,0.001201,-0.014032,-0.005207,0.002884,-0.003998,-0.000841,-0.005726,0.015949,0.009457,0.015366,-0.023856
0.048021,0.036821,0.006323,-0.014209,-0.008593,-0.015481,0.000899,-0.011449,-0.004545,0.004819,-0.003157,-0.000084,-0.001408,0.019529,0.009684,0.013388,-0.020970
0.050085,0.042207,0.009031,-0.016919,-0.006423,-0.008425,-0.000918,-0.008446,-0.004773,0.005803,-0.004611,-0.000018,0.003508,0.022819,0.007656,0.011385,-0.014527
0.051137,0.046164,0.009380,-0.017935,-0.004751,-0.003633,-0.004140,-0.006422,-0.005447,0.005905,-0.006108,0.000297,0.008311,0.025643,0.005385,0.009706,-0.007016
0.053477,0.046163,0.010384,-0.016502,-0.003933,-0.000519,-0.007723,-0.006053,-0.005358,0.005412,-0.007349,0.000662,0.012211,0.025215,0.004412,0.007391,-0.000796
0.056544,0.046881,0.009232,-0.015563,-0.003325,0.001925,-0.011455,-0.005178,-0.004154,0.005391,-0.007626,-0.002219,0.015578,0.026006,0.005185,0.004604,0.003846
0.058567,0.046524,0.008947,-0.014737,-0.002566,0.004951,-0.014868,-0.003440,-0.003510,0.005367,-0.006597,-0.003375,0.019366,0.026359,0.005824,0.001525,0.007727
0.058238,0.045644,0.006610,-0.014877,-0.002350,0.007766,-0.019961,-0.001731,-0.003107,0.004835,-0.005468,-0.003863,0.024202,0.025923,0.005231,0.000446,0.012070
0.059211,0.048461,0.005198,-0.014124,-0.001173,0.007868,-0.024552,-0.001165,-0.003472,0.004457,-0.003992,-0.004265,0.028722,0.026079,0.004334,-0.000887,0.015171
0.059453,0.050640,0.004597,-0.012066,-0.001514,0.008113,-0.028267,-0.000589,-0.003983,0.004213,-0.002285,-0.004810,0.031561,0.026034,0.002288,-0.002386,0.017985
0.060054,0.053252,0.004383,-0.009850,-0.002370,0.011373,-0.030970,-0.000056,-0.004408,0.004556,-0.000012,-0.004160,0.035074,0.025206,-0.000342,-0.004115,0.020173
0.060108,0.054593,0.004293,-0.009056,-0.003382,0.013099,-0.033287,-0.000468,-0.004945,0.003789,0.002409,-0.003564,0.036578,0.023190,-0.002930,-0.007186,0.022583
0.059408,0.055304,0.004446,-0.007389,-0.004366,0.013715,-0.035305,-0.002087,-0.005787,0.002893,0.004377,-0.002955,0.038442,0.020942,-0.005189,-0.010158,0.024691
0.057453,0.054535,0.004522,-0.004133,-0.005669,0.012346,-0.036466,-0.003401,-0.006505,0.001798,0.006057,-0.001724,0.039628,0.018739,-0.007196,-0.014424,0.026592
0.054874,0.050984,0.006130,-0.000915,-0.007906,0.013849,-0.036459,-0.004822,-0.008978,0.003602,0.008079,-0.000374,0.040632,0.013073,-0.007476,-0.016304,0.028374
0.051535,0.047415,0.005969,0.005311,-0.010150,0.010726,-0.036023,-0.005557,-0.011628,0.003125,0.009814,0.001817,0.041028,0.010215,-0.007263,-0.018172,0.029923
0.044865,0.043100,0.006291,0.008563,-0.012800,0.006976,-0.035050,-0.006975,-0.014142,0.003742,0.011322,0.004513,0.040882,0.005365,-0.006900,-0.019450,0.031250
0.040358,0.041506,0.006633,0.016098,-0.016176,0.002993,-0.036299,-0.009055,-0.017066,0.000509,0.012509,0.005582,0.040543,0.004170,-0.007501,-0.020379,0.031762
0.035550,0.037003,0.006769,0.019426,-0.019156,-0.000057,-0.035007,-0.010922,-0.019815,-0.001528,0.013464,0.007068,0.039132,-0.000180,-0.007635,-0.020058,0.032728
0.032242,0.034649,0.007576,0.023030,-0.022227,-0.001279,-0.034257,-0.012024,-0.022793,-0.002925,0.014663,0.007381,0.037731,-0.001707,-0.008255,-0.019539,0.032702
0.026211,0.027572,0.008472,0.023472,-0.024232,-0.002324,-0.032990,-0.012987,-0.025178,-0.003973,0.018396,0.008476,0.034888,-0.005965,-0.008483,-0.018669,0.031187
0.021600,0.024597,0.007015,0.024781,-0.025680,-0.003370,-0.031519,-0.014779,-0.027059,-0.005043,0.019965,0.008781,0.033228,-0.007355,-0.009411,-0.018468,0.028973
0.005402,0.008869,0.012747,0.020700,-0.025609,-0.005191,-0.024004,-0.015491,-0.027194,-0.003192,0.026911,0.009304,0.036209,-0.013163,-0.012220,-0.019663,0.036280
-0.009404,-0.006612,0.017778,0.016560,-0.025228,-0.007142,-0.016493,-0.015549,-0.026677,-0.000111,0.032840,0.009723,0.039109,-0.018440,-0.015129,-0.020480,0.042277
-0.025478,-0.020081,0.022038,0.011344,-0.023852,-0.007254,-0.008744,-0.015448,-0.025655,0.002887,0.037496,0.010247,0.041795,-0.022148,-0.017801,-0.021607,0.048167
-0.039519,-0.032764,0.025591,0.006186,-0.022200,-0.007356,-0.001193,-0.014495,-0.024280,0.005073,0.041411,0.011346,0.043593,-0.025109,-0.020133,-0.022404,0.053137
-0.050394,-0.042922,0.028604,0.001356,-0.020314,-0.008748,0.005976,-0.013814,-0.022612,0.007036,0.045367,0.012608,0.043166,-0.027568,-0.022021,-0.022872,0.057361
-0.060164,-0.051754,0.032110,-0.003396,-0.018157,-0.010223,0.013129,-0.012752,-0.021201,0.008858,0.048766,0.013638,0.041755,-0.028682,-0.023464,-0.023531,0.060905
-0.067751,-0.058076,0.035231,-0.010376,-0.015727,-0.008369,0.020266,-0.011637,-0.019578,0.010909,0.051361,0.013460,0.040858,-0.029345,-0.024596,-0.023995,0.063966
-0.073384,-0.063039,0.040436,-0.017443,-0.013673,-0.006355,0.025734,-0.010344,-0.017681,0.012846,0.053051,0.013157,0.042590,-0.029558,-0.025146,-0.024077,0.067542
-0.078114,-0.067213,0.044018,-0.021761,-0.011775,-0.005254,0.029502,-0.010188,-0.015992,0.014403,0.054040,0.012927,0.044397,-0.029508,-0.025366,-0.023002,0.071071
-0.080251,-0.070598,0.047111,-0.023459,-0.009779,-0.004184,0.032409,-0.009948,-0.014084,0.015285,0.054651,0.012586,0.045628,-0.029461,-0.025254,-0.021574,0.073905
-0.081024,-0.071702,0.049047,-0.024672,-0.007883,-0.003037,0.034557,-0.009288,-0.011937,0.015982,0.055259,0.010695,0.046138,-0.029008,-0.023824,-0.020042,0.075635
-0.080780,-0.071910,0.050445,-0.025578,-0.005818,-0.001418,0.036383,-0.007775,-0.009813,0.016518,0.054561,0.008591,0.046061,-0.028286,-0.021992,-0.018249,0.076752
-0.081333,-0.072521,0.050495,-0.027094,-0.003717,0.000305,0.036236,-0.006100,-0.007890,0.016349,0.053180,0.006903,0.046882,-0.027693,-0.021136,-0.016334,0.077658
-0.081000,-0.072330,0.049949,-0.028540,-0.001456,-0.000449,0.035754,-0.004885,-0.006349,0.015235,0.051121,0.005045,0.047223,-0.026742,-0.020280,-0.014547,0.077726
-0.079779,-0.071566,0.048809,-0.029930,0.000459,-0.001282,0.034838,-0.003552,-0.004720,0.013859,0.048398,0.003018,0.046190,-0.025432,-0.019726,-0.013225,0.076957
-0.076813,-0.069004,0.047546,-0.031101,0.001607,0.001224,0.034116,-0.002101,-0.002994,0.013156,0.045127,0.002305,0.044613,-0.024388,-0.019558,-0.012033,0.074984
-0.072898,-0.065582,0.045945,-0.032011,0.002625,0.003895,0.033005,-0.001434,-0.001436,0.013340,0.041195,0.001528,0.042698,-0.023029,-0.019194,-0.011167,0.072058
-0.068036,-0.061302,0.043799,-0.031800,0.003438,0.005775,0.031506,-0.000713,-0.000035,0.013474,0.038697,0.000759,0.040254,-0.021357,-0.018636,-0.010133,0.068166
-0.062763,-0.057082,0.041107,-0.030375,0.003991,0.004788,0.029895,0.000344,0.001384,0.013495,0.035681,-0.000067,0.037415,-0.019073,-0.017164,-0.009866,0.063397
-0.056620,-0.054123,0.039601,-0.028597,0.004040,0.006649,0.027930,0.001475,0.002021,0.014322,0.032620,-0.000952,0.034338,-0.019538,-0.015230,-0.008972,0.057985
-0.049631,-0.048462,0.035902,-0.023527,0.004046,0.005403,0.025598,0.002199,0.002295,0.012757,0.029076,-0.001619,0.030825,-0.016804,-0.012871,-0.008161,0.051713
-0.044576,-0.043671,0.031656,-0.020993,0.003694,0.004517,0.023219,0.002378,0.002487,0.012484,0.025048,-0.001802,0.026754,-0.016160,-0.010239,-0.007040,0.044961
-0.035984,-0.035700,0.026766,-0.015332,0.002810,0.002566,0.018305,0.001681,0.002160,0.009673,0.020516,-0.001987,0.022492,-0.012209,-0.008387,-0.005971,0.037034
-0.029116,-0.029380,0.020974,-0.013582,0.002319,0.001416,0.015080,0.000919,0.001774,0.007875,0.015499,-0.001337,0.017235,-0.011017,-0.006416,-0.004593,0.029073
-0.019585,-0.019011,0.014446,-0.008949,0.001514,0.000967,0.010547,0.000908,0.001232,0.005487,0.009918,-0.001364,0.011981,-0.006517,-0.004252,-0.003201,0.020237
-0.011103,-0.012073,0.007328,-0.005231,0.000927,0.000503,0.005601,0.000890,0.000641,0.002882,0.006123,-0.000355,0.005243,-0.004313,-0.001896,-0.001648,0.010597
