AU01,AU02,AU04,AU05,AU06,AU07,AU09,AU10,AU12,AU14,AU15,AU17,AU20,AU23,AU25,AU26,AU45
-0.015339,-0.095279,0.011339,0.021543,0.007454,0.015800,-0.027370,-0.002616,0.012264,0.008359,0.070952,0.057742,0.016540,-0.018350,-0.046708,-0.019602,-0.009455
-0.018919,-0.103191,0.015956,0.022773,0.011453,0.021669,-0.026816,0.000006,0.013937,0.012945,0.074785,0.074658,0.033843,-0.017879,-0.057527,-0.004613,-0.019898
-0.016825,-0.098053,0.018349,0.016708,0.011929,0.024872,-0.023836,0.012303,0.018380,0.015830,0.070550,0.063535,0.045444,-0.022830,-0.054256,0.012624,-0.027004
-0.016848,-0.083271,0.009774,0.012819,0.010939,0.007458,-0.022608,0.021595,0.020330,0.014651,0.059578,0.047692,0.056819,-0.024012,-0.042379,0.028314,-0.030901
-0.011197,-0.058846,0.010710,0.007321,0.009054,-0.008133,-0.017909,0.015962,0.019378,0.011195,0.037771,0.028935,0.061122,-0.021425,-0.027395,0.040982,-0.031430
-0.009571,-0.030559,0.009632,0.007165,0.008797,-0.011025,-0.005026,0.006874,0.016035,0.006921,0.010252,0.007265,0.056341,-0.015443,-0.008962,0.056496,-0.030899
-0.000311,-0.015112,0.007280,0.003663,0.010969,-0.014813,0.001644,-0.005289,0.010302,0.003315,-0.024272,-0.018857,0.038700,-0.020578,0.011126,0.041069,-0.026790
-0.001338,-0.001478,0.003385,-0.004183,0.011661,-0.008143,0.005749,-0.011732,0.007453,-0.001482,-0.021245,-0.045681,0.023638,-0.023728,0.025764,0.036110,-0.020268
-0.009131,-0.007247,0.004732,-0.022182,0.007511,-0.006920,0.002810,-0.015248,0.003614,-0.004881,-0.015018,-0.035056,0.012254,-0.020510,0.022496,0.022609,-0.012771
-0.018049,-0.007168,0.011435,-0.036491,0.006398,-0.000261,0.004419,-0.017488,-0.000433,0.007300,-0.016355,-0.029767,-0.011257,-0.010678,0.013894,0.006949,-0.003532
-0.027825,-0.011285,0.016951,-0.039337,0.005438,0.009090,-0.000685,-0.016499,-0.003088,0.017407,-0.015368,-0.017514,-0.019327,-0.000007,0.004409,-0.004103,-0.002083
-0.023869,-0.010553,0.014969,-0.044603,0.004943,0.026414,-0.004172,-0.004286,-0.001458,0.025812,-0.016278,-0.022248,-0.022196,0.002956,0.002056,-0.017270,-0.003877
-0.022022,-0.010177,-0.000029,-0.045456,0.002823,0.021383,-0.011277,0.007371,-0.003447,0.029909,-0.021922,-0.026483,-0.024995,0.006288,0.003559,-0.042291,-0.004728
-0.010397,-0.005653,-0.010655,-0.042290,-0.004404,0.010972,-0.021119,0.010949,-0.004950,0.030421,-0.028032,-0.028125,-0.020422,0.010056,0.004420,-0.043542,-0.005221
-0.004804,-0.012885,-0.024307,-0.025492,-0.008661,0.009996,-0.023664,0.003803,-0.004923,0.027473,-0.030509,-0.023039,-0.021822,0.012991,0.005013,-0.033861,-0.006181
0.008896,-0.013137,-0.034018,0.013651,-0.006088,0.007580,-0.018256,-0.004107,0.000975,0.027641,-0.023811,-0.014167,-0.020806,0.011435,0.014601,-0.039601,-0.007931
0.019263,-0.014214,-0.039820,0.025526,-0.001620,0.012186,-0.008077,-0.008601,0.004724,0.023753,-0.026690,0.000063,-0.021796,0.007376,0.021036,-0.039901,-0.007429
0.026445,-0.013140,-0.042821,0.021890,0.002815,0.004980,-0.000801,-0.005397,0.007895,0.031615,-0.023175,0.008800,-0.016398,0.004006,0.021449,-0.044791,-0.005602
0.020615,-0.005936,-0.038674,0.014069,0.008691,-0.002573,0.008450,0.004380,0.010266,0.045421,-0.019436,-0.003160,-0.010230,0.011492,0.013980,-0.055196,-0.002547
0.003395,-0.004682,-0.028345,0.011462,0.013470,-0.010474,0.009423,0.013145,0.026716,0.057350,-0.012636,-0.012999,-0.005017,0.017843,0.013073,-0.075307,0.001308
-0.006640,-0.002276,-0.017961,0.020028,0.019508,-0.015599,0.009814,0.023694,0.040123,0.062595,0.004562,-0.022907,0.004837,0.021402,0.014784,-0.090694,0.001618
-0.005137,-0.001164,-0.006867,0.022245,0.021870,-0.018303,0.006612,0.027692,0.050501,0.061511,0.012629,-0.034349,-0.000831,0.023126,0.026021,-0.102709,0.004874
0.002875,0.007171,-0.006579,0.013087,0.018273,-0.022624,-0.004222,0.023769,0.055349,0.054687,0.036424,-0.053672,-0.009240,0.024302,0.045512,-0.089291,0.003282
0.008478,0.015014,-0.016651,-0.000744,0.021458,-0.029192,-0.021740,0.011159,0.063748,0.041735,0.053234,-0.081213,-0.022461,0.025677,0.069864,-0.064140,0.007183
0.004073,0.027642,-0.035182,0.002588,0.030681,-0.031596,-0.030562,-0.013143,0.097505,0.030199,0.072006,-0.107645,-0.018172,0.025172,0.093083,-0.027846,0.012374
0.003716,0.035207,-0.047318,-0.007980,0.040766,-0.010860,-0.032669,-0.034492,0.119912,0.012873,0.078756,-0.114912,-0.019536,0.020994,0.107882,0.004209,0.016834
0.007173,0.064464,-0.050313,-0.031731,0.052623,0.008745,-0.038921,-0.057404,0.136943,0.005472,0.069296,-0.117214,-0.014824,0.017940,0.107121,0.032591,0.024574
0.009168,0.081893,-0.042217,-0.057676,0.070262,0.045912,-0.039629,-0.063240,0.136676,-0.001173,0.029769,-0.111964,0.014801,0.022525,0.092840,0.044288,0.030144
-0.011517,0.061992,-0.030738,-0.077458,0.089391,0.089250,-0.036398,-0.070308,0.148616,-0.004187,-0.011041,-0.100346,0.060158,0.024435,0.062703,0.036020,0.042423
-0.031318,0.038550,-0.008549,-0.076192,0.098774,0.115537,-0.028498,-0.057439,0.144882,-0.005510,-0.040822,-0.073115,0.099739,0.027933,0.041463,0.011565,0.051491
-0.036533,0.012636,0.020444,-0.086950,0.094487,0.129537,-0.018422,-0.027924,0.134917,-0.006730,-0.074550,-0.030168,0.124629,0.028074,0.010022,-0.018057,0.061514
-0.034561,-0.010744,0.051699,-0.093960,0.088714,0.148632,-0.009306,-0.004982,0.114608,0.006199,-0.091200,0.007840,0.127395,0.025343,-0.009503,-0.043032,0.072188
-0.032111,-0.025799,0.070279,-0.090333,0.079424,0.143099,-0.007735,0.022950,0.086621,0.021594,-0.093402,0.026172,0.115793,0.020580,-0.027927,-0.066267,0.085990
-0.040936,-0.039311,0.068071,-0.079762,0.069824,0.107437,-0.005431,0.033626,0.076482,0.039845,-0.095100,0.025292,0.101068,0.014969,-0.044107,-0.072937,0.092224
-0.038242,-0.050848,0.057418,-0.066064,0.060960,0.077879,-0.001617,0.041717,0.068943,0.053405,-0.077117,0.021308,0.082712,0.009601,-0.050667,-0.076571,0.074957
-0.034483,-0.044977,0.046126,-0.058932,0.051787,0.039366,0.000589,0.034500,0.064795,0.052647,-0.056471,0.009451,0.056446,0.008818,-0.059408,-0.061955,0.051366
-0.021165,-0.032202,0.044680,-0.045692,0.044185,0.001813,0.002137,0.025904,0.048937,0.047263,-0.052630,0.001584,0.036718,0.006607,-0.057156,-0.032207,0.023879
-0.019801,-0.043972,0.029975,-0.026836,0.042601,-0.020355,0.001063,0.006735,0.049760,0.040117,-0.039692,-0.011016,0.019765,0.000879,-0.059286,0.000903,0.003265
-0.016344,-0.057191,0.023596,0.001861,0.040768,-0.045436,-0.000030,0.003065,0.044217,0.028269,-0.023124,-0.018853,0.005070,-0.000357,-0.021503,0.017816,-0.024165
-0.010624,-0.063194,0.016447,0.004371,0.033062,-0.057583,0.000764,0.015881,0.040053,0.012730,-0.009862,-0.024424,-0.005189,-0.000910,0.007210,0.016808,-0.046100
-0.000658,-0.054044,0.025389,0.013664,0.034302,-0.043468,0.001860,0.028752,0.043701,0.008294,0.007270,-0.024704,-0.007199,-0.001361,0.036872,0.015167,-0.052424
0.005199,-0.039724,0.022799,0.008590,0.034292,-0.021380,0.001077,0.043926,0.043724,0.007291,0.027001,-0.020887,-0.001954,-0.002883,0.047895,-0.006015,-0.046347
0.003587,-0.022872,0.014867,0.008404,0.027482,-0.007876,-0.000574,0.057048,0.034684,0.008107,0.018161,-0.023997,-0.007918,-0.004295,0.051755,-0.018036,-0.037351
0.005780,-0.000253,-0.001884,0.002863,0.024826,0.005517,-0.001476,0.065303,0.029974,0.007439,0.008187,-0.033479,-0.006229,-0.003972,0.053557,-0.015983,-0.035389
0.004017,0.017480,-0.016995,-0.003835,0.025382,0.018195,0.004250,0.070711,0.025406,0.003202,0.006149,-0.033003,0.005478,-0.005340,0.056902,-0.009731,-0.034041
0.011146,0.029214,-0.020761,-0.004604,0.026466,0.021901,0.011785,0.068052,0.018230,0.010122,0.005782,-0.042744,0.011793,-0.005417,0.051136,0.004846,-0.028247
0.014511,0.024874,-0.029919,-0.005279,0.025421,0.022401,0.018448,0.065751,0.018574,0.018131,0.006334,-0.045772,0.012044,-0.002965,0.037280,0.024635,-0.024799
0.014280,0.005238,-0.030561,0.003204,0.025998,0.010319,0.026855,0.063504,0.015032,0.021391,0.002553,-0.044409,0.002359,0.000293,0.033677,0.044171,-0.030071
0.010949,-0.018790,-0.033887,0.001898,0.024332,0.005839,0.032192,0.055447,0.011338,0.014431,-0.004174,-0.054452,-0.009307,0.003108,0.033408,0.061333,-0.036244
0.009849,-0.031128,-0.023733,0.011010,0.023794,-0.002269,0.033944,0.046101,0.014208,0.007937,0.004878,-0.060604,-0.013672,0.007052,0.034531,0.072328,-0.042280
0.011309,-0.041175,-0.020488,0.003298,0.024108,-0.006665,0.033284,0.040385,0.018815,0.007522,0.024834,-0.064722,-0.006199,0.010061,0.041198,0.037199,-0.047742
0.012267,-0.037797,-0.016608,0.000882,0.021818,-0.007396,0.028693,0.043175,0.025595,0.003558,0.024522,-0.058072,-0.006291,0.009139,0.045634,-0.000664,-0.051970
0.008146,-0.032658,-0.018631,0.001666,0.019213,-0.010197,0.019798,0.033528,0.029906,-0.009158,0.021530,-0.055766,-0.022028,0.003487,0.044147,-0.017193,-0.053421
0.000157,-0.015773,-0.024764,0.004135,0.016821,-0.017354,0.006212,0.027172,0.032983,-0.021517,0.023431,-0.033814,-0.033767,-0.005615,0.052223,-0.032171,-0.048518
-0.008259,0.002667,-0.029840,0.006433,0.017956,-0.015393,-0.007321,0.021371,0.034702,-0.017641,0.025231,-0.007626,-0.034314,-0.014276,0.054523,-0.046123,-0.036866
-0.014157,0.011490,-0.030420,0.001297,0.016836,-0.012268,-0.016955,0.024561,0.034489,-0.014147,0.023429,0.016378,-0.024525,-0.018420,0.052323,-0.057986,-0.026032
-0.013022,0.012974,-0.023092,0.001766,0.011662,-0.013594,-0.020272,0.030985,0.030592,-0.009114,0.018856,0.021980,-0.024575,-0.018448,0.042039,-0.056443,-0.016654
-0.009591,0.009636,-0.016054,0.003907,0.002870,-0.016745,-0.021386,0.032436,0.020735,-0.020669,0.022398,0.019125,-0.022043,-0.017238,0.046580,-0.039939,-0.013127
-0.004675,0.000914,-0.002996,0.009181,-0.004176,-0.021080,-0.023216,0.027906,0.010881,-0.029713,0.021787,0.011939,-0.017722,-0.010271,0.047995,0.018070,-0.015099
0.003260,-0.009865,0.006649,0.024414,-0.012285,-0.023341,-0.020670,0.018439,-0.000318,-0.024420,0.024403,-0.015720,-0.013680,-0.002481,0.049229,0.043549,-0.017126
0.012099,-0.009366,0.011218,0.041255,-0.012991,-0.017386,-0.014119,0.019344,-0.002484,-0.016369,0.023668,-0.033984,-0.014010,0.003457,0.058924,0.058115,-0.014428
0.028810,-0.004994,0.016394,0.056045,-0.011200,-0.009450,-0.006396,0.014978,-0.003225,-0.004125,0.019941,-0.048776,-0.028176,0.004294,0.055661,0.067955,-0.010723
0.038308,0.009255,0.032676,0.066147,-0.008123,-0.004915,0.002525,0.011256,-0.000144,0.005622,0.015109,-0.051740,-0.046892,-0.002035,0.049043,0.071410,-0.007590
0.047349,0.019983,0.041119,0.054418,-0.002637,-0.006168,0.015297,0.000960,0.002212,0.016658,-0.000429,-0.034625,-0.051583,-0.010252,0.033815,0.073085,-0.002198
0.043840,0.026409,0.042760,0.032667,0.009143,-0.014224,0.025076,-0.010185,0.004540,0.030603,-0.008390,-0.007583,-0.048902,-0.016330,0.014404,0.064054,0.003990
0.041415,0.024573,0.043936,0.020406,0.017095,-0.021633,0.030137,-0.015710,0.008937,0.041293,-0.004560,0.000217,-0.038418,-0.024305,-0.004453,0.041257,0.011108
0.036846,0.022831,0.040574,0.012605,0.024303,-0.028538,0.030155,-0.004404,0.012321,0.031806,0.010203,0.002934,-0.029807,-0.030236,-0.000766,0.004234,0.012017
0.030386,0.021803,0.038385,-0.000788,0.028249,-0.019003,0.020627,0.015541,0.014667,0.019227,0.022906,0.007717,-0.013888,-0.031930,0.004432,0.002034,0.008052
0.020764,0.018116,0.022857,0.001526,0.024866,-0.010050,0.007131,0.026031,0.018496,0.011348,0.021930,0.015529,-0.001610,-0.031179,0.004942,0.002807,0.002174
0.005355,0.009862,-0.004213,-0.000108,0.020853,-0.003676,-0.006310,0.026690,0.023134,0.004946,0.019873,0.023047,0.001154,-0.026062,0.014957,0.013987,-0.002013
-0.009430,-0.016719,-0.032476,0.013228,0.018561,0.004264,-0.019697,0.027951,0.024285,0.005240,0.013751,0.027598,0.003279,-0.017462,0.015901,0.021053,-0.003122
-0.023963,-0.029025,-0.040163,0.023748,0.017632,0.028823,-0.026043,0.028267,0.023432,0.002878,0.006486,0.036937,-0.002936,-0.012689,0.013935,0.023403,-0.005137
-0.023238,-0.027756,-0.044518,0.014519,0.013322,0.043838,-0.023283,0.026347,0.017163,-0.003998,-0.012743,0.038548,-0.005609,-0.010880,0.004450,0.028906,-0.004884
-0.030571,-0.021655,-0.048280,-0.009707,0.012440,0.051923,-0.016984,0.019807,0.008945,-0.014889,-0.024070,0.029029,-0.008343,-0.008170,-0.003423,0.035679,0.002780
-0.033718,-0.017377,-0.045808,-0.018671,0.012627,0.052352,-0.013129,0.008879,0.001144,-0.020877,-0.021765,0.014575,-0.001843,-0.008917,-0.011116,0.041078,0.011529
-0.031707,-0.010349,-0.033889,-0.017602,0.017223,0.044633,-0.007264,0.008551,-0.003938,-0.030916,-0.015141,-0.006729,-0.001855,-0.006615,-0.008570,0.047543,0.020520
-0.026809,0.000814,-0.017387,-0.019236,0.021382,0.036154,-0.004611,0.019703,-0.007919,-0.031981,0.002512,-0.024524,0.002293,-0.005127,0.007807,0.045668,0.026119
-0.023231,0.011306,-0.006366,-0.014726,0.021242,0.026107,0.000874,0.038009,-0.003539,-0.022406,0.009735,-0.025383,0.006042,-0.010583,0.026435,0.018366,0.028786
-0.017804,0.021327,0.000174,-0.031156,0.018616,0.007412,0.005232,0.049199,0.002142,0.006595,0.015346,-0.034292,0.006049,-0.017776,0.042788,0.006407,0.027915
-0.005436,0.006164,0.010600,-0.035577,0.019795,-0.015379,0.008751,0.053470,0.006687,0.032853,0.019843,-0.037712,-0.006604,-0.025750,0.058368,-0.002170,0.025669
0.005319,-0.006685,0.030556,-0.035741,0.025458,-0.037746,0.009717,0.052758,0.013014,0.059845,0.024213,-0.030838,-0.018089,-0.031262,0.065536,-0.010705,0.019694
0.015010,-0.002887,0.042890,-0.026555,0.029006,-0.053864,0.011610,0.052011,0.014929,0.082627,0.023007,-0.029467,-0.022832,-0.035519,0.063028,-0.030022,0.011355
0.013595,0.002230,0.042586,-0.025122,0.029703,-0.051263,0.012983,0.045569,0.017280,0.082752,0.016153,-0.041451,-0.012836,-0.036960,0.053804,-0.045709,0.004105
0.014243,0.009052,0.028608,-0.021994,0.030545,-0.043087,0.009393,0.032911,0.018866,0.072726,-0.003331,-0.057318,-0.003221,-0.036333,0.034931,-0.050356,-0.003247
0.020411,0.013271,0.018191,-0.018432,0.029023,-0.029946,0.007827,0.012586,0.017792,0.054458,-0.020995,-0.063370,0.002979,-0.024793,0.008332,-0.035052,-0.006309
0.024197,-0.003024,0.011732,-0.011593,0.025601,-0.022005,0.008016,-0.005867,0.014202,0.034882,-0.021661,-0.056302,0.008682,-0.009929,-0.006043,-0.004413,-0.008751
0.015504,-0.018666,0.005171,-0.001601,0.021806,-0.001034,0.011648,-0.007164,0.012368,0.017876,-0.015639,-0.033427,0.016828,-0.000169,-0.001785,0.005352,-0.008471
0.004140,-0.031611,-0.003740,0.014550,0.015139,0.019621,0.014686,-0.004054,0.006332,0.010201,-0.014582,-0.022494,0.026573,0.003213,0.002639,0.013792,-0.007102
0.008152,-0.045987,-0.008078,0.026781,0.007247,0.042202,0.015331,-0.003092,0.002004,-0.005191,-0.015925,-0.012166,0.017573,0.003194,0.010395,0.025286,-0.003411
0.010984,-0.059934,0.005507,0.037122,0.002579,0.043673,0.011319,-0.003806,-0.002923,-0.015519,-0.013556,0.000059,0.006940,0.001676,0.024849,0.035863,0.008779
0.011685,-0.057109,0.023353,0.046063,0.001598,0.039721,0.008672,-0.000009,-0.005948,-0.018893,-0.012815,0.006888,-0.015572,-0.001854,0.057622,0.029544,0.019502
0.007194,-0.045899,0.038727,0.051771,0.003578,0.033486,0.008599,-0.000436,-0.007314,-0.005692,-0.014190,-0.000468,-0.032388,-0.008687,0.078614,0.015202,0.014791
0.011655,-0.027653,0.044065,0.049796,0.005730,0.023983,0.006768,0.006956,-0.005499,-0.015492,-0.023500,-0.015240,-0.043640,-0.020409,0.089743,0.005202,0.008360
0.018935,-0.009966,0.043300,0.038836,0.006926,0.032787,0.006244,0.005449,-0.000098,-0.021734,-0.021959,-0.018991,-0.041219,-0.030346,0.084910,0.007446,-0.003642
0.026063,-0.008426,0.040673,0.022971,0.007167,0.037396,0.008495,0.001862,0.005247,-0.024417,-0.011526,-0.017450,-0.032006,-0.036286,0.070076,0.016389,-0.015709
0.025904,-0.001607,0.026844,0.008290,0.008155,0.046786,0.009734,0.004777,0.010296,-0.024114,0.005260,-0.012554,-0.020838,-0.037532,0.066490,0.022539,-0.024667
0.025511,0.011521,0.017795,0.011328,0.008769,0.051959,0.011971,0.006628,0.010465,-0.023131,0.020282,-0.009409,-0.010787,-0.041717,0.052243,0.011852,-0.027717
0.024870,0.026618,0.004754,0.010662,0.006485,0.070196,0.012535,0.003533,0.011818,-0.036776,0.033604,-0.006925,-0.003746,-0.044173,0.029938,0.003233,-0.026935
0.021639,0.031710,-0.003966,0.011757,0.003195,0.079317,0.015203,-0.002805,0.005318,-0.047057,0.043237,0.002079,0.002589,-0.040921,0.009219,-0.001648,-0.012045
0.011701,0.023043,-0.008112,0.006140,0.001621,0.069627,0.017365,-0.002697,-0.000009,-0.052244,0.045645,0.011602,0.000774,-0.032370,0.009219,0.015095,0.004817
0.000085,0.014760,0.000440,-0.000610,0.002147,0.047030,0.021102,-0.000846,-0.006050,-0.032756,0.039524,0.005488,-0.011120,-0.026494,0.021693,0.023333,0.012931
-0.004959,0.016425,0.015854,-0.009702,0.004301,0.016996,0.022379,0.006677,-0.011162,-0.026046,0.034046,-0.007515,-0.023454,-0.025067,0.029117,0.027898,0.018137
-0.009374,0.021152,0.029060,-0.009216,0.005798,-0.012016,0.024774,0.018263,-0.015388,-0.010614,0.032972,-0.009014,-0.014021,-0.031762,0.032637,0.042880,0.016393
-0.012803,0.021473,0.029258,-0.010256,0.006640,-0.045281,0.027797,0.022887,-0.017398,0.012863,0.022971,-0.003239,-0.000465,-0.037346,0.035602,0.046469,0.011805
-0.015025,0.011472,0.009763,-0.005209,0.007048,-0.072500,0.027068,0.030104,-0.018535,0.031930,0.010727,0.001846,0.010452,-0.045766,0.040471,0.048540,0.007544
-0.017061,-0.003564,-0.002239,0.005477,0.007602,-0.088080,0.022258,0.027759,-0.023623,0.030640,0.002705,0.001913,0.015575,-0.052083,0.052338,0.038396,0.005332
-0.014717,-0.002233,-0.014768,0.011272,0.008090,-0.079521,0.013226,0.019426,-0.025245,0.013171,-0.000978,-0.000559,0.012217,-0.055041,0.062904,0.024491,0.006603
-0.011936,-0.008738,-0.024529,0.012771,0.006640,-0.046616,0.007315,0.008504,-0.029551,-0.005211,-0.006038,0.003083,0.010290,-0.052901,0.064143,0.006532,0.013598
-0.011683,-0.015484,-0.031695,0.006607,0.002735,-0.010807,0.003104,0.001292,-0.032463,-0.022848,-0.015523,0.008536,0.007726,-0.043710,0.048820,0.012932,0.018603
-0.014014,-0.032559,-0.018303,-0.001632,0.000591,0.025033,0.002059,0.004100,-0.031746,-0.032165,-0.028907,0.012154,0.003081,-0.033876,0.042759,0.025515,0.017913
-0.022988,-0.050187,-0.005633,-0.011932,-0.001901,0.060206,-0.000042,0.005201,-0.028386,-0.035918,-0.025549,0.011342,-0.005815,-0.018205,0.032654,0.037356,0.014604
-0.028079,-0.051987,0.015797,-0.003888,-0.009831,0.063570,0.003267,0.003261,-0.029761,-0.040776,-0.016168,0.011608,-0.003191,-0.004426,0.016389,0.041729,0.009461
-0.030668,-0.041814,0.029507,0.003030,-0.017089,0.051783,0.009295,-0.003124,-0.032941,-0.033134,-0.006216,0.010158,-0.005503,0.008749,0.001139,0.033795,0.005518
-0.029789,-0.033636,0.030118,0.009307,-0.025069,0.031630,0.016408,-0.016356,-0.035555,-0.017949,0.007775,0.011647,-0.017754,0.011004,-0.020206,0.030771,0.001500
-0.024310,-0.029544,0.033419,0.008516,-0.035602,0.015379,0.022647,-0.031206,-0.040082,-0.008678,0.034039,0.027761,-0.026591,0.011208,-0.020966,0.030664,-0.002484
-0.017612,-0.012269,0.025699,-0.000305,-0.040901,-0.002835,0.026468,-0.043868,-0.040274,-0.005256,0.055434,0.038671,-0.039422,0.006380,-0.013312,0.028105,-0.004354
-0.010059,0.000881,0.023967,-0.010904,-0.042819,-0.007173,0.029335,-0.059994,-0.038761,-0.002565,0.073959,0.043997,-0.044130,-0.003458,0.000144,0.021075,-0.004352
-0.000170,0.026007,0.013550,-0.013511,-0.041660,-0.001835,0.032530,-0.062274,-0.031883,-0.000338,0.066807,0.030808,-0.040580,-0.015766,0.010590,0.007268,-0.002997
0.006020,0.043412,0.016199,-0.015198,-0.033733,0.006131,0.039287,-0.058865,-0.021427,0.008560,0.052240,0.003626,-0.034731,-0.028690,0.019145,-0.013702,-0.005555
0.002905,0.041548,0.009808,-0.012318,-0.019556,0.014665,0.040312,-0.042877,-0.008886,0.017435,0.037131,-0.023848,-0.017431,-0.033990,0.027740,-0.030018,-0.007445
-0.000815,0.032690,0.010515,0.000274,-0.009108,0.027299,0.039507,-0.026904,-0.000448,0.006569,0.019121,-0.050629,-0.011208,-0.033676,0.031302,-0.034065,-0.004689
-0.002873,0.023156,0.016658,0.012481,-0.001251,0.039787,0.034476,-0.000041,0.001168,-0.007207,-0.000280,-0.072002,-0.000291,-0.031585,0.031854,-0.037674,0.000184
0.001029,0.024064,0.019183,0.022949,0.003068,0.042854,0.026842,0.012006,-0.001747,-0.020412,-0.016132,-0.081679,-0.006081,-0.025388,0.024391,-0.023235,0.000838
0.011293,0.025302,0.027113,0.024335,0.001700,0.044760,0.021248,0.022678,-0.007425,-0.025989,-0.018029,-0.066472,-0.014532,-0.016067,0.014895,-0.006353,-0.000134
0.013972,0.023613,0.021034,0.012539,-0.000975,0.040327,0.011569,0.031821,-0.013230,-0.034306,-0.020582,-0.042628,-0.020604,-0.008444,0.001915,0.019247,-0.000531
0.015476,0.023447,0.016245,-0.001199,-0.003874,0.038733,-0.000405,0.029520,-0.021621,-0.038980,-0.016345,-0.010063,-0.026852,0.000909,-0.007800,0.043590,-0.005166
0.015806,0.022190,0.002871,-0.006951,-0.009033,0.027048,-0.007992,0.018849,-0.024596,-0.037852,-0.022878,0.017656,-0.028560,0.004833,-0.007030,0.048629,-0.007544
0.011082,0.005491,-0.005816,-0.011106,-0.015283,0.017707,-0.007915,0.002023,-0.019770,-0.031087,-0.022246,0.036688,-0.030257,0.000037,-0.006546,0.033714,-0.011212
0.004595,-0.009388,-0.018510,-0.000007,-0.015423,0.004586,-0.007020,-0.010660,-0.013331,-0.018694,-0.012976,0.045049,-0.017672,-0.006638,-0.002644,0.015220,-0.014278
-0.002926,-0.024595,-0.027349,0.013906,-0.013921,0.003476,-0.006516,-0.022120,-0.007772,-0.012671,-0.002474,0.046185,-0.017027,-0.007614,0.001959,0.008609,-0.016554
-0.012240,-0.041288,-0.035576,0.025774,-0.012843,0.006155,-0.007326,-0.024368,-0.002124,-0.005769,0.008834,0.024549,0.001772,-0.014269,0.008622,0.004910,-0.016918
-0.012819,-0.046817,-0.039134,0.042802,-0.013700,0.013373,-0.010034,-0.024686,0.003134,-0.003705,0.019425,0.025597,0.012293,-0.014420,0.014927,0.013278,-0.017458
-0.009042,-0.043978,-0.036351,0.041768,-0.018417,0.012075,-0.008830,-0.024928,0.005598,-0.003033,0.026517,0.005195,0.019454,-0.014178,0.015261,0.017632,-0.018042
-0.004693,-0.028507,-0.037426,0.039199,-0.021007,0.011418,-0.008684,-0.017590,0.006199,-0.006073,0.029962,-0.010326,0.026527,-0.012876,0.015660,0.014682,-0.015927
0.003757,-0.008270,-0.028070,0.028083,-0.015086,0.010588,-0.004717,-0.008609,0.002572,-0.009771,0.025689,-0.029432,0.039678,-0.006813,0.013216,0.013302,-0.013687
0.011405,0.012302,-0.013361,0.018534,-0.010868,0.002762,0.002552,-0.008037,-0.002874,-0.010706,0.028511,-0.037012,0.048748,0.000412,0.013660,0.003584,-0.005871
0.010705,0.017864,0.004331,0.002727,-0.010688,-0.015350,0.006107,-0.006487,-0.007142,-0.013508,0.033755,-0.034084,0.054630,0.000659,0.006970,-0.010920,0.001446
0.009714,0.032439,0.017605,0.002065,-0.009101,-0.040077,0.013025,-0.006104,-0.010860,-0.011972,0.039201,-0.027266,0.053854,-0.002499,0.006801,-0.023310,0.009616
0.034386,0.052830,0.029948,-0.003812,-0.004611,-0.057819,0.018750,-0.006642,-0.016873,-0.008498,0.038923,-0.010993,0.040175,-0.001115,0.001397,-0.037241,0.017417
0.048879,0.062725,0.030146,-0.007631,0.005713,-0.051878,0.026789,-0.006341,-0.020582,0.002783,0.034264,-0.003450,0.030999,-0.001719,0.000512,-0.051270,0.024791
0.057094,0.062318,0.023614,0.000066,0.014491,-0.034590,0.031612,-0.001435,-0.021984,0.005903,0.035288,0.023247,0.017824,0.001091,-0.003197,-0.049503,0.033331
0.058892,0.054263,0.014514,0.012880,0.014321,-0.022746,0.030939,0.004971,-0.022421,0.007766,0.027675,0.027324,0.002202,0.006769,-0.004646,-0.024580,0.039874
0.051571,0.047024,-0.003087,0.026494,0.013039,-0.001949,0.018515,0.012605,-0.020218,0.003175,0.018149,0.033004,-0.020198,0.016387,-0.004272,-0.013044,0.042598
0.044187,0.037289,-0.010206,0.020609,0.015877,0.005855,0.009719,0.017277,-0.013961,0.007034,-0.015449,0.023084,-0.030228,0.022012,-0.006485,0.001950,0.045327
0.030665,0.012429,-0.008752,0.018321,0.017363,0.017766,0.004062,0.020430,-0.005977,0.003633,-0.036084,0.012314,-0.029783,0.023449,-0.009250,0.011214,0.045466
0.008483,-0.008566,-0.003737,0.010382,0.014947,0.016887,-0.006231,0.022070,-0.002132,0.009251,-0.037182,-0.002855,-0.021389,0.022772,-0.019625,0.015465,0.037743
-0.022198,-0.019578,0.008015,0.009249,0.011680,0.002552,-0.012692,0.019239,0.000985,0.016904,-0.029940,-0.014483,-0.012135,0.022676,-0.021601,0.019711,0.023777
-0.024149,-0.018449,0.017662,-0.003364,0.008707,-0.015190,-0.018824,0.013788,0.001232,0.020538,-0.017880,-0.026681,-0.006169,0.020550,-0.020612,0.034361,0.011006
-0.035387,-0.015525,0.025619,-0.014522,0.007776,-0.014672,-0.016031,0.007336,0.001709,0.018501,-0.011867,-0.038928,0.000755,0.016951,-0.007280,0.033325,-0.000264
-0.040953,-0.010182,0.021294,-0.039151,0.006468,-0.011994,-0.008651,0.003462,0.002153,0.015447,0.001799,-0.044180,0.008020,0.010281,0.002881,0.013853,-0.008288
-0.040789,-0.018416,0.021448,-0.036657,0.004635,-0.006648,-0.000087,0.003969,-0.000159,0.012268,0.013781,-0.042827,0.011764,0.004981,0.013171,0.009631,-0.014753
-0.040458,-0.025357,0.018577,-0.036911,0.002818,0.011116,0.001622,0.005218,-0.002577,0.009737,0.025599,-0.035900,0.006293,0.004069,0.020736,0.008301,-0.019485
-0.032042,-0.026304,0.012543,-0.035103,0.000686,0.027645,0.002100,0.007231,-0.003718,0.012654,0.016364,-0.032013,-0.000792,-0.000955,0.026372,0.021371,-0.015648
-0.021635,-0.019167,0.001673,-0.030502,-0.002434,0.042475,-0.003933,0.015077,-0.004015,-0.002191,-0.003969,-0.025279,-0.002682,-0.005931,0.029997,0.024596,-0.009111
-0.008295,-0.008050,-0.008212,-0.015332,-0.004439,0.058743,-0.009918,0.020454,-0.004373,-0.004485,-0.012003,-0.019695,0.003023,-0.010490,0.035795,0.010616,-0.002385
-0.005689,-0.015636,-0.009893,-0.006610,0.000146,0.068804,-0.014772,0.018269,0.001407,-0.000692,-0.019513,-0.011356,0.006006,-0.022534,0.035899,-0.004902,0.006663
0.000614,-0.023801,-0.012962,0.000473,0.004121,0.059776,-0.017967,0.005863,0.007243,0.002370,-0.016860,-0.005409,0.001949,-0.034065,0.035052,0.003067,0.012663
-0.004469,-0.029428,-0.015006,0.009784,0.001541,0.039954,-0.018506,-0.003625,0.012900,-0.003533,-0.012690,-0.019703,-0.014461,-0.043096,0.045134,0.011786,0.011978
-0.016963,-0.031856,-0.024025,0.004938,-0.007173,0.010526,-0.023538,-0.012170,0.017552,-0.009050,-0.003580,-0.030340,-0.026718,-0.049135,0.064211,0.002348,0.003718
-0.032354,-0.043031,-0.023417,0.001293,-0.013627,-0.016984,-0.025811,-0.018526,0.019473,-0.015036,0.022929,-0.038595,-0.036984,-0.058748,0.080198,-0.010632,-0.008031
-0.043149,-0.039446,-0.016031,-0.011711,-0.017306,-0.023036,-0.024559,-0.018035,0.019487,-0.019232,0.044425,-0.044120,-0.049349,-0.064895,0.091566,-0.020268,-0.022036
-0.045149,-0.030291,-0.006483,-0.001635,-0.019497,-0.017962,-0.014573,-0.015978,0.012531,-0.028164,0.060818,-0.044899,-0.070293,-0.074312,0.118926,0.004669,-0.031235
-0.039059,-0.003907,-0.001145,0.006092,-0.026156,-0.008552,-0.013454,-0.004385,-0.008650,-0.041441,0.061537,-0.042698,-0.086170,-0.077873,0.132448,0.027883,-0.034880
-0.030729,0.007771,-0.002604,0.016774,-0.036725,0.003439,-0.011787,0.008753,-0.033427,-0.060824,0.061534,-0.034689,-0.088129,-0.082111,0.148305,0.033479,-0.033843
-0.015213,0.003868,0.011461,0.018288,-0.042626,0.019361,-0.008844,0.021083,-0.047304,-0.071878,0.049498,-0.022497,-0.082841,-0.088634,0.147416,0.034570,-0.023468
0.001987,0.012407,0.014162,0.008765,-0.045946,0.018495,-0.004381,0.021869,-0.065008,-0.075027,0.029134,-0.005680,-0.075480,-0.093814,0.128898,0.043501,-0.009334
0.019385,0.014693,0.014283,-0.002065,-0.052223,0.014145,0.006217,0.013361,-0.094783,-0.070666,-0.001048,0.019057,-0.072867,-0.098784,0.099432,0.048236,0.003937
0.034408,0.011109,0.006711,-0.018389,-0.072705,0.001128,0.002380,-0.005934,-0.118832,-0.061625,-0.027717,0.039270,-0.061139,-0.093179,0.053063,0.023134,0.011465
0.038469,0.013941,-0.001128,-0.036196,-0.086536,-0.009751,0.004880,-0.033390,-0.135196,-0.068388,-0.038598,0.052345,-0.033512,-0.099620,-0.001268,-0.015160,0.015823
0.049590,0.027067,-0.005300,-0.058746,-0.097866,-0.008550,0.011575,-0.067949,-0.144924,-0.077873,-0.041471,0.053410,-0.004157,-0.099734,-0.053762,-0.060259,0.012966
0.058856,0.047560,-0.005859,-0.051431,-0.103610,-0.024680,0.022153,-0.092588,-0.155041,-0.091236,-0.040077,0.066059,0.012208,-0.094427,-0.080973,-0.076978,0.008736
0.061474,0.070562,-0.014556,-0.039421,-0.105004,-0.042980,0.025202,-0.112382,-0.179486,-0.094975,-0.024963,0.066614,0.024907,-0.077783,-0.106061,-0.059221,0.005297
0.052633,0.068458,-0.018832,-0.027114,-0.107163,-0.058545,0.027301,-0.122858,-0.188301,-0.103967,-0.007861,0.059930,0.041661,-0.063492,-0.111541,-0.040460,0.004363
0.052270,0.056178,-0.007155,-0.010959,-0.107718,-0.056092,0.026180,-0.115554,-0.176894,-0.102105,0.016967,0.071752,0.050796,-0.040827,-0.130145,-0.039345,0.004059
0.048005,0.041528,-0.000846,0.016651,-0.110133,-0.054061,0.024733,-0.094582,-0.160254,-0.077511,0.039666,0.106355,0.051619,-0.013254,-0.159364,-0.025460,0.003204
0.037624,0.022444,0.002968,0.038821,-0.104925,-0.041976,0.026032,-0.068339,-0.151752,-0.033586,0.053838,0.152292,0.052549,0.014156,-0.182885,-0.003606,0.004079
0.027434,-0.001587,-0.000818,0.038840,-0.100751,-0.032184,0.015450,-0.042083,-0.144411,0.011323,0.089589,0.228443,0.048595,0.072633,-0.252039,0.000632,0.005340
0.011087,-0.015263,-0.003607,0.029443,-0.091367,-0.016682,0.008594,-0.022654,-0.132137,0.030955,0.116388,0.276094,0.080598,0.157994,-0.373998,-0.004308,0.016494
0.010368,-0.009676,-0.005747,0.017651,-0.082133,0.003268,0.006228,-0.012509,-0.113185,0.042121,0.132175,0.302690,0.106479,0.222178,-0.486337,-0.017640,0.022587
0.012507,-0.001153,-0.000858,0.018416,-0.070306,0.001509,0.003347,-0.000811,-0.097787,0.036074,0.157224,0.357933,0.124871,0.275172,-0.562186,-0.032809,0.025822
0.013366,0.014068,-0.008174,0.015158,-0.053593,-0.016874,-0.000493,0.013004,-0.088240,0.027641,0.172972,0.377692,0.128417,0.306394,-0.612260,-0.051290,0.023962
0.020694,0.035217,-0.009330,0.008992,-0.033569,-0.033497,-0.002657,0.022042,-0.074259,0.013240,0.190552,0.355557,0.125322,0.317861,-0.590538,-0.070411,0.021883
0.028989,0.062246,-0.018298,-0.006553,-0.015115,-0.017475,-0.006759,0.035136,-0.050860,0.002677,0.197237,0.324539,0.110496,0.306881,-0.524551,-0.100009,0.013429
0.034239,0.069624,-0.022995,-0.016356,-0.000305,0.005122,-0.003122,0.052672,-0.015977,0.006683,0.177608,0.295692,0.082888,0.262647,-0.426073,-0.114708,0.000281
0.035623,0.067876,-0.026547,-0.019937,0.015571,0.026363,0.001123,0.083166,0.017134,0.016730,0.128464,0.239159,0.050595,0.189413,-0.285405,-0.103717,-0.014364
0.030158,0.055493,-0.029930,-0.022146,0.043425,0.041364,0.005166,0.103134,0.048066,0.026254,0.092100,0.204224,0.014597,0.122262,-0.141527,-0.075225,-0.029482
0.019429,0.033099,-0.030614,-0.031433,0.064244,0.052141,0.013493,0.121762,0.069127,0.043130,0.042048,0.137297,0.011104,0.091667,-0.051664,-0.041185,-0.031129
0.012892,0.025742,-0.030762,-0.039821,0.074962,0.053953,0.022128,0.130712,0.086902,0.054962,-0.016040,0.058463,0.009307,0.055535,0.018391,-0.018980,-0.030333
0.008148,0.015107,-0.024368,-0.043575,0.083421,0.047395,0.027402,0.122883,0.089889,0.051742,-0.052080,0.015287,0.005806,0.029819,0.068614,0.013922,-0.025971
0.001024,-0.000984,-0.013943,-0.037566,0.083873,0.026742,0.029619,0.103358,0.087237,0.042605,-0.093041,-0.017868,0.001712,0.010053,0.073868,0.024066,-0.020102
0.000888,-0.021466,-0.008340,-0.025019,0.078391,-0.010757,0.029118,0.070501,0.073919,0.036992,-0.105521,-0.030607,-0.002965,0.005042,0.069282,0.028335,-0.012176
0.003119,-0.029826,-0.011159,-0.003192,0.062463,-0.027628,0.021890,0.035554,0.055071,0.034151,-0.096129,-0.025294,0.002281,0.011796,0.059541,0.023127,-0.004968
0.014081,-0.003928,-0.015391,0.000602,0.040309,-0.020208,0.006884,0.011896,0.046332,0.034620,-0.097052,-0.001521,-0.007814,0.030469,0.046949,0.000860,0.011580
0.022821,0.018168,-0.016771,0.002679,0.017529,-0.012831,-0.007564,0.004637,0.032861,0.028731,-0.094395,0.023525,-0.016783,0.043805,0.030010,-0.006732,0.023582
0.025609,0.036268,-0.016054,0.012975,0.007144,-0.002163,-0.020079,-0.004247,0.026496,0.020253,-0.080142,0.047610,-0.018880,0.053610,0.020505,-0.001279,0.031295
0.024785,0.048441,-0.013646,0.023541,-0.000051,0.009130,-0.025462,0.001767,0.020440,0.019654,-0.069436,0.060258,-0.016139,0.055863,0.010947,0.007292,0.035728
0.020865,0.056207,-0.012090,0.024654,-0.007960,0.015119,-0.025298,0.009211,0.018814,0.017220,-0.054711,0.057813,-0.010610,0.049996,0.012931,-0.004984,0.035780
0.019120,0.059685,-0.009091,0.016437,-0.009172,0.019893,-0.022596,0.016089,0.015168,0.010066,-0.037898,0.042216,-0.011258,0.038113,0.014064,-0.018934,0.031755
0.015333,0.053287,-0.004650,0.008997,-0.007366,0.023975,-0.017356,0.014660,0.009461,0.000500,-0.025463,0.019617,-0.012550,0.025378,0.010295,-0.023497,0.024050
0.008761,0.030450,-0.002657,-0.000853,-0.003891,0.013700,-0.009154,0.008377,0.005040,-0.000665,-0.014302,0.008017,-0.013174,0.013701,0.004864,-0.013427,0.012716
