AU01,AU02,AU04,AU05,AU06,AU07,AU09,AU10,AU12,AU14,AU15,AU17,AU20,AU23,AU25,AU26,AU45
-0.027398,-0.029985,-0.022691,-0.009721,-0.000870,-0.030542,-0.028404,0.001682,0.013515,0.003396,-0.051895,-0.050810,0.038332,-0.015063,0.006277,-0.039259,0.006437
-0.023902,-0.034475,-0.018581,-0.015331,0.003478,-0.032683,-0.026025,0.003657,0.018642,0.004366,-0.041465,-0.049961,0.039955,-0.023610,0.011937,-0.030508,0.013531
-0.014183,-0.036675,-0.013640,-0.013254,0.017263,-0.020176,-0.021501,0.003420,0.026981,-0.000173,-0.023980,-0.040999,0.037957,-0.033768,0.015871,-0.023032,0.018708
-0.004103,-0.034891,-0.007994,-0.010480,0.029321,-0.000610,-0.019166,0.002937,0.034894,-0.006665,-0.004642,-0.028349,0.032459,-0.039593,0.027093,-0.017795,0.025284
0.000625,-0.032077,-0.001486,-0.010832,0.042124,0.018043,-0.013602,0.002208,0.041379,-0.011705,0.013202,-0.012010,0.023461,-0.042689,0.034583,-0.015311,0.030980
0.005492,-0.011903,0.005882,-0.023950,0.059636,0.035784,-0.002875,0.002761,0.052182,-0.001119,0.031263,0.004413,0.007538,-0.041050,0.038031,-0.007153,0.038828
0.000759,-0.003212,0.014662,-0.039803,0.068515,0.051900,-0.001058,0.002687,0.059960,0.007375,0.022429,0.005776,-0.014003,-0.036068,0.048752,-0.012676,0.034753
-0.003288,0.005060,0.012008,-0.057960,0.069549,0.064734,-0.006745,0.010105,0.070712,0.013778,0.010863,-0.003847,-0.019689,-0.026005,0.054306,-0.020637,0.035680
-0.017016,0.005198,0.000936,-0.073590,0.074862,0.077188,-0.011904,0.018059,0.082720,0.026832,-0.010330,-0.020501,-0.005967,-0.009868,0.056934,-0.028035,0.033623
-0.029724,0.016268,-0.020866,-0.088273,0.079972,0.086077,-0.013020,0.020905,0.093664,0.040517,-0.022680,-0.034363,0.007015,-0.000846,0.068075,-0.015674,0.036051
-0.033032,0.024313,-0.027282,-0.094656,0.075930,0.078859,-0.007898,0.035360,0.097686,0.050062,-0.028299,-0.042481,0.007359,0.007417,0.073360,0.001241,0.034665
-0.034768,0.017797,-0.034391,-0.093685,0.073502,0.074328,-0.001176,0.055917,0.103622,0.059817,-0.023216,-0.042426,0.001163,0.007475,0.073470,0.026211,0.023953
-0.030890,0.010380,-0.033995,-0.071554,0.072820,0.068302,0.000884,0.075564,0.105365,0.061120,-0.016673,-0.039270,-0.004600,0.007504,0.073688,0.055462,0.014143
-0.028540,-0.012262,-0.028527,-0.042859,0.073800,0.054405,0.005921,0.088691,0.098922,0.055982,-0.011520,-0.031097,-0.008299,0.005500,0.063867,0.071415,0.004249
-0.017143,-0.007421,-0.019685,-0.017356,0.077196,0.031771,0.013178,0.098551,0.094953,0.061526,-0.014055,-0.019013,-0.006825,0.000709,0.045563,0.078024,-0.008885
-0.010245,-0.010317,-0.007558,0.003732,0.075985,0.017697,0.024624,0.099857,0.089950,0.059563,-0.013612,0.002464,-0.009708,-0.007151,0.044262,0.077873,-0.020577
-0.001898,-0.013552,0.010318,0.001221,0.071680,0.014736,0.026635,0.105270,0.082481,0.050093,-0.007700,0.018326,-0.017896,-0.019249,0.036267,0.068648,-0.026319
0.002915,-0.030641,0.020154,-0.007270,0.074390,0.015246,0.025014,0.097391,0.076094,0.046553,0.003984,0.031290,-0.011815,-0.022203,0.020489,0.038538,-0.027836
0.014869,-0.030737,0.024478,-0.020358,0.069519,0.016374,0.024761,0.076935,0.066154,0.043151,0.009901,0.048307,-0.004033,-0.018648,0.013081,0.014054,-0.028872
0.030226,-0.023087,0.022351,-0.029803,0.064165,0.013290,0.023336,0.057209,0.050873,0.032126,0.013862,0.060793,-0.004898,-0.013691,0.010232,-0.011486,-0.020370
0.034155,-0.013945,0.020697,-0.043614,0.050454,0.013285,0.019736,0.045938,0.037399,0.027507,0.015992,0.066567,-0.019381,-0.010316,0.010828,-0.025966,-0.017634
0.031443,-0.012470,0.012938,-0.032161,0.046466,0.011730,0.013448,0.036670,0.025843,0.013057,0.014377,0.066964,-0.032249,-0.004434,0.019658,-0.025666,-0.012385
0.024834,-0.031512,0.005150,-0.006269,0.047308,0.006664,0.005682,0.028505,0.015636,0.001284,0.011712,0.061358,-0.041457,0.002264,0.017954,-0.017822,-0.004622
0.032542,-0.034457,-0.002016,0.011221,0.045115,-0.000543,-0.006523,0.027830,0.008873,-0.006273,0.001254,0.051406,-0.037930,0.005310,0.013402,-0.008987,-0.003994
0.034281,-0.033258,-0.009227,0.032450,0.040473,0.008317,-0.012899,0.029301,0.010682,-0.013536,-0.003214,0.043750,-0.030776,0.004700,0.016050,-0.006544,0.001971
0.031444,-0.023146,-0.000736,0.033416,0.039524,0.029636,-0.017572,0.041141,0.012895,-0.024474,-0.005489,0.025253,-0.023179,-0.001786,0.020522,-0.001283,0.007857
0.023332,-0.028151,0.002361,0.031049,0.040886,0.050352,-0.015397,0.047318,0.019692,-0.028295,0.005272,0.008301,-0.011403,-0.008245,0.018057,-0.007542,0.013605
0.019209,-0.026471,0.009567,0.015895,0.035753,0.057519,-0.010903,0.050679,0.026092,-0.025821,0.013738,-0.004427,0.000490,-0.009771,0.013986,-0.011043,0.011427
0.013807,-0.010851,0.003270,-0.019064,0.032093,0.061698,-0.005259,0.053690,0.030739,-0.015426,0.021365,-0.013647,0.009903,-0.010444,0.011274,-0.011755,0.013782
0.012228,0.018497,0.000843,-0.049744,0.024846,0.062317,0.001909,0.060150,0.031717,-0.002828,0.024005,-0.021569,0.011802,-0.011704,0.006260,-0.010946,0.012796
0.003001,0.039965,-0.008070,-0.063570,0.021314,0.052179,0.009973,0.061676,0.033698,-0.004597,0.021869,-0.023941,0.012089,-0.010134,0.017149,-0.019062,0.010363
-0.007704,0.046431,-0.020278,-0.058073,0.024854,0.033981,0.016238,0.061106,0.036836,-0.005289,0.013858,-0.020013,0.015246,-0.006993,0.020326,-0.027927,0.006390
-0.009489,0.040077,-0.030595,-0.066328,0.026473,0.015961,0.018209,0.061535,0.040103,-0.001661,0.003482,-0.008638,0.013334,-0.002456,0.012372,-0.030748,0.003842
-0.009978,0.019360,-0.036416,-0.064374,0.030644,0.015100,0.016748,0.057301,0.043851,0.006768,0.009012,0.003162,0.009271,0.001519,0.003805,-0.038290,0.005565
-0.009595,0.005735,-0.022553,-0.067028,0.031988,0.024202,0.012975,0.065804,0.042709,0.022207,0.018587,0.004084,0.003286,0.004005,-0.002218,-0.058802,0.009289
-0.008424,-0.016701,-0.002570,-0.063974,0.035745,0.023548,0.011899,0.064801,0.039418,0.032515,0.026024,0.002823,-0.007578,0.007638,-0.012553,-0.070984,0.012740
-0.011913,-0.051907,0.015776,-0.053161,0.040543,0.024833,0.010466,0.050546,0.033786,0.037775,0.041467,-0.000125,-0.016531,0.010633,-0.019697,-0.065532,0.016889
-0.020156,-0.078414,0.027504,-0.050299,0.038109,0.027290,0.007481,0.034382,0.027109,0.040039,0.059646,-0.003718,-0.021688,0.008365,-0.024896,-0.052859,0.018668
-0.018697,-0.090563,0.034494,-0.033786,0.033900,0.035947,0.004535,0.023808,0.017746,0.037032,0.070623,-0.004543,-0.023056,0.003276,-0.028207,-0.036080,0.016963
-0.014224,-0.067881,0.029284,-0.012059,0.025328,0.046787,-0.000317,0.014304,0.013170,0.028420,0.067136,-0.008413,-0.027930,-0.004931,-0.024976,-0.033548,0.011824
-0.005832,-0.038270,0.018767,0.010423,0.020291,0.049136,-0.005551,0.008753,0.009718,0.013390,0.046567,-0.007932,-0.025521,-0.014385,-0.017511,-0.033679,0.005485
0.001428,-0.013297,0.005923,0.025798,0.012756,0.048586,-0.007701,0.006851,0.009988,0.004657,0.021366,-0.000546,-0.024338,-0.020762,-0.012727,-0.026163,0.002911
0.013603,0.002654,-0.007957,0.039815,0.015549,0.038469,-0.008899,0.011862,0.010903,-0.001178,0.013256,0.007516,-0.023223,-0.023774,-0.006712,-0.013837,-0.000313
0.023582,0.015188,-0.009977,0.041469,0.015777,0.035442,-0.005935,0.026810,0.010921,0.004820,0.006399,0.002664,-0.015913,-0.024245,-0.008192,-0.029564,-0.002105
0.029523,0.026946,-0.007616,0.035799,0.015606,0.019925,-0.000621,0.039409,0.006447,0.010256,-0.001182,-0.003013,-0.013534,-0.020114,-0.016947,-0.041520,-0.002228
0.026788,0.023394,-0.004839,0.028391,0.017036,0.011503,0.005029,0.041818,0.001834,0.014711,-0.000225,-0.005724,-0.010177,-0.012597,-0.023499,-0.039746,-0.002087
0.020099,0.006816,-0.004044,0.015755,0.013516,-0.000363,0.009449,0.040530,-0.002817,0.013881,0.010509,-0.008650,0.000740,-0.005953,-0.025979,-0.032816,-0.002707
0.014428,-0.014066,-0.002794,0.005310,0.009628,-0.005890,0.011876,0.040005,-0.007313,0.005508,0.020877,-0.008088,0.011714,0.000479,-0.019939,-0.023974,-0.004690
0.009319,-0.014662,-0.012371,-0.005253,0.001495,0.005465,0.012049,0.031021,-0.007084,-0.000504,0.023703,-0.011471,0.015975,0.004020,-0.015159,-0.029599,-0.007628
0.005771,-0.011892,-0.019809,-0.012525,-0.005860,0.014615,0.009504,0.019702,-0.006941,-0.009874,0.011130,-0.011088,0.019188,0.004135,-0.007362,-0.031205,-0.008301
-0.002211,-0.010735,-0.025294,-0.024889,-0.012627,0.021082,0.008176,0.008075,-0.004605,-0.011305,-0.003867,-0.007639,0.021503,0.003748,0.004937,-0.014847,-0.004741
-0.004890,-0.006612,-0.026366,-0.030153,-0.011624,0.004990,0.004973,0.010355,-0.002405,-0.009692,-0.007937,-0.002471,0.017409,0.002570,0.012846,0.003320,-0.001019
-0.005398,-0.010920,-0.015796,-0.032734,-0.009039,-0.015612,0.004821,0.012953,-0.001388,-0.003220,-0.008979,-0.003124,0.014694,-0.000082,0.008464,0.007924,-0.002217
-0.002392,-0.007482,0.001419,-0.030736,-0.005815,-0.033734,0.005900,0.017603,-0.003076,0.002235,-0.006702,-0.006334,0.015350,-0.003140,-0.006594,0.014732,-0.000996
0.002054,-0.000976,0.016676,-0.026654,-0.002154,-0.042249,0.006574,0.024157,-0.002110,0.003492,-0.004052,-0.009079,0.015684,-0.005463,-0.020928,0.021088,-0.001300
0.006527,0.005516,0.026475,-0.027294,-0.000248,-0.048745,0.006845,0.029680,-0.001312,0.004289,0.000072,-0.010214,0.018323,-0.004741,-0.031395,0.025648,-0.003270
0.007626,0.011641,0.026575,-0.027257,0.001441,-0.054513,0.002349,0.033987,-0.000680,0.002469,0.003586,-0.008007,0.014820,-0.001942,-0.028539,0.018752,-0.006339
0.007739,0.015592,0.020577,-0.025780,0.001120,-0.049095,-0.000831,0.028481,0.001603,-0.000377,0.007299,-0.006894,0.004517,0.001410,-0.022890,0.008943,-0.008766
0.008418,0.021008,0.017549,-0.012052,0.001950,-0.038880,-0.005107,0.014840,0.003465,-0.007630,0.006298,-0.008247,-0.004620,0.005396,-0.014165,-0.003557,-0.008569
0.014548,0.034188,0.013587,-0.003900,0.002588,-0.022313,-0.006349,-0.003537,0.004527,-0.013041,0.001318,-0.008338,-0.008328,0.008549,-0.002642,-0.001503,-0.005179
0.016134,0.041068,0.008614,0.007306,0.002100,-0.015896,-0.007212,-0.016576,0.004129,-0.016219,-0.005071,0.000933,-0.011474,0.010085,0.005991,0.000082,-0.000574
0.015306,0.034165,0.006238,0.022401,0.001105,-0.011846,-0.008089,-0.027856,0.001091,-0.010325,-0.007549,0.009673,-0.018457,0.008798,0.014984,0.000845,-0.001952
0.013591,0.029678,0.008704,0.039768,0.002271,-0.002784,-0.009004,-0.026061,-0.002274,0.000979,-0.012053,0.014692,-0.020172,0.005045,0.024407,0.007328,-0.004308
0.007465,0.008645,-0.006816,0.057730,0.004989,0.011233,-0.008419,-0.014346,-0.002989,0.005557,-0.014925,0.017186,-0.024502,0.000361,0.029141,0.013305,-0.005197
0.002569,-0.014015,-0.020321,0.063591,0.005617,0.030204,-0.001175,-0.001449,-0.005339,0.008616,-0.015632,0.017592,-0.024080,-0.005592,0.033455,0.017199,-0.004367
-0.003184,-0.033227,-0.034591,0.061040,0.004496,0.048443,0.002532,0.003310,-0.008237,0.010338,-0.015766,0.008663,-0.024840,-0.011528,0.038952,0.007308,-0.004062
-0.009130,-0.049050,-0.041684,0.043978,0.004030,0.059757,0.015754,0.006837,-0.012358,0.003552,-0.012185,0.000512,-0.027016,-0.017339,0.040582,0.002391,-0.004241
-0.014416,-0.047387,-0.036383,0.029288,0.005706,0.061366,0.024948,0.009500,-0.013168,-0.008156,-0.007144,-0.009489,-0.025458,-0.020551,0.033332,-0.000956,-0.003787
-0.007136,-0.027572,-0.025933,0.015210,0.006963,0.056886,0.028759,0.007637,-0.013427,-0.018636,-0.004154,-0.019419,-0.017691,-0.021051,0.022507,-0.001021,0.001245
0.001027,-0.004325,-0.011734,-0.001064,0.004290,0.051015,0.029408,0.004430,-0.013327,-0.026696,-0.009383,-0.009765,-0.007578,-0.019823,0.009261,0.003635,0.007541
0.010070,0.022371,0.014504,-0.005463,0.001444,0.039844,0.024833,0.000784,-0.012872,-0.021935,-0.010607,-0.000751,0.001021,-0.018116,-0.001582,0.010649,0.011581
0.016643,0.045816,0.040929,-0.008086,-0.000869,0.018331,0.017431,0.002392,-0.010828,-0.007634,-0.012112,0.003703,0.010020,-0.015521,0.000906,0.018048,0.010705
0.014557,0.037703,0.044560,-0.003534,-0.001626,-0.005796,0.012452,0.002402,-0.003214,0.004044,-0.010386,0.009811,0.010282,-0.010022,0.002481,0.023623,0.006948
0.010213,0.022242,0.039284,-0.010733,-0.002387,-0.019915,0.010304,0.003128,0.002614,0.015694,-0.010094,0.017977,0.013776,-0.004907,0.006074,0.023944,0.003973
0.009678,0.007306,0.026451,-0.013061,-0.005707,-0.022981,0.004062,-0.002375,0.006946,0.020485,-0.012199,0.017868,0.009598,-0.001698,0.008846,0.022756,0.004824
0.003502,-0.011772,0.014167,-0.012637,-0.008684,-0.023303,0.003704,-0.006546,0.007744,0.021180,-0.013453,0.011703,0.010348,0.000264,0.008536,0.015736,0.003500
-0.001306,-0.035399,0.004752,-0.011818,-0.008862,-0.033390,0.003894,-0.006976,0.014055,0.021869,-0.012233,0.008050,0.009132,0.003657,0.004908,0.004150,0.003452
-0.014064,-0.053032,-0.006162,-0.011487,-0.005489,-0.039345,0.002702,-0.010031,0.018021,0.019026,-0.000036,0.005291,0.011984,0.008554,0.004023,-0.007762,0.006330
-0.024336,-0.060424,-0.014266,-0.009247,-0.001569,-0.021175,0.001491,-0.011946,0.019744,0.004063,0.003793,0.011864,0.014426,0.010342,0.001901,-0.014336,0.013945
-0.031448,-0.051711,-0.018968,-0.003940,0.001781,-0.001227,-0.000462,-0.009331,0.017430,-0.004819,0.001359,0.017019,0.016174,0.011840,-0.004363,-0.008129,0.021624
-0.033521,-0.040435,-0.007040,0.004822,0.006897,0.009662,-0.002222,-0.008195,0.012894,-0.011026,0.001025,0.013806,0.007504,0.012050,-0.005700,0.001791,0.023907
-0.034781,-0.037281,-0.009537,0.012728,0.013682,0.014812,0.001185,-0.010803,0.013527,-0.017397,0.004226,0.004177,-0.008363,0.012245,-0.002283,0.010461,0.021421
-0.037819,-0.035891,-0.015958,0.010440,0.021460,0.018731,0.009792,-0.015175,0.013359,-0.021840,0.014264,-0.002574,-0.021658,0.013201,0.001393,0.016052,0.015332
-0.034633,-0.022211,-0.023210,0.007432,0.026537,0.015256,0.015558,-0.013692,0.011073,-0.028970,0.019591,-0.005878,-0.037038,0.012723,0.004199,0.030690,0.011650
-0.030607,0.010408,-0.031078,0.007530,0.029901,0.012140,0.014461,-0.007022,0.008749,-0.022753,0.012610,-0.012516,-0.043050,0.010872,0.003711,0.039127,0.006374
-0.013806,0.029802,-0.035607,0.008925,0.029055,0.004713,0.011869,0.005153,0.008797,-0.010473,0.003953,-0.017238,-0.051723,0.013081,0.002475,0.039417,-0.005108
-0.006519,0.043015,-0.036318,0.009793,0.028092,0.004022,0.009785,0.018044,0.008769,0.001423,0.004939,-0.017631,-0.050434,0.015904,0.007206,0.034604,-0.015540
-0.001676,0.054337,-0.021605,0.010728,0.026948,0.015920,0.007796,0.028158,0.007972,0.003254,0.006200,-0.021747,-0.041393,0.014843,0.011798,0.024835,-0.020939
0.002389,0.049885,-0.009755,0.005414,0.022540,0.048569,0.004702,0.030183,0.006993,0.004519,0.001650,-0.022395,-0.025823,0.015575,0.010238,0.016215,-0.024814
0.006978,0.035699,0.013241,-0.006165,0.016832,0.058722,0.001707,0.026640,0.004623,0.012526,-0.004187,-0.019452,-0.014632,0.014598,0.006803,0.010239,-0.026428
0.007905,0.018669,0.024333,-0.011407,0.011227,0.065753,0.002908,0.024999,0.002557,0.016556,-0.010923,-0.018094,-0.008500,0.011277,0.000360,0.005116,-0.021136
0.002364,-0.006776,0.025878,-0.009377,0.006755,0.067109,0.008196,0.017034,0.001322,0.017664,-0.007135,-0.010285,-0.004762,0.007933,-0.004586,0.000388,-0.011748
-0.003264,-0.031502,0.028438,-0.001371,0.003621,0.056082,0.012599,0.008734,-0.000136,0.016297,-0.001618,-0.002465,-0.000184,0.004537,-0.009713,0.005768,0.000624
-0.009043,-0.034101,0.022415,0.005573,0.001949,0.054218,0.011190,0.000402,0.001924,0.013302,-0.006951,0.007770,0.009185,0.000730,-0.013147,0.009610,0.013786
-0.005675,-0.020645,0.018918,0.011193,-0.000020,0.049452,0.008561,-0.003237,0.000526,0.009876,-0.012240,0.019314,0.011629,-0.000593,-0.010109,0.014482,0.017484
0.000409,-0.004853,0.011572,0.015862,-0.000163,0.045712,0.004799,-0.000886,0.000239,0.004273,-0.016037,0.026932,0.012726,-0.001947,-0.004231,0.014910,0.019610
0.004342,0.025210,0.010391,0.016606,0.003856,0.032858,0.001818,0.003531,-0.002188,-0.000882,-0.018655,0.024901,0.011786,-0.004064,0.003963,0.017540,0.017352
0.006182,0.039816,0.015484,0.020204,0.006804,0.042270,-0.000338,0.001989,-0.002387,-0.007913,-0.019064,0.019815,0.010130,-0.004948,0.009296,0.011008,0.007481
0.013011,0.053545,0.012478,0.020247,0.008955,0.024556,-0.003491,-0.000470,-0.002039,-0.012147,-0.017693,0.010664,0.009282,-0.005344,0.005796,0.009935,-0.003363
0.016040,0.060602,0.013108,0.022875,0.011672,0.007401,-0.002292,0.004228,-0.000287,-0.013394,-0.005200,0.004889,0.006880,-0.004997,-0.002825,0.003031,-0.010262
0.016784,0.060987,0.004909,0.022673,0.015570,-0.011237,-0.001733,0.008338,0.001052,-0.011743,0.006676,-0.000277,-0.000515,-0.001762,0.004031,-0.000002,-0.014978
0.017333,0.051007,0.002208,0.020249,0.017587,-0.019113,-0.002572,0.009000,0.002581,-0.010968,0.016149,-0.003640,-0.008073,0.001228,0.009067,-0.001528,-0.016000
0.016022,0.037983,-0.006042,0.017848,0.013749,-0.010038,-0.006152,0.008063,0.004320,-0.014977,0.019705,-0.007537,-0.010482,0.003261,0.011583,-0.000552,-0.015150
0.011606,0.021559,-0.008764,0.014765,0.005903,-0.008690,-0.009015,0.009403,0.005241,-0.013598,0.015601,-0.006291,-0.012189,0.004998,0.009172,-0.002566,-0.012756
0.004856,0.004333,-0.010464,0.009786,-0.002279,-0.009795,-0.011830,0.009182,0.005638,-0.011283,0.014931,-0.006650,-0.010379,0.005750,0.007268,-0.005803,-0.008498
0.000678,0.001463,-0.006081,-0.005965,-0.006405,-0.007567,-0.011278,0.008190,0.004075,-0.011872,0.011958,-0.004794,-0.010968,0.002962,0.007264,-0.008499,-0.006722
-0.004644,-0.002968,0.001202,-0.019832,-0.009326,-0.003061,-0.006440,0.006430,0.001954,-0.009270,0.008858,-0.001890,-0.010450,-0.000713,0.011034,-0.014296,-0.005385
-0.002998,-0.000486,0.006110,-0.024890,-0.009209,-0.004388,-0.001051,0.010629,0.000676,-0.005661,0.002934,-0.003010,-0.006471,-0.003962,0.003280,-0.010994,-0.003512
-0.002181,0.000779,0.011583,-0.021858,-0.006941,-0.006709,0.005470,0.018480,0.001597,-0.001199,0.006722,-0.001043,0.001147,-0.007003,-0.007498,-0.007808,-0.000278
-0.002857,0.002515,0.007679,-0.017144,-0.001832,-0.013784,0.011575,0.023623,0.002202,0.003197,0.010209,-0.001530,0.004093,-0.007793,-0.003346,-0.000557,0.000615
-0.004248,-0.006945,0.005697,-0.012936,-0.001289,-0.007374,0.015153,0.021066,0.002473,0.003547,0.008144,0.003661,0.004222,-0.007580,0.002571,0.004087,0.001507
-0.005545,-0.017579,0.001652,-0.008831,-0.004074,0.001453,0.017736,0.015769,-0.000101,0.003725,0.010420,0.001209,0.002441,-0.009374,0.005355,0.008403,0.000028
-0.006996,-0.028925,-0.007453,-0.000573,-0.008413,0.011277,0.020407,0.011021,-0.001404,0.008268,0.005560,-0.000292,0.000761,-0.009479,-0.002057,0.006443,-0.002025
-0.009289,-0.038812,-0.016078,0.010104,-0.014270,0.004002,0.017977,0.006319,-0.002809,0.015342,0.004694,-0.002846,0.002705,-0.009249,-0.012472,0.006010,-0.005900
-0.006340,-0.033247,-0.013796,0.010828,-0.019149,-0.002490,0.010811,-0.001303,-0.003746,0.010024,-0.000103,0.005326,0.007319,-0.010507,-0.020845,0.010997,-0.010639
-0.001965,-0.033017,-0.010066,-0.001408,-0.022310,-0.028368,0.003344,-0.010406,-0.004780,0.005315,-0.004207,0.013062,0.010386,-0.014734,-0.021774,0.013177,-0.012350
0.002266,-0.028441,-0.002705,-0.012878,-0.020542,-0.044053,-0.007349,-0.011740,-0.003877,0.004927,-0.007303,0.018550,0.013755,-0.016303,-0.016423,0.006949,-0.012848
0.006760,-0.021208,0.005455,-0.019194,-0.016372,-0.047891,-0.015115,-0.007187,-0.002514,0.005010,-0.009223,0.019692,0.017342,-0.016573,-0.009119,0.002476,-0.012010
0.008982,-0.019460,0.010123,-0.017599,-0.007588,-0.043919,-0.020295,-0.001500,-0.001992,0.004233,-0.005036,0.018038,0.017918,-0.016179,-0.000875,-0.001033,-0.011934
0.013935,-0.004262,0.019932,-0.011601,-0.005284,-0.038783,-0.022913,0.000333,-0.002137,0.001702,-0.004191,0.018473,0.015257,-0.014289,0.008414,-0.004635,-0.010197
0.015499,0.000609,0.028757,-0.003745,-0.003866,-0.031194,-0.018297,0.000620,-0.003824,-0.004713,0.001904,0.010176,0.005964,-0.016179,0.015071,-0.009672,-0.011731
0.013530,0.005291,0.028338,0.002088,-0.002026,-0.008386,-0.006380,-0.000280,-0.003798,-0.010392,0.009199,-0.000574,-0.004951,-0.015850,0.018763,-0.014158,-0.011971
0.009535,-0.001929,0.017985,0.012852,-0.006010,0.019558,0.003886,-0.000424,-0.002759,-0.012106,0.016009,-0.012385,-0.015745,-0.013913,0.018952,-0.017432,-0.010993
0.005740,0.002353,0.007183,0.016645,-0.009385,0.044426,0.006202,-0.001283,-0.002785,-0.016982,0.016375,-0.013656,-0.020664,-0.010107,0.014278,-0.009400,-0.007595
-0.003903,0.014385,-0.007851,0.013037,-0.013551,0.035155,0.003935,-0.002753,-0.002535,-0.020537,0.013100,-0.011161,-0.023281,-0.007430,0.007913,0.000450,-0.003714
-0.013663,0.023094,-0.019757,0.007939,-0.016295,0.021766,-0.004599,-0.000976,0.002759,-0.018992,0.009807,-0.001663,-0.018474,-0.003416,0.002845,0.005835,0.003118
-0.022271,0.028478,-0.029719,-0.001037,-0.018351,0.011365,-0.011871,0.002052,0.007325,-0.015171,0.004611,0.007959,-0.011432,-0.000179,-0.001523,0.006628,0.006336
-0.028987,0.014161,-0.036098,-0.001928,-0.015552,0.008317,-0.014868,0.006490,0.009244,-0.006511,0.003641,0.012579,-0.005053,0.001838,0.003599,0.010235,0.007545
-0.023624,0.033967,-0.034807,-0.008787,-0.014576,0.002731,-0.017400,0.009734,0.009477,0.001689,0.001063,0.009385,0.002487,-0.002804,0.007711,0.008241,0.008150
-0.016089,0.028716,-0.033933,-0.018043,-0.010136,-0.004129,-0.018170,0.001192,0.007686,0.000894,0.002408,0.004393,0.002242,-0.014888,0.009917,0.005112,0.004003
-0.007867,0.014689,-0.028779,-0.027036,-0.006490,-0.016346,-0.014732,-0.005988,0.006559,-0.000945,0.001440,-0.004223,0.001530,-0.025618,0.011215,-0.002863,-0.001144
0.007415,-0.007661,-0.028554,-0.015903,-0.005506,-0.013568,-0.010457,-0.009395,0.004611,-0.003534,0.003925,-0.022001,-0.006810,-0.041455,0.017605,-0.014939,-0.004086
0.021067,-0.032897,-0.024460,-0.012093,-0.010863,-0.009347,-0.021969,-0.012260,0.000567,-0.007309,0.007612,-0.039207,-0.008004,-0.060365,0.036606,-0.025653,-0.005220
0.017820,-0.041552,-0.022398,-0.010421,-0.017235,-0.014092,-0.033045,-0.017710,-0.004166,-0.015245,0.009615,-0.052716,-0.007028,-0.077369,0.049630,-0.035499,-0.004721
0.013487,-0.059310,-0.017232,-0.007288,-0.021309,-0.018877,-0.043266,-0.018038,-0.001507,-0.019065,0.009160,-0.054686,-0.001799,-0.089285,0.054051,-0.042792,-0.002425
0.005149,-0.070860,-0.010193,0.006882,-0.027408,-0.029130,-0.052058,-0.016317,0.002945,-0.020538,0.004188,-0.047258,0.005210,-0.091462,0.055873,-0.047431,-0.004212
-0.004531,-0.079320,-0.001399,0.027858,-0.031296,-0.034994,-0.053877,-0.010457,0.004511,-0.016946,0.002008,-0.037181,0.009169,-0.083546,0.062385,-0.041385,-0.005102
-0.009827,-0.074569,0.003299,0.038528,-0.032487,-0.036297,-0.049347,-0.002163,0.004576,-0.010087,-0.002186,-0.025736,0.012860,-0.072661,0.063794,-0.027038,-0.004169
-0.018278,-0.075112,0.001541,0.042412,-0.028337,-0.039535,-0.039613,-0.003611,0.003606,-0.005998,0.000843,-0.015541,0.012159,-0.061230,0.053679,-0.009486,-0.004004
-0.025340,-0.080865,0.000021,0.039094,-0.022658,-0.041693,-0.022183,-0.004981,0.002729,-0.000086,-0.000726,-0.011827,0.012435,-0.042886,0.031745,0.001899,-0.003865
-0.020607,-0.077904,-0.003697,0.035546,-0.011122,-0.040189,0.001833,-0.002434,0.001994,0.003783,-0.003557,-0.016147,0.004863,-0.023271,-0.001441,0.005516,0.002618
-0.012638,-0.065296,-0.003370,0.024701,-0.004832,-0.032568,0.011341,0.002211,0.001821,0.006868,-0.001859,-0.019293,0.002739,-0.007456,-0.021376,-0.002619,0.011397
-0.012525,-0.046707,-0.003079,0.006940,0.000339,-0.025853,0.018477,0.003511,0.000795,0.011302,0.002419,-0.015149,0.002155,0.005424,-0.039450,-0.010975,0.021358
-0.018642,-0.044871,-0.001150,-0.001724,0.006048,-0.016681,0.024145,0.002024,0.001991,0.017157,0.003851,-0.010608,0.002654,0.017131,-0.060866,-0.026370,0.031044
-0.024276,-0.041397,0.004704,0.000151,0.007175,-0.013303,0.024674,-0.002371,0.005192,0.019660,-0.007019,-0.007757,0.006126,0.024402,-0.073859,-0.033311,0.034697
-0.027056,-0.030589,0.010002,0.003623,0.005433,-0.010189,0.022278,-0.007451,0.006121,0.026943,-0.014803,-0.004517,0.007190,0.028729,-0.076117,-0.037549,0.033831
-0.026303,-0.027984,0.010537,0.006157,0.003717,-0.003141,0.018924,-0.011283,0.003964,0.028363,-0.020914,0.004290,0.009927,0.029714,-0.068244,-0.028071,0.030175
-0.021464,-0.023877,0.009913,0.004939,0.002565,-0.007009,0.014022,-0.007867,0.001424,0.026401,-0.016143,0.011433,0.010716,0.025053,-0.049325,-0.015803,0.023034
-0.015275,-0.021428,-0.000496,0.004480,0.000592,0.003995,0.010241,-0.004138,0.001270,0.024330,-0.009884,0.011380,0.014508,0.017361,-0.028846,0.002194,0.014539
-0.019703,-0.020199,-0.004606,-0.008513,-0.003395,0.008824,0.007925,-0.000360,0.001312,0.019526,-0.009045,0.011695,0.017833,0.010781,-0.016269,0.019208,0.012313
-0.019569,-0.012884,-0.007739,-0.033893,-0.006814,0.015337,0.005789,-0.000076,-0.000757,0.011996,-0.009480,0.017555,0.019117,0.004091,-0.007467,0.026041,0.011285
-0.018636,-0.002831,-0.009430,-0.060496,-0.010533,0.017597,0.003429,0.001572,-0.003081,-0.003663,-0.007785,0.026995,0.015430,0.000602,-0.002286,0.030657,0.007659
-0.022969,0.002102,-0.010162,-0.069192,-0.012797,0.028488,0.005912,0.006270,-0.005067,-0.014076,-0.006770,0.034948,0.010219,0.002391,-0.003812,0.024772,0.004944
-0.021548,0.012115,0.001664,-0.067004,-0.006280,0.049754,0.008836,0.011010,-0.006629,-0.021140,-0.015128,0.036894,0.003795,0.003686,-0.008580,0.017596,0.002343
-0.015323,0.041201,0.014686,-0.052437,-0.000574,0.061469,0.011499,0.015829,-0.007310,-0.018129,-0.021046,0.035756,-0.002997,0.004425,-0.011777,0.008479,0.001936
-0.008928,0.062182,0.025271,-0.032159,0.008669,0.067137,0.014813,0.017081,-0.007903,-0.016173,-0.025344,0.030097,-0.005640,0.004817,-0.014345,0.009714,0.001170
0.000598,0.066181,0.032127,-0.013697,0.017689,0.061342,0.016750,0.019001,-0.007264,-0.002272,-0.017992,0.022102,-0.008220,0.004072,-0.008368,0.008194,-0.001057
0.010961,0.059695,0.024510,-0.000381,0.025378,0.063073,0.017311,0.011088,-0.003055,0.003398,-0.008994,0.016169,-0.008968,0.002856,-0.001479,0.005023,0.002374
0.008213,0.039926,0.017686,0.009832,0.029013,0.054029,0.011818,0.004180,0.001834,0.014021,-0.005338,0.010861,-0.008250,0.003822,0.004590,-0.005738,0.008083
0.004768,0.009799,0.004714,0.011846,0.030963,0.032708,0.005026,-0.007863,0.004015,0.019986,-0.002468,0.011310,-0.006066,0.004764,0.011927,-0.012326,0.013211
0.000336,-0.012477,-0.003392,0.007993,0.031731,-0.015947,-0.002266,-0.012654,0.005646,0.012725,0.005110,0.003642,-0.006806,0.006305,0.013911,-0.016477,0.014824
-0.000943,-0.022317,-0.008611,0.008395,0.027147,-0.051096,-0.000426,-0.010850,0.006706,0.004097,0.015229,-0.011375,-0.013929,0.010039,0.014230,-0.026045,0.011648
0.008871,-0.026723,-0.002273,0.009724,0.027190,-0.050762,0.008148,-0.005285,0.006199,-0.008314,0.012616,-0.025164,-0.021598,0.018154,0.013012,-0.034986,0.000247
0.020313,-0.007073,0.002403,0.013531,0.021989,-0.040257,0.017446,-0.001411,0.012749,-0.006534,0.015510,-0.035795,-0.025720,0.032073,0.006490,-0.041997,-0.009275
0.029897,0.018353,0.011043,0.020409,0.020624,-0.028069,0.024082,0.004680,0.011367,-0.006623,0.015790,-0.042557,-0.017659,0.035256,-0.001134,-0.035525,-0.015976
0.034718,0.047460,0.017837,0.025414,0.020730,-0.003619,0.030689,0.012216,0.015806,0.005508,0.023761,-0.045448,-0.006796,0.046024,-0.005544,-0.025261,-0.028434
0.033662,0.051404,0.024483,0.023217,0.017386,0.025354,0.035260,0.012905,0.012550,0.009201,0.029017,-0.038557,-0.000554,0.039909,-0.009398,-0.010390,-0.026820
0.029010,0.051266,0.023332,0.018818,0.013973,0.051811,0.032369,0.010677,0.007831,0.003375,0.023641,-0.022370,0.007906,0.033325,-0.009112,-0.002516,-0.020822
0.012060,0.035071,0.014438,0.001944,0.006348,0.065275,0.024668,0.005685,0.003030,-0.004641,0.015132,0.003094,0.010825,0.023550,-0.005546,0.005720,-0.013142
-0.005168,0.021775,-0.008428,-0.014941,0.003263,0.037356,0.014468,0.000753,-0.002709,-0.011232,0.009655,0.020203,0.013863,0.010302,-0.001622,0.018792,-0.006519
-0.017279,0.023791,-0.024752,-0.024840,0.001510,-0.003593,0.006841,0.002298,-0.007776,-0.016485,0.010112,0.025863,0.008623,-0.002495,0.006741,0.023574,-0.000394
-0.018856,0.021466,-0.023484,-0.025884,0.000026,-0.029065,0.003083,0.004629,-0.013225,-0.028987,-0.000624,0.021881,-0.005598,-0.010200,0.014403,0.026509,-0.000107
-0.017457,0.015559,-0.020327,-0.025211,-0.004050,-0.042567,0.000879,-0.000310,-0.014223,-0.027234,-0.006025,0.012523,-0.016484,-0.011205,0.020719,0.034671,-0.007886
-0.004838,0.009611,-0.012194,-0.016322,-0.013513,-0.044553,-0.002981,-0.002484,-0.019376,-0.019943,-0.011577,-0.004858,-0.016905,-0.025662,0.044298,0.037801,-0.012722
0.013558,0.016317,0.000060,-0.005205,-0.016674,-0.024332,-0.005260,-0.001764,-0.017411,-0.011327,-0.010822,-0.023640,-0.013467,-0.030253,0.069065,0.034904,-0.022950
0.029085,0.016235,0.016457,0.006418,-0.017284,0.005606,-0.006190,0.004404,-0.021570,-0.001431,-0.008565,-0.038620,-0.007754,-0.040583,0.083950,0.034303,-0.022926
0.040686,0.019280,0.022846,0.018550,-0.015445,0.034928,-0.009853,0.008793,-0.026449,-0.006451,-0.008760,-0.045324,0.001458,-0.051051,0.090656,0.033189,-0.018558
0.039440,0.017958,0.022349,0.012986,-0.017250,0.066713,-0.015781,0.014998,-0.027848,-0.010540,-0.005919,-0.035506,0.005134,-0.055472,0.091238,0.029979,-0.013012
0.033612,0.005225,0.009126,0.010382,-0.017419,0.067926,-0.019643,0.014482,-0.026353,-0.011988,-0.004358,-0.024117,0.007290,-0.054163,0.081607,0.027084,-0.008353
0.013528,-0.002364,-0.012429,0.002456,-0.014468,0.050347,-0.020321,0.014364,-0.016238,-0.015788,-0.005261,-0.011302,0.009474,-0.043958,0.062351,0.020187,-0.003571
-0.006088,-0.013234,-0.022973,-0.001990,-0.013347,0.027753,-0.019589,0.007859,-0.004556,-0.017410,-0.009860,-0.005792,0.008122,-0.028463,0.028303,0.010204,0.004365
-0.022765,-0.021965,-0.026461,-0.007620,-0.011870,0.002684,-0.017856,0.000592,-0.000015,-0.021292,-0.015165,-0.001548,0.008812,-0.020230,-0.000018,0.008836,0.004272
-0.028101,-0.022631,-0.023689,-0.012451,-0.013875,-0.014341,-0.014070,-0.000465,0.005267,-0.020278,-0.016687,-0.009974,0.001304,-0.016377,-0.014842,0.010776,0.004967
-0.025749,-0.023082,-0.015272,-0.010693,-0.014571,-0.025906,-0.009926,-0.001406,0.008781,-0.018902,-0.006890,-0.018957,-0.005860,-0.019110,-0.018564,0.012645,0.005156
-0.020573,-0.012573,-0.004277,-0.005503,-0.013809,-0.028325,-0.004912,-0.003532,0.009896,-0.014319,0.002037,-0.025345,-0.004472,-0.019989,-0.022581,0.011911,0.006447
-0.012056,-0.001580,0.001657,0.000531,-0.012105,-0.027933,-0.001669,-0.008751,0.007525,-0.010471,0.003038,-0.024504,-0.002684,-0.025248,-0.028061,0.011068,0.007222
-0.002274,0.009716,-0.000797,0.000710,-0.013417,-0.006247,-0.002047,-0.008963,0.003969,-0.006432,0.007036,-0.021843,-0.002621,-0.029086,-0.028217,0.000368,0.004076
0.004614,0.009256,0.003086,0.012555,-0.012665,0.009012,-0.006398,0.002192,0.000461,-0.003653,0.012339,-0.013324,-0.003641,-0.029890,-0.023990,-0.019824,0.002662
-0.000288,0.001858,0.009776,0.023908,-0.010023,0.017928,-0.011194,0.013102,0.003074,-0.000856,0.014503,-0.006201,0.000417,-0.024399,-0.019792,-0.037803,0.000261
-0.004222,-0.009065,0.014034,0.034847,-0.009991,0.013510,-0.015014,0.017215,0.006241,0.004758,0.011178,-0.001719,0.007654,-0.013776,-0.021176,-0.049182,-0.000325
-0.002384,-0.011629,0.017763,0.040018,-0.009538,0.004607,-0.018145,0.018771,0.010454,0.009064,0.002049,-0.001390,0.017191,-0.007983,-0.010104,-0.052707,-0.001666
-0.000912,-0.007241,0.019529,0.042742,-0.006864,0.000691,-0.021122,0.015694,0.012902,0.013842,-0.008546,-0.009608,0.010156,-0.001476,-0.004961,-0.043753,0.000991
-0.008733,-0.009946,0.019964,0.044063,-0.006637,-0.017662,-0.024642,0.012379,0.015394,0.016124,-0.010685,-0.016501,-0.003981,0.002083,0.002814,-0.026217,0.003247
-0.015038,-0.009326,0.018630,0.038756,-0.006708,-0.035879,-0.025488,0.005490,0.016518,0.019592,-0.010218,-0.021227,-0.011606,0.003421,0.008416,-0.002091,0.005101
-0.015793,-0.007275,0.023918,0.027301,-0.005559,-0.051984,-0.021932,-0.005638,0.016384,0.018698,-0.010651,-0.021118,-0.018111,0.003027,0.012951,0.023322,0.007445
-0.013510,0.003117,0.024079,0.011547,-0.006252,-0.072150,-0.017213,-0.015439,0.014968,0.010486,-0.011067,-0.024065,-0.019757,0.000281,0.014358,0.035124,0.006636
-0.011988,0.010331,0.015472,-0.007776,-0.006678,-0.075927,-0.014846,-0.008011,0.011644,0.001350,-0.008265,-0.014374,-0.025862,-0.002413,0.012048,0.028618,0.005420
-0.010834,0.003963,0.013630,-0.025858,-0.008036,-0.074521,-0.017651,0.000554,0.007286,-0.005879,-0.008648,-0.005468,-0.024943,-0.002754,0.009890,0.017603,0.001899
-0.007829,-0.004806,0.010709,-0.037105,-0.013306,-0.074559,-0.018852,0.008626,-0.001201,-0.009133,-0.008259,0.006441,-0.024691,-0.002202,0.007949,0.006476,-0.001672
0.005840,-0.003840,0.015658,-0.030174,-0.014091,-0.071160,-0.017000,0.016233,-0.006669,-0.009673,-0.007641,0.013423,-0.020138,-0.005262,0.007932,0.004833,-0.007330
0.019945,-0.004075,0.018490,-0.007710,-0.015224,-0.065447,-0.015335,0.016753,-0.017088,-0.010539,-0.006349,0.018608,-0.016769,-0.006824,-0.000313,0.007068,-0.009596
0.022672,-0.010803,0.015180,0.016614,-0.017181,-0.058845,-0.012039,0.014584,-0.023108,-0.015663,-0.013575,0.029815,-0.018131,-0.008030,-0.006531,0.012337,-0.011415
0.012324,-0.021918,0.010516,0.035303,-0.017270,-0.030531,-0.008943,0.011190,-0.023018,-0.017271,-0.017716,0.036991,-0.015803,-0.014663,-0.002399,0.020136,-0.012637
-0.001577,-0.030055,0.009169,0.048271,-0.014608,0.000210,-0.005502,0.004102,-0.020246,-0.015382,-0.015601,0.043281,-0.013437,-0.020182,0.014044,0.025515,-0.012398
-0.013828,-0.027368,0.004828,0.058901,-0.010977,0.013044,-0.001679,-0.004315,-0.015341,-0.013538,-0.010340,0.045590,-0.004092,-0.024669,0.027136,0.025217,-0.010349
-0.010724,-0.020988,-0.003544,0.053997,-0.007995,0.018181,0.003215,-0.007818,-0.013414,-0.006603,-0.002454,0.049153,0.006471,-0.028309,0.031974,0.018141,-0.013702
-0.008647,-0.026972,-0.012846,0.023888,-0.010573,0.017034,0.000211,-0.017087,-0.008813,0.000103,-0.000484,0.047641,0.016783,-0.024429,0.024689,0.007439,-0.018812
-0.005795,-0.034744,-0.018870,-0.010079,-0.018649,0.012036,-0.003677,-0.023569,-0.008678,0.007039,0.000796,0.042957,0.019924,-0.018496,0.017441,-0.005053,-0.023337
-0.000831,-0.046520,-0.023572,-0.029611,-0.023452,0.005626,-0.011863,-0.026985,-0.007753,0.013711,0.002168,0.028435,0.017050,-0.022388,0.009935,-0.007302,-0.027514
0.010342,-0.054201,-0.011373,-0.027623,-0.030599,-0.012497,-0.014224,-0.023998,-0.011939,0.016714,0.006464,0.010189,0.012276,-0.023220,0.001544,-0.006843,-0.027715
0.017472,-0.054888,-0.008446,-0.018891,-0.036689,-0.031374,-0.016593,-0.024632,-0.012884,0.010580,0.004295,-0.004083,0.007861,-0.023980,-0.008520,-0.003522,-0.024050
0.017599,-0.057407,-0.001888,-0.008956,-0.040996,-0.021802,-0.022232,-0.021941,-0.008794,-0.006210,0.003195,-0.015336,0.004590,-0.029360,-0.009610,0.006449,-0.018575
0.010018,-0.053738,-0.005971,0.003219,-0.039875,-0.009897,-0.025937,-0.018037,-0.002645,-0.018611,0.007551,-0.022294,0.000383,-0.030250,0.004098,0.014713,-0.012798
-0.000322,-0.043546,-0.011871,0.025361,-0.034956,0.002659,-0.026291,-0.019242,0.004243,-0.027858,0.011163,-0.018753,-0.001076,-0.031752,0.018596,0.018597,-0.004633
-0.009089,-0.028312,-0.016072,0.051978,-0.031860,-0.003123,-0.022367,-0.018854,0.002545,-0.035851,0.012602,-0.011640,0.002264,-0.030964,0.029474,0.016969,0.004773
-0.015471,-0.025451,-0.021434,0.066079,-0.031182,-0.006175,-0.019140,-0.025098,0.000888,-0.039020,0.006674,-0.001145,0.001673,-0.025032,0.026859,0.013112,0.011347
-0.013581,-0.021791,-0.021014,0.070939,-0.030112,-0.010564,-0.013667,-0.026662,-0.004192,-0.030774,0.000494,0.012705,-0.000094,-0.016688,0.020306,0.002304,0.013066
-0.015216,-0.020718,-0.025422,0.067131,-0.027795,-0.007901,-0.011343,-0.025537,-0.009413,-0.020971,0.002126,0.021663,-0.010635,-0.013585,0.015663,-0.005921,0.012366
-0.011210,-0.017781,-0.014933,0.054594,-0.024445,-0.006844,-0.002608,-0.017993,-0.013317,-0.004501,0.012654,0.025817,-0.021261,-0.008753,0.014814,-0.013311,0.010989
-0.011169,-0.017165,-0.008790,0.049303,-0.019742,-0.006602,0.003376,-0.016528,-0.014217,0.016703,0.020536,0.019560,-0.016361,-0.004866,0.013208,-0.010908,0.010821
-0.002086,-0.016818,-0.000939,0.037198,-0.018060,0.001928,0.004847,-0.014935,-0.020724,0.026818,0.024810,0.013844,-0.011584,-0.002747,0.009924,-0.004000,0.012126
0.012695,-0.012294,0.001227,0.021413,-0.013427,0.011899,0.004000,-0.010400,-0.025602,0.032723,0.032985,0.002254,-0.009183,0.005378,0.010073,0.000426,0.012783
0.026339,-0.004058,0.004820,0.004143,-0.009160,0.007378,-0.001969,-0.016812,-0.026208,0.026229,0.038502,-0.000336,-0.008944,0.010464,0.011948,0.003200,0.014758
0.026962,0.004067,0.014024,-0.012561,-0.004011,-0.001091,-0.010224,-0.020750,-0.028049,0.010874,0.029429,-0.001817,-0.005533,0.012651,0.012396,0.005087,0.019387
0.025327,0.002936,0.014727,-0.012896,-0.003346,-0.009896,-0.016469,-0.024140,-0.027386,-0.006141,0.011727,-0.002988,0.002102,0.016816,0.009417,0.007406,0.021217
0.026701,0.001075,0.017082,-0.016800,0.002565,-0.019039,-0.013084,-0.020951,-0.023547,-0.014330,-0.001636,-0.010078,0.009066,0.017784,0.000642,0.004885,0.020223
0.030433,0.004114,0.017662,-0.018272,0.003893,-0.024829,-0.007277,-0.015300,-0.018054,-0.023434,-0.008130,-0.016121,0.000138,0.015675,-0.007630,-0.001279,0.020682
0.024364,0.012612,0.018050,-0.024933,0.005876,-0.028688,-0.001735,-0.003115,-0.009771,-0.029733,0.002840,-0.019089,-0.017045,0.011658,-0.009035,-0.005372,0.018210
0.012172,0.009234,0.016724,-0.024701,0.005620,-0.027984,0.004108,0.001034,0.000248,-0.027664,0.013019,-0.031730,-0.019407,0.010599,-0.020648,-0.003316,0.013506
-0.000456,-0.008559,0.013295,-0.034454,-0.000492,-0.037867,0.009317,0.004735,0.009846,0.002462,0.005092,-0.061332,-0.000759,0.057180,-0.051016,-0.007899,0.008372
-0.009254,-0.021728,0.003340,-0.042876,-0.003922,-0.040020,0.012638,0.003650,0.024712,0.036890,0.000086,-0.081893,0.014151,0.097096,-0.072259,-0.016046,0.001577
-0.014540,-0.029595,-0.005358,-0.045065,-0.007704,-0.040414,0.010748,0.003519,0.035072,0.058261,-0.000684,-0.078908,0.004571,0.124687,-0.080917,-0.023601,-0.005273
-0.018800,-0.019232,-0.007325,-0.046761,-0.002516,-0.021580,0.006071,0.005445,0.032778,0.049936,0.000940,-0.055222,-0.012977,0.098291,-0.050652,0.006003,-0.010569
-0.016480,-0.005826,-0.012703,-0.033677,0.002462,-0.002656,0.003715,0.007875,0.025198,0.035178,-0.000815,-0.027886,-0.019056,0.063984,-0.019396,0.029752,-0.016140
-0.007203,0.015785,-0.013232,-0.022870,0.016161,0.016616,0.011670,0.010774,0.017453,0.018920,0.008508,-0.009763,-0.023350,0.025256,0.007304,0.034859,-0.020872
0.008690,0.040496,-0.006001,0.002727,0.027294,0.038040,0.019909,0.013837,0.011955,0.000088,0.016510,0.007799,-0.024790,-0.015888,0.028205,0.036759,-0.019823
0.018552,0.066890,0.006311,0.027779,0.038004,0.052502,0.028862,0.023457,0.003771,-0.024015,0.031682,0.024854,-0.036604,-0.059058,0.058692,0.030053,-0.015634
0.023819,0.087438,0.017203,0.040004,0.043801,0.062972,0.036013,0.025535,-0.006867,-0.058900,0.044676,0.034679,-0.042679,-0.100048,0.075328,0.026370,-0.008940
0.032501,0.090210,0.018706,0.030744,0.040684,0.046240,0.037564,0.024443,-0.010215,-0.063154,0.030674,0.016230,-0.027426,-0.079992,0.059904,0.011805,-0.001816
0.033258,0.081362,0.014200,0.012944,0.032939,0.023075,0.033914,0.015228,0.000981,-0.045601,0.010744,-0.007471,-0.002116,-0.043053,0.034253,-0.006061,0.004604
0.026170,0.048316,0.008399,0.000269,0.022081,0.007491,0.025885,0.008495,0.012959,-0.020440,-0.009690,-0.022706,0.005407,0.004372,-0.000582,-0.028880,0.003928
0.016109,0.021372,0.003582,0.003576,0.011995,0.001428,0.017525,-0.002339,0.014810,-0.015476,-0.018687,-0.016679,0.003250,0.013516,-0.006024,-0.016052,0.003088
0.008054,-0.010319,-0.004910,0.007148,0.005839,0.011108,0.010032,-0.010557,0.012013,-0.013302,-0.026562,-0.009383,0.001356,0.017748,-0.013900,0.001030,0.001966
0.005232,-0.035976,-0.012056,0.007317,0.006734,0.020598,0.002778,-0.017183,0.012087,-0.009781,-0.031652,-0.007000,0.000572,0.019057,-0.019178,0.004615,0.000273
-0.004116,-0.056323,-0.011980,0.015284,0.009132,0.030204,-0.004218,-0.016704,0.015330,-0.004056,-0.032356,-0.003531,0.003541,0.019083,-0.023048,0.013410,-0.000571
-0.012807,-0.067420,-0.005658,0.023948,0.012912,0.032832,-0.011149,-0.011815,0.018272,0.001511,-0.030663,-0.000860,0.003242,0.017029,-0.014383,0.000152,0.003753
-0.024390,-0.067305,-0.009542,0.020245,0.015410,0.032002,-0.013496,-0.002987,0.019630,-0.002125,-0.027949,0.002448,0.006199,0.014063,0.000984,-0.029888,0.008717
-0.024472,-0.053365,-0.018668,0.004644,0.015874,0.025633,-0.013761,0.005738,0.019013,-0.005053,-0.032183,-0.000880,0.007531,0.016941,0.014090,-0.053443,0.011211
-0.018110,-0.031853,-0.021474,-0.011641,0.017894,0.016445,-0.009202,0.017209,0.020366,0.004434,-0.034708,-0.006377,0.018242,0.020751,0.022752,-0.054121,0.016123
-0.015798,-0.013150,-0.023140,-0.017979,0.017423,0.003356,-0.004180,0.026658,0.020308,0.016099,-0.032907,-0.015237,0.019416,0.022368,0.026522,-0.050145,0.020596
-0.012048,0.003073,-0.020193,-0.010002,0.017020,-0.012835,-0.006987,0.025631,0.022807,0.025000,-0.026337,-0.012558,0.016934,0.021531,0.026776,-0.044656,0.024494
-0.006456,0.013567,-0.019756,-0.001427,0.018437,-0.009598,-0.008836,0.019948,0.025219,0.030665,-0.014620,-0.009531,0.011547,0.022012,0.020039,-0.044629,0.025971
0.001759,0.019272,-0.012640,0.000137,0.021938,0.005143,-0.012519,0.012448,0.030055,0.041919,-0.001822,-0.007630,0.001691,0.019674,0.010872,-0.038230,0.026496
-0.000518,0.017046,-0.006152,-0.000965,0.024053,0.017278,-0.014216,0.011304,0.032283,0.047810,0.013409,-0.006528,-0.007541,0.015954,-0.003793,-0.019709,0.025654
-0.003350,0.009515,0.001929,-0.004070,0.024919,0.022733,-0.018154,0.008865,0.035023,0.040551,0.025217,-0.006770,-0.015710,0.010112,-0.013906,-0.004508,0.024695
-0.012857,0.001779,-0.002122,-0.016208,0.022939,0.019328,-0.018681,0.006166,0.039474,0.029130,0.033452,-0.006365,-0.020136,0.002789,-0.016228,-0.015690,0.022741
-0.021633,-0.003894,-0.005338,-0.033634,0.019429,0.008507,-0.013501,0.005242,0.039836,0.018386,0.033007,-0.007354,-0.018571,0.003100,-0.018001,-0.021825,0.016635
-0.024880,0.005882,0.001155,-0.050187,0.018150,-0.001654,-0.003121,0.007218,0.036888,0.012397,0.028386,-0.009073,-0.004750,0.007011,-0.021406,-0.027704,0.010446
-0.033658,0.014999,0.013070,-0.051313,0.014150,0.005946,0.009865,0.011511,0.029350,0.007492,0.014042,-0.013465,0.006464,0.011186,-0.019646,-0.014334,0.006786
-0.037773,0.021403,0.022423,-0.026378,0.012019,0.015530,0.015586,0.016698,0.024961,0.000670,0.004780,-0.012833,0.017074,0.018399,-0.011238,0.000529,0.005753
-0.036722,0.025731,0.024599,-0.000542,0.011037,0.016543,0.020248,0.017769,0.022416,-0.007754,-0.008640,-0.013098,0.026623,0.024564,-0.002445,0.009216,0.004350
-0.032020,0.018978,0.017540,-0.020473,0.016095,0.012536,0.021804,0.013330,0.018970,-0.005983,-0.018084,-0.010460,0.033003,0.029427,-0.000506,0.015981,0.005829
-0.030256,0.013585,0.007965,-0.035006,0.026495,0.007841,0.024559,0.007518,0.015746,-0.002666,-0.022292,0.008338,0.035126,0.049285,-0.033572,0.020574,0.012595
-0.026086,-0.000343,0.002125,-0.044865,0.035504,0.009082,0.024624,0.002927,0.015170,0.001867,-0.018837,0.021419,0.023070,0.066178,-0.059381,0.023427,0.015859
-0.022583,-0.022502,-0.005155,-0.056247,0.041316,0.001745,0.020625,0.004385,0.018388,0.004583,-0.013186,0.031285,0.000258,0.073641,-0.074049,0.021554,0.018400
-0.019405,-0.042243,-0.015714,-0.068996,0.041664,-0.015851,0.018463,0.004758,0.020247,0.006951,-0.004131,0.040626,-0.017441,0.073968,-0.082224,0.023151,0.018526
-0.013420,-0.040220,-0.026060,-0.077887,0.040164,-0.037304,0.011427,-0.000792,0.020923,0.008614,0.007820,0.045089,-0.026679,0.073823,-0.083370,0.002916,0.018335
-0.013938,-0.036061,-0.025785,-0.078450,0.032690,-0.039735,0.004533,-0.008930,0.016141,0.009698,0.012018,0.044672,-0.028390,0.069700,-0.074624,-0.003209,0.016436
-0.005429,-0.024037,-0.022911,-0.046331,0.025043,-0.030334,-0.000201,-0.005571,0.010831,0.007615,0.016429,0.039374,-0.028472,0.062202,-0.052743,-0.009305,0.014340
0.007117,0.002716,-0.012795,-0.004035,0.015249,-0.013742,-0.003102,-0.001166,0.007449,0.009532,0.014600,0.025540,-0.026467,0.047301,-0.027355,-0.011302,0.009930
0.017020,0.009530,-0.012419,0.001691,0.013104,0.003592,-0.004210,0.001914,0.002578,0.009805,0.008973,0.006666,-0.017463,0.025029,0.000509,-0.011960,0.005249
0.021519,0.016935,-0.011827,0.008003,0.017391,0.014293,-0.001668,0.004101,0.001713,0.007538,0.007549,0.001736,-0.004391,0.018312,-0.004249,-0.009921,0.005111
0.018387,0.017300,-0.003722,0.001535,0.025699,0.021783,0.000678,0.004180,0.005491,0.011892,0.010060,-0.009696,0.007163,0.015188,-0.011360,-0.007078,0.006223
0.010906,0.008545,-0.005620,-0.003313,0.033104,0.024106,0.002637,0.011104,0.009834,0.011088,0.009732,-0.021202,0.006944,0.010453,-0.025412,-0.009980,0.006992
0.000407,-0.002038,-0.007485,-0.011335,0.034943,0.025533,0.004277,0.014945,0.014747,0.012129,0.007322,-0.025928,0.012543,0.003441,-0.028366,-0.012676,0.006636
-0.013472,-0.032212,-0.019169,-0.017893,0.033068,0.021466,0.003843,0.013894,0.018395,0.008209,0.005282,-0.027250,0.011271,-0.000769,-0.026406,-0.021937,0.001844
-0.028376,-0.056514,-0.028088,-0.009305,0.026079,0.017201,0.001534,0.004730,0.017662,0.003257,0.004608,-0.024773,0.013422,-0.001997,-0.021532,-0.027892,-0.002332
-0.034100,-0.069028,-0.022873,0.007115,0.020483,0.002106,-0.001669,0.000267,0.014740,-0.002889,-0.000367,-0.019462,0.008866,0.001728,-0.013228,-0.023225,0.000058
-0.031682,-0.060987,-0.008607,0.021215,0.014052,0.001705,-0.003947,-0.004411,0.012248,-0.003078,-0.005727,-0.010454,0.004217,0.004986,-0.008820,-0.018454,0.001203
-0.013876,-0.040596,0.005221,0.029620,0.012326,0.001933,0.000668,-0.005968,0.010180,-0.003484,-0.006487,-0.000778,-0.003872,0.006686,-0.003120,-0.010676,-0.002912
0.003971,-0.017248,0.018612,0.040757,0.011893,0.011268,0.004762,0.001008,0.008720,-0.003137,-0.001369,0.011609,-0.012061,0.007530,0.001552,-0.007798,-0.005754
0.014384,0.001905,0.036400,0.036342,0.013778,0.023696,0.006927,0.007334,0.012472,-0.002188,0.008089,0.017640,-0.013808,0.008991,0.002314,0.000453,-0.004952
0.017721,0.022001,0.039252,0.031491,0.017187,0.033901,0.008333,0.013730,0.014542,-0.002668,0.010457,0.019360,-0.013843,0.009736,-0.008202,0.002581,-0.000922
0.019978,0.041737,0.038325,0.023748,0.021106,0.059610,0.010896,0.010962,0.016489,-0.000278,0.008485,0.017573,-0.004430,0.009100,-0.008882,0.002536,0.003328
0.016772,0.030503,0.026838,0.014004,0.020942,0.079104,0.013432,0.009205,0.017232,0.004884,0.003824,0.013353,0.001956,0.006570,-0.008935,-0.010871,0.001331
0.010502,0.007654,0.012618,0.010770,0.017849,0.090960,0.013173,0.005899,0.016515,0.006606,0.004405,0.013246,0.015041,0.003974,-0.010393,-0.023130,-0.005933
-0.010055,-0.013127,0.006387,0.013435,0.016232,0.096056,0.015698,0.001645,0.016302,0.007806,0.005441,0.014481,0.026111,0.004933,-0.010293,-0.025098,-0.009302
-0.038448,-0.039868,0.003030,0.006059,0.013549,0.095437,0.015258,-0.003276,0.016764,0.008484,0.005279,0.012931,0.035342,0.006083,-0.016320,-0.022878,-0.010181
-0.049168,-0.048078,-0.000681,-0.011461,0.005433,0.075641,0.012448,-0.007661,0.017152,0.009752,0.008381,0.005548,0.043962,0.006915,-0.023067,-0.020080,-0.010354
-0.057354,-0.036409,0.005012,-0.026305,-0.001404,0.043459,0.008331,-0.007089,0.016220,0.009461,0.007202,-0.005108,0.045710,0.008049,-0.030474,-0.028769,-0.008616
-0.055915,-0.022817,0.016501,-0.032918,-0.007924,0.014972,0.001433,-0.000385,0.018095,0.010595,0.010130,-0.012331,0.045424,0.009602,-0.040216,-0.032412,-0.002763
-0.055369,-0.019817,0.028831,-0.032683,-0.004894,-0.014269,-0.006505,0.010476,0.024957,0.013513,0.006942,-0.022796,0.044756,0.010836,-0.056690,-0.031456,0.010785
-0.048543,-0.011517,0.037152,-0.028059,0.000106,-0.013787,-0.011571,0.012568,0.028519,0.013665,-0.001124,-0.030470,0.039051,0.013304,-0.063620,-0.025900,0.024514
-0.036859,-0.010361,0.036124,-0.017680,0.002636,-0.005296,-0.017132,0.014580,0.033234,0.019264,-0.005662,-0.035980,0.021630,0.013391,-0.060271,-0.030571,0.035874
-0.018931,-0.012895,0.034677,-0.007295,0.005095,-0.007095,-0.021324,0.015200,0.033434,0.020044,-0.004294,-0.033280,0.007785,0.010257,-0.052455,-0.031716,0.039434
-0.006159,-0.013533,0.026884,0.004909,0.011386,0.004320,-0.017841,0.015043,0.031535,0.018441,0.009158,-0.017567,-0.000913,0.006366,-0.038647,-0.028999,0.036061
-0.001994,-0.014377,0.021315,0.009569,0.016848,0.013698,-0.012652,0.015428,0.029818,0.018814,0.021414,-0.003653,-0.002798,0.001511,-0.020945,-0.019245,0.028093
0.008562,-0.016693,0.007814,0.020196,0.014958,0.028750,-0.011067,0.017164,0.025122,0.019213,0.034281,0.007202,0.001478,-0.001680,-0.005418,-0.011179,0.017797
0.018508,-0.008365,0.002359,0.025577,0.011226,0.036794,-0.010002,0.016972,0.021583,0.014389,0.039770,0.012817,0.003514,-0.007047,0.009805,-0.010008,0.006780
0.024856,0.003725,0.000478,0.035989,0.006685,0.044510,-0.009505,0.019101,0.017733,0.011372,0.041145,0.017029,0.004985,-0.015695,0.023586,-0.018716,-0.002255
0.023332,0.003721,-0.002383,0.042332,0.008157,0.052311,-0.005216,0.025389,0.017865,0.002127,0.043528,0.013802,0.009669,-0.029584,0.054601,-0.027080,-0.008119
0.014124,0.003771,-0.006463,0.044663,0.008935,0.080920,0.001030,0.032488,0.015092,-0.004819,0.044080,-0.012048,0.007909,-0.045906,0.085734,-0.027117,-0.017606
0.004293,-0.001493,-0.014988,0.042502,0.008152,0.102938,0.005096,0.037951,0.013817,-0.009428,0.052877,-0.035366,0.009467,-0.059356,0.117100,-0.026622,-0.024146
-0.006727,-0.006244,-0.021895,0.035212,0.007506,0.103916,0.008316,0.038370,0.011710,-0.012342,0.054150,-0.056807,0.013589,-0.068576,0.133070,-0.020811,-0.027218
-0.014303,-0.010942,-0.026642,0.023192,0.010150,0.096138,0.009423,0.035738,0.008341,-0.014758,0.057838,-0.067508,0.014370,-0.069789,0.134202,-0.013941,-0.026288
-0.022179,-0.006341,-0.020875,0.007307,0.011438,0.083337,0.009092,0.030429,0.007597,-0.016107,0.055823,-0.071168,0.013281,-0.065174,0.135608,-0.003938,-0.022320
-0.022148,0.003407,-0.014552,0.009162,0.013267,0.067721,0.003916,0.029197,0.005915,-0.016382,0.051392,-0.070222,0.013514,-0.051329,0.121330,0.001584,-0.018740
-0.014201,0.008445,-0.006644,0.003276,0.016751,0.048921,-0.003250,0.023648,0.005918,-0.016478,0.039903,-0.057356,0.016033,-0.033206,0.094689,0.007239,-0.012926
-0.008729,0.011763,0.001916,0.001536,0.018892,0.024142,-0.010575,0.015039,0.006291,-0.013945,0.022137,-0.039086,0.016187,-0.012022,0.053793,0.002377,-0.005073
-0.003662,0.014309,0.005632,-0.000653,0.017348,0.000491,-0.013571,0.006572,0.005982,-0.014153,0.005745,-0.013028,0.014627,0.003599,0.039135,-0.005739,0.001702
0.000640,0.015440,0.010335,0.000559,0.013811,-0.003102,-0.012253,0.002533,0.004131,-0.012513,-0.006726,-0.011029,0.004318,0.006188,0.029408,-0.011650,0.002852
0.005849,0.015296,0.012149,0.007103,0.015886,-0.005560,-0.007982,0.002661,0.001152,-0.008209,-0.006759,-0.008856,0.002288,0.002859,0.031193,-0.008347,0.004529
0.009453,0.016518,0.015895,0.013340,0.017049,-0.009962,-0.003056,0.000881,-0.001926,-0.002017,-0.004986,-0.005341,0.002372,-0.001485,0.034341,-0.001261,0.005998
0.012018,0.015391,0.019667,0.018404,0.017995,-0.011244,-0.001513,0.003791,-0.005356,0.001765,-0.002856,-0.000892,-0.000207,-0.004534,0.032236,0.005988,0.006722
0.013004,0.012613,0.023881,0.013684,0.016324,-0.010033,0.001067,0.005636,-0.005687,0.001211,-0.000945,0.003516,-0.010090,-0.006359,0.028114,0.013859,0.005365
0.012575,0.013131,0.026824,0.010683,0.014420,-0.005605,0.001148,0.014378,-0.004352,0.000954,0.000316,0.005732,-0.018552,-0.007726,0.021368,0.014333,0.004037
0.006841,0.013396,0.023375,-0.002251,0.014676,-0.000364,0.002542,0.020364,-0.003242,0.002974,0.001655,0.010685,-0.017828,-0.007618,0.017655,0.015626,0.002370
0.001098,0.010250,0.013360,-0.014369,0.013469,-0.000671,0.003140,0.023628,-0.002175,0.003965,0.004710,0.012990,-0.015896,-0.004197,0.012927,0.014230,0.002045
-0.005741,0.004433,0.002096,-0.025560,0.009208,-0.002042,0.005641,0.024171,-0.001162,-0.002076,0.007278,0.011591,-0.013459,0.000270,0.010203,0.012360,0.000942
-0.004374,-0.001908,-0.004749,-0.031425,0.006077,0.004756,0.007279,0.023707,-0.000002,-0.006486,0.007508,0.003421,-0.012508,-0.000644,0.013014,0.007160,0.000999
-0.001566,-0.010633,-0.003600,-0.018083,0.007820,0.006049,0.009891,0.027125,0.001269,-0.006151,0.007755,-0.002224,-0.008872,-0.002640,0.017692,0.007064,0.004001
0.002580,-0.015408,-0.000235,-0.002200,0.009874,0.011507,0.011797,0.025201,0.003304,-0.002336,0.007499,-0.004833,-0.006157,-0.004281,0.025215,0.005715,0.006411
0.006192,-0.023147,0.002673,0.017721,0.011743,0.027119,0.008023,0.023157,0.004206,-0.004847,0.006653,-0.000525,-0.004298,-0.005640,0.028997,0.003013,0.007043
0.008414,-0.036017,0.005990,0.022669,0.010147,0.035511,0.003456,0.014167,0.004415,-0.004713,0.002352,0.002863,0.000728,-0.007039,0.020619,-0.000422,0.005245
0.009757,-0.041786,0.006785,0.024112,0.007759,0.029427,-0.001296,0.008931,0.004298,0.000978,-0.000759,-0.000736,0.003981,-0.009070,0.010446,-0.008936,0.001369
0.002870,-0.046837,0.004560,0.019670,0.008742,0.019983,-0.007397,0.008093,0.003829,0.010544,-0.001955,-0.005290,0.011494,-0.009878,0.007143,-0.013486,-0.002978
-0.005180,-0.036280,-0.004828,0.009989,0.008106,0.008455,-0.016737,0.005804,0.003557,0.019486,0.002418,-0.009753,0.017934,-0.008109,0.003041,-0.015680,-0.005183
-0.015721,-0.037113,-0.009680,-0.007452,0.002621,0.005921,-0.020889,0.004276,0.002822,0.014473,0.009484,-0.014792,0.027378,-0.005356,-0.008848,-0.014891,-0.017091
-0.017553,-0.029175,-0.016115,-0.023883,-0.000516,-0.004142,-0.021523,0.000323,0.004938,0.008296,0.015941,-0.013229,0.030442,-0.004123,-0.011082,-0.008398,-0.026100
-0.014608,-0.019292,-0.012539,-0.027273,-0.002513,-0.002368,-0.014824,0.001968,0.006489,0.000259,0.020857,-0.009220,0.029646,-0.002499,-0.006816,0.002712,-0.033699
-0.003153,0.000388,-0.012365,-0.023380,-0.001195,0.000597,-0.005663,0.003818,0.008053,-0.002147,0.009955,-0.011515,0.020101,0.000346,-0.002541,0.020425,-0.037036
0.007707,0.014618,-0.012019,-0.013790,0.007362,0.030250,0.001535,0.005468,0.009986,-0.007684,0.000036,-0.011482,0.009451,0.003265,-0.003997,0.034216,-0.037317
0.016828,0.015494,-0.003707,-0.008681,0.011585,0.055012,0.008792,0.000759,0.010543,-0.010726,-0.012358,-0.009853,0.007357,0.002072,-0.009470,0.037357,-0.028957
0.020303,0.013738,0.001070,0.005379,0.017771,0.063891,0.016627,-0.007957,0.009522,-0.014741,-0.021042,-0.016899,0.004001,-0.000629,-0.013715,0.031658,-0.019789
0.022378,-0.011092,0.005308,0.028579,0.025940,0.058514,0.019928,-0.015727,0.005284,-0.014616,-0.027603,-0.024969,-0.007864,-0.003273,0.006255,0.023102,-0.008418
0.019737,-0.018195,0.013181,0.045154,0.032246,0.047610,0.016224,-0.024515,0.000843,-0.011740,-0.029247,-0.036030,-0.019481,-0.007135,0.028624,0.016874,0.002035
0.012558,-0.038084,0.022378,0.049880,0.031742,0.042728,0.010336,-0.027412,-0.005056,-0.011574,-0.028419,-0.054742,-0.024065,-0.016220,0.042534,0.012798,0.006656
0.004713,-0.053068,0.028743,0.046205,0.028537,0.013836,0.011454,-0.029795,-0.008003,-0.010664,-0.021710,-0.058506,-0.024199,-0.022380,0.047716,0.009147,0.011751
-0.000615,-0.064199,0.033669,0.036849,0.023348,-0.002990,0.015773,-0.024954,-0.008656,-0.014514,-0.008153,-0.058871,-0.026107,-0.032809,0.055477,0.010653,0.011238
-0.001490,-0.070660,0.033364,0.024088,0.014815,-0.023283,0.019337,-0.021645,-0.007790,-0.013848,-0.006820,-0.057139,-0.033599,-0.037612,0.057968,0.015992,0.008573
-0.005269,-0.067350,0.027906,0.013175,0.014587,-0.022599,0.015377,-0.011822,-0.000871,-0.006999,-0.006758,-0.054952,-0.042151,-0.042089,0.050654,0.019716,0.004315
-0.012492,-0.057733,0.026421,0.001784,0.012808,-0.018976,0.006943,-0.005221,0.006713,0.001924,-0.006031,-0.044757,-0.042265,-0.043552,0.039543,0.011896,0.008052
-0.023292,-0.046932,0.037006,0.002202,0.015502,0.003877,0.000175,-0.000682,0.013543,0.008631,-0.003534,-0.033941,-0.036175,-0.041678,0.025128,0.002346,0.011388
-0.027568,-0.047955,0.040375,0.011173,0.017412,0.027324,-0.008029,-0.003615,0.012031,0.013644,0.005002,-0.017526,-0.034823,-0.034412,0.023527,0.003970,0.014781
-0.030051,-0.043028,0.037053,0.023748,0.017742,0.052500,-0.011815,-0.009217,0.009203,0.012773,0.010972,0.001261,-0.030204,-0.029944,0.023210,0.007109,0.016237
-0.037845,-0.034055,0.028768,0.033628,0.014883,0.063802,-0.016141,-0.013709,0.002833,0.012015,0.017629,0.008877,-0.023983,-0.033457,0.024365,0.012529,0.020294
-0.041412,-0.017052,0.020181,0.040514,0.011964,0.074904,-0.011461,-0.002781,-0.002484,0.005260,0.015458,0.014528,-0.012814,-0.033432,0.022978,0.013350,0.025244
-0.029117,0.005291,0.010226,0.031275,0.014543,0.072288,-0.001077,0.011806,-0.004387,-0.006458,0.019107,0.002837,-0.002230,-0.036181,0.022070,0.014687,0.027826
-0.015946,0.015283,0.008127,0.022107,0.014205,0.061407,0.009810,0.023741,-0.002859,-0.017627,0.013487,-0.007610,0.005309,-0.033873,0.013826,0.006140,0.026753
-0.007489,0.019427,0.003247,0.005613,0.015876,0.034917,0.014785,0.036285,0.001757,-0.021502,-0.001736,-0.016897,0.006790,-0.032719,0.004821,-0.005217,0.022294
-0.012769,0.023143,-0.005794,-0.010590,0.016209,-0.001193,0.014704,0.041766,0.005987,-0.017437,-0.015828,-0.014616,0.000325,-0.032100,-0.001434,-0.021701,0.019186
-0.016327,0.022466,-0.007310,-0.019045,0.013900,-0.022128,0.016342,0.041619,0.008784,-0.006373,-0.027750,-0.012285,-0.005170,-0.028955,-0.003952,-0.037174,0.014381
-0.009651,0.018735,-0.003311,-0.023819,0.011430,-0.030888,0.015718,0.032811,0.006281,0.005379,-0.028054,-0.012924,-0.012441,-0.021331,-0.004199,-0.037374,0.005470
-0.001503,0.019789,-0.009068,-0.016203,0.008733,-0.026436,0.017730,0.007872,0.001272,0.008157,-0.026784,-0.009064,-0.017295,-0.012986,0.000462,-0.035559,-0.000688
0.000365,0.025200,-0.015259,-0.005024,0.005626,-0.027617,0.017383,-0.018386,-0.005325,0.011614,-0.016263,-0.002359,-0.027360,-0.009002,0.008414,-0.036259,-0.007845
0.005488,0.033489,-0.024849,0.010893,0.007812,-0.018731,0.014676,-0.024723,-0.009219,0.010140,-0.008061,0.007531,-0.031576,0.001747,0.030422,-0.033794,-0.011438
0.020565,0.043712,-0.031787,0.014000,0.017302,-0.012571,0.015307,-0.027976,-0.010555,0.005120,0.006498,0.014316,-0.031488,0.010812,0.047716,-0.020926,-0.014042
0.037465,0.058746,-0.028663,0.019961,0.025779,0.005228,0.016814,-0.022341,-0.008470,-0.005274,0.012325,0.018982,-0.028894,0.016347,0.050754,-0.011856,-0.015440
0.050243,0.061733,-0.020354,0.013984,0.032518,0.014560,0.015831,-0.014123,-0.006881,-0.013941,0.009020,0.023659,-0.027170,0.020832,0.048947,-0.001487,-0.015159
0.047062,0.050195,-0.009110,0.007574,0.034620,0.013479,0.011454,-0.003619,-0.003651,-0.007235,0.004855,0.029425,-0.028775,0.019190,0.043369,0.005683,-0.011037
0.031658,0.034148,-0.002186,0.003970,0.030212,0.011263,0.008449,0.007641,-0.001988,0.001194,-0.002269,0.031849,-0.027210,0.016533,0.038231,0.012622,-0.004415
0.020892,0.013660,0.006294,0.005065,0.022771,0.007912,0.007323,0.020935,-0.000669,0.007941,-0.003361,0.022957,-0.024575,0.010167,0.028318,0.017769,-0.000130
0.008624,-0.014725,0.012461,0.009328,0.012949,0.004286,0.005995,0.019922,-0.000496,0.009605,-0.003563,0.011910,-0.016378,0.001398,0.018580,0.017926,0.006057
-0.000923,-0.032934,0.013600,0.012739,0.002338,-0.000560,0.003872,0.017124,-0.000531,0.009305,0.003002,-0.006847,-0.011133,-0.011624,0.014345,0.011255,0.009312
-0.007197,-0.046663,0.008149,0.006953,-0.002111,-0.015289,-0.003317,0.016701,0.000709,0.012988,0.013251,-0.018248,-0.000433,-0.017929,0.020736,-0.001306,0.012377
-0.015015,-0.054806,0.003549,-0.007518,-0.000306,-0.028493,-0.008722,0.014148,0.004518,0.015277,0.022395,-0.019357,0.009052,-0.021183,0.022929,-0.006657,0.013930
-0.021776,-0.056297,-0.001041,-0.023283,0.007201,-0.010071,-0.012730,0.015534,0.008322,0.014706,0.027333,-0.017458,0.024183,-0.019435,0.015150,-0.010524,0.014674
-0.022849,-0.049577,-0.004222,-0.038954,0.014000,0.010135,-0.011586,0.017787,0.009632,0.010772,0.029390,-0.010954,0.030540,-0.016022,0.005269,-0.008711,0.014194
-0.021797,-0.034228,-0.006467,-0.045522,0.017356,0.023701,-0.010438,0.018443,0.012024,0.017273,0.031953,-0.007768,0.036373,-0.010285,-0.004480,-0.006245,0.012457
-0.021351,-0.019079,-0.002898,-0.044235,0.024749,0.036723,-0.006295,0.018571,0.013074,0.018682,0.028011,-0.006160,0.043984,0.000372,-0.007123,-0.003201,0.010478
-0.017399,-0.000556,0.001295,-0.028830,0.030408,0.048975,-0.001466,0.017929,0.013505,0.017987,0.026117,-0.005468,0.043108,0.010956,-0.008535,-0.000186,0.006598
-0.010841,0.017209,0.008491,-0.011411,0.034041,0.051359,0.003039,0.015308,0.013206,0.015353,0.017230,-0.003505,0.042953,0.018237,-0.008687,0.014056,0.002808
-0.002934,0.031431,0.015602,0.011015,0.032735,0.040849,0.005636,0.014682,0.014564,0.009333,0.010467,-0.009061,0.036162,0.020394,0.000386,0.027808,-0.001031
0.004251,0.041350,0.021459,0.020055,0.027423,0.018956,0.003921,0.014929,0.013457,0.009175,0.005878,-0.006006,0.028342,0.019763,0.009408,0.037737,-0.004902
0.008688,0.045193,0.025924,0.011180,0.019992,-0.007167,0.002003,0.010444,0.012245,0.003429,0.001591,-0.002617,0.010768,0.016363,0.011268,0.042236,-0.008207
0.007928,0.034709,0.025994,-0.005493,0.009143,-0.013808,-0.004234,0.002304,0.008611,0.000558,-0.005142,0.001108,-0.001905,0.018030,0.008954,0.034895,-0.010827
0.001145,0.013201,0.016947,-0.020370,-0.001569,-0.009585,-0.006867,-0.002533,0.004734,-0.002360,-0.017777,0.007164,-0.014430,0.015555,0.005916,0.014930,-0.012580
-0.007012,-0.002674,0.002090,-0.026190,-0.012704,-0.014930,-0.009114,0.000111,0.001241,-0.003995,-0.026547,0.010709,-0.030653,0.013655,0.002009,-0.010624,-0.013475
-0.011355,-0.018386,-0.011900,-0.024400,-0.020716,-0.013128,-0.011594,0.001885,-0.000731,-0.011777,-0.033283,0.010633,-0.037693,0.012471,0.000825,-0.035525,-0.012506
-0.016182,-0.031134,-0.026434,-0.015229,-0.024757,-0.007165,-0.014601,0.002477,-0.002728,-0.016589,-0.032903,0.007019,-0.043155,0.011255,0.000118,-0.061058,-0.007472
-0.018835,-0.027718,-0.035877,0.000303,-0.023007,-0.000962,-0.013243,0.000719,-0.004610,-0.015535,-0.029869,0.003000,-0.041025,0.010081,-0.000086,-0.066951,-0.004600
-0.014609,-0.022238,-0.038450,0.019870,-0.018963,-0.001741,-0.011031,0.001250,-0.002514,-0.013626,-0.026317,-0.001230,-0.036839,0.007127,0.000377,-0.064512,-0.001149
-0.009465,-0.014756,-0.033232,0.029832,-0.013248,-0.002625,-0.006773,0.004490,0.000097,-0.013736,-0.027879,-0.003201,-0.028679,0.008049,-0.000935,-0.048753,-0.000374
-0.005496,-0.007852,-0.025386,0.028884,-0.006682,-0.005469,0.001891,0.002748,0.002292,-0.017393,-0.024609,-0.003897,-0.022734,0.007504,-0.010532,-0.029400,0.000344
0.000026,-0.009526,-0.013281,0.021749,-0.005154,-0.021312,0.008707,-0.004705,0.001252,-0.016336,-0.019673,-0.004721,-0.019116,0.009239,-0.017682,-0.000315,0.001768
0.006234,-0.015056,-0.007523,0.002457,-0.001364,-0.024661,0.014669,-0.019902,0.001631,-0.007157,-0.017973,-0.003176,-0.012126,0.010747,-0.022177,0.007302,0.001193
0.015696,-0.007117,-0.001999,-0.008977,0.003536,-0.030539,0.020409,-0.026897,0.001206,0.002524,-0.021550,0.003059,-0.011440,0.013908,-0.024727,0.008617,0.001471
0.026687,-0.000652,-0.000626,-0.014314,0.004387,-0.022181,0.020239,-0.028849,0.001566,0.006974,-0.022291,0.009135,-0.017459,0.015188,-0.029457,0.008477,-0.000481
0.030018,0.007148,-0.000160,-0.018105,0.006131,-0.023226,0.014885,-0.019166,0.000493,0.009927,-0.022743,0.014010,-0.020672,0.016299,-0.034868,0.010965,0.003245
0.032704,0.014896,0.000809,-0.016481,0.008121,-0.024066,0.008219,-0.010128,-0.001719,0.010977,-0.021388,0.016861,-0.022051,0.022341,-0.036456,0.011053,0.005667
0.039136,0.020500,0.006715,-0.012049,0.006766,-0.020796,-0.001805,-0.003443,-0.003322,0.012887,-0.016141,0.017707,-0.011230,0.029355,-0.041862,0.008411,0.010015
0.041224,0.024682,0.012489,-0.009986,0.004602,-0.013632,-0.011895,0.002212,-0.004450,0.011189,-0.016566,0.015802,-0.001361,0.034199,-0.044075,0.007714,0.010527
0.032982,0.030887,0.014655,-0.010296,0.001995,-0.014359,-0.016055,0.007464,-0.005169,0.004575,-0.012129,0.016332,0.000984,0.035858,-0.031789,0.007891,0.008260
0.020576,0.018606,0.012046,-0.003190,-0.001072,-0.038422,-0.017923,0.007945,-0.007578,-0.008229,-0.010482,0.014587,-0.002636,0.033646,-0.017638,0.019821,0.007132
0.012088,0.002720,0.011910,-0.012692,-0.005544,-0.057322,-0.015374,-0.005363,-0.008153,-0.017358,-0.010934,0.010565,-0.004694,0.031077,-0.002848,0.019891,0.005239
0.007815,-0.000481,0.008578,-0.015120,-0.008767,-0.067118,-0.004467,-0.019186,-0.008340,-0.020622,-0.014073,0.009884,-0.002161,0.024727,0.013437,0.017269,-0.002171
0.010881,-0.003362,0.007350,-0.015268,-0.010279,-0.058426,0.005927,-0.030254,-0.008169,-0.011178,-0.012266,0.008511,-0.005783,0.017644,0.022637,0.011957,-0.010158
0.018560,0.007154,0.007862,-0.014514,-0.009700,-0.050535,0.015421,-0.030005,-0.008041,-0.001292,-0.010216,0.013661,-0.007340,0.005973,0.025707,0.014212,-0.014915
0.025977,0.015793,0.005588,-0.015796,-0.007546,-0.027764,0.022155,-0.029350,-0.008290,0.006008,-0.009429,0.016694,-0.009725,-0.002561,0.022033,0.015255,-0.015943
0.028612,0.017812,0.011872,-0.015672,-0.009441,-0.003165,0.023053,-0.028448,-0.009157,0.011461,-0.004896,0.017611,-0.000405,-0.007451,0.012193,0.017101,-0.013305
0.028148,0.018131,0.013669,-0.008650,-0.010113,0.025992,0.021388,-0.025906,-0.008760,0.020137,0.009639,0.010069,0.011192,-0.017585,-0.001223,0.022002,-0.006715
0.022175,0.021102,0.011989,0.001644,-0.008110,0.044382,0.016876,-0.017107,-0.005529,0.022231,0.026491,0.003875,0.013637,-0.025777,-0.000101,0.028638,0.001924
0.013009,0.019701,0.004738,0.021684,-0.002437,0.050258,0.010146,-0.005281,-0.002618,0.016457,0.039382,-0.003988,0.015102,-0.031878,0.008483,0.032937,0.008959
-0.000525,0.012429,0.005008,0.033949,0.001034,0.050189,0.010673,0.004348,0.001993,0.005640,0.044369,-0.011307,0.009085,-0.035569,0.011221,0.032873,0.015970
-0.009473,0.005863,-0.002861,0.047137,0.004777,0.043338,0.021261,0.012597,0.003293,-0.004894,0.043859,-0.015972,0.004786,-0.037283,0.015681,0.032140,0.010292
-0.014708,-0.002838,-0.006000,0.049290,0.008030,0.029086,0.028459,0.018194,0.001280,-0.004206,0.039591,-0.018924,-0.000215,-0.029845,0.015329,0.021179,0.004140
-0.008497,0.001834,-0.008967,0.042037,0.007927,0.011907,0.026118,0.020634,-0.000291,-0.003421,0.027393,-0.013863,-0.002376,-0.020336,0.008722,0.013286,-0.002837
-0.001885,0.008435,-0.010315,0.030872,0.005517,0.007683,0.021707,0.018356,-0.000457,0.000659,0.012698,-0.007252,0.001128,-0.009935,-0.000923,0.000319,-0.006801
0.001597,0.004674,-0.007795,0.014536,0.001130,0.002340,0.019126,0.013147,-0.002271,0.006243,-0.000672,0.000911,0.004014,-0.000696,-0.003841,-0.015796,-0.011259
0.003895,0.001045,-0.000017,0.007971,-0.000934,-0.000572,0.016812,0.010513,-0.004116,0.013432,-0.004542,0.000200,0.005996,0.002596,-0.004990,-0.022701,-0.013868
0.006035,-0.014094,0.003496,-0.012136,-0.002822,-0.005373,0.010599,0.005794,-0.003664,0.013148,-0.007299,-0.002173,0.006113,0.003206,-0.007631,-0.024765,-0.012286
0.007089,-0.023917,0.006620,-0.012608,-0.001655,-0.007426,0.001302,0.005087,-0.002697,0.010604,-0.006886,-0.005696,0.011038,0.001665,-0.001531,-0.020027,-0.009498
0.005442,-0.026415,0.009400,-0.019595,0.000114,-0.008122,-0.002117,0.007798,0.001435,0.006297,-0.003993,-0.005436,0.010077,-0.003555,0.000951,-0.018659,-0.004787
0.006436,-0.023392,0.011960,-0.012877,0.003421,-0.009565,0.002990,0.004929,0.004614,-0.001984,-0.000863,0.002557,0.007254,-0.012025,0.012008,-0.017337,-0.000258
0.006848,-0.009970,0.004911,-0.014154,0.006646,-0.010103,0.008644,0.000663,0.004803,-0.007677,-0.006609,0.011665,0.003145,-0.016194,0.016658,-0.019500,0.004950
0.004203,0.003152,-0.005561,-0.021149,0.005597,-0.006662,0.009348,-0.004769,0.002787,-0.011540,-0.003384,0.024017,0.004356,-0.013411,0.015784,-0.013039,0.010433
0.000741,0.018083,-0.015402,-0.025152,-0.000207,-0.002482,0.006034,-0.013904,0.001409,-0.014951,-0.007041,0.033320,0.009810,-0.009313,0.013883,-0.006417,0.015192
-0.008000,0.026737,-0.025896,-0.024273,-0.005884,-0.019145,0.008144,-0.021724,-0.001281,-0.018901,-0.008972,0.032241,0.015151,-0.006401,0.013603,-0.007034,0.018690
-0.014849,0.035572,-0.026411,-0.013094,-0.006443,-0.030461,0.008535,-0.022679,-0.004581,-0.023735,-0.013972,0.023434,0.014873,-0.003285,0.010469,-0.007559,0.017704
-0.016236,0.042939,-0.022359,-0.022822,-0.006668,-0.020647,0.009131,-0.020451,-0.007466,-0.024997,-0.018649,0.011315,0.013934,0.000235,0.005861,-0.012670,0.014751
-0.013638,0.042299,-0.005702,-0.018084,-0.009102,-0.013089,0.008116,-0.015779,-0.009550,-0.020478,-0.018227,-0.002399,0.011217,0.003352,0.000828,-0.018365,0.010571
-0.011510,0.037067,0.006451,-0.014965,-0.010251,-0.005471,0.005707,-0.008505,-0.010683,-0.009934,-0.010391,-0.011449,-0.001925,0.002325,-0.005152,-0.021454,0.004853
-0.013241,0.027600,0.018751,-0.005742,-0.009105,-0.000723,0.004809,-0.005400,-0.012180,-0.008828,-0.001004,-0.013263,-0.013960,0.000489,-0.006926,-0.030271,0.002206
-0.011895,0.022233,0.018779,-0.013005,-0.006171,0.002183,0.003829,-0.002705,-0.012247,-0.009796,-0.003337,-0.011364,-0.038047,-0.007428,-0.013738,-0.033519,-0.001502
-0.014295,0.014994,0.016385,-0.021784,-0.006474,0.010306,0.004716,-0.000202,-0.012329,-0.008768,0.002566,-0.007624,-0.044650,-0.008398,-0.017353,-0.025072,-0.003984
-0.017225,0.005917,0.013808,-0.025085,-0.008477,0.022790,0.005221,-0.001488,-0.013922,-0.004793,0.002923,0.006502,-0.046560,-0.008565,-0.016977,-0.010331,-0.006591
-0.021125,-0.003341,0.009035,-0.021109,-0.009649,0.015296,0.001926,-0.001168,-0.014725,-0.000401,-0.000500,0.008686,-0.042286,-0.007351,-0.013366,0.005060,-0.007587
-0.018358,-0.002802,0.002288,-0.008299,-0.005578,-0.002043,-0.005158,-0.000968,-0.016064,-0.003735,-0.007200,0.007986,-0.037319,-0.004742,-0.011649,0.021100,-0.010907
-0.010590,0.011390,-0.001180,-0.003986,0.001709,-0.001650,-0.010901,-0.002163,-0.014249,-0.009875,-0.013191,0.006049,-0.031070,-0.001644,0.002038,0.036458,-0.013137
0.001641,0.015299,0.004444,0.004547,0.004244,-0.000700,-0.013623,-0.002992,-0.011044,-0.011853,-0.015662,0.007829,-0.021455,0.000709,0.013616,0.041559,-0.014367
0.010208,0.007905,0.010615,0.009866,0.008432,0.010827,-0.016072,-0.002821,-0.006382,-0.006811,-0.011711,0.010917,-0.018927,0.000341,0.023436,0.043551,-0.013752
0.006141,-0.004845,0.008784,0.006094,0.011554,0.020045,-0.015782,-0.002726,-0.006130,-0.004672,-0.005754,0.012607,-0.010957,0.005571,0.027313,0.032102,-0.010538
-0.000471,-0.020557,0.000659,-0.011507,0.013987,0.021509,-0.011314,-0.005218,-0.005642,-0.005497,-0.001578,0.013428,-0.014350,0.004840,0.025897,0.019456,-0.008089
-0.010966,-0.030313,-0.019292,-0.027177,0.006290,0.000625,-0.005593,-0.008010,-0.004063,-0.004435,-0.000463,0.010910,-0.011380,0.008825,0.021023,0.011111,-0.006253
-0.023792,-0.039248,-0.034306,-0.037593,-0.001429,-0.019906,0.003903,-0.012906,-0.003949,-0.002447,0.006973,0.015248,-0.007279,0.011836,0.006822,0.004496,-0.004257
-0.025588,-0.043925,-0.030891,-0.046893,-0.003633,-0.030751,0.007757,-0.015088,-0.002342,0.002480,0.009238,0.005526,0.010684,0.014665,-0.008606,-0.005882,-0.001220
-0.020227,-0.033565,-0.026598,-0.052666,-0.004269,-0.033920,0.009136,-0.015205,-0.000410,0.002965,0.011075,-0.008899,0.025598,0.016576,-0.022223,-0.013692,0.000132
-0.015608,-0.017859,-0.017635,-0.051674,-0.002094,-0.035828,0.009391,-0.011977,0.003145,0.000752,0.011731,-0.021662,0.033547,0.013395,-0.023783,-0.012025,0.000929
-0.010175,-0.010514,-0.007807,-0.035277,-0.003955,-0.042202,0.009530,-0.005330,0.006401,0.002869,0.008479,-0.023251,0.035845,0.006705,-0.010239,-0.003557,0.001687
-0.003120,-0.007760,0.009786,-0.018262,-0.003132,-0.033140,0.005993,0.004098,0.009725,0.008832,0.005285,-0.023050,0.033239,-0.001844,-0.006980,0.005437,0.003111
-0.001970,-0.009601,0.018449,-0.010432,-0.001467,-0.016846,-0.000559,0.014326,0.009731,0.012900,0.004723,-0.025679,0.029494,-0.010045,-0.003334,0.014851,0.005325
0.006176,-0.013774,0.026265,-0.004272,0.000951,0.003695,-0.005084,0.020282,0.004298,0.014675,0.003119,-0.024826,0.023964,-0.017476,0.001412,0.019393,0.009125
0.008778,-0.000040,0.014414,-0.005139,-0.005967,0.005353,-0.011637,0.025687,-0.001275,0.015618,-0.000315,-0.018426,0.014886,-0.019668,0.011384,0.022159,0.011750
0.002584,0.026156,-0.000492,-0.003423,-0.012727,0.001126,-0.016393,0.029674,-0.005016,0.015341,-0.001256,-0.012356,0.002401,-0.019241,0.012854,0.022031,0.015664
0.002151,0.038741,-0.002710,0.013232,-0.009758,0.010990,-0.020546,0.033002,-0.004907,0.012627,-0.006014,-0.012799,0.002423,-0.015589,0.007352,0.013404,0.017589
0.003688,0.047737,-0.006805,0.019736,-0.006002,0.026674,-0.022990,0.028549,-0.003248,0.010627,-0.010312,-0.017699,0.000103,-0.009625,0.002554,0.009063,0.017535
0.000557,0.052528,-0.007419,0.021247,0.000021,0.031953,-0.025749,0.027938,-0.001436,0.005230,-0.010388,-0.021103,-0.001844,-0.005749,-0.004871,0.001043,0.014113
-0.002308,0.051508,-0.013530,0.019057,0.001366,0.025263,-0.024746,0.023925,-0.000039,0.003645,-0.006151,-0.016239,-0.004069,0.007292,0.005034,-0.003907,0.007508
-0.006710,0.052352,-0.009479,0.019898,0.005760,0.020302,-0.021152,0.019903,0.001847,0.008494,-0.000930,-0.005683,-0.004871,0.017834,-0.001075,-0.009121,0.004207
-0.006351,0.044896,-0.010310,0.019979,0.007002,0.013912,-0.017771,0.015754,0.003296,0.012668,0.005763,0.002500,-0.004151,0.024393,-0.010013,-0.006545,-0.000779
0.002256,0.025956,-0.005740,0.018656,0.007512,0.011620,-0.008823,0.008450,0.000169,0.015099,0.015894,0.010191,-0.003070,0.026920,-0.020519,-0.017985,-0.003831
0.017137,0.015958,-0.008374,0.003036,0.004875,0.007908,-0.003024,0.001342,-0.003127,0.010089,0.025000,0.011000,-0.008600,0.027280,-0.023671,-0.025632,-0.007389
0.017190,0.018121,-0.009251,-0.014696,0.001752,0.002354,0.003063,-0.003658,-0.002690,0.004650,0.028164,0.007512,-0.012091,0.027016,-0.025445,-0.028209,-0.007493
0.011321,-0.002350,-0.009513,-0.004527,0.001211,0.012138,0.006501,-0.003952,0.000144,0.003123,0.023503,0.010899,-0.013260,0.023578,-0.028811,-0.029698,-0.006135
0.006177,-0.019722,-0.006008,0.012765,-0.002882,0.021839,0.011960,-0.012427,0.001229,0.004984,0.012339,0.014384,-0.013487,0.016861,-0.030765,-0.025383,-0.002455
-0.000566,-0.029735,-0.001662,0.026433,-0.005098,0.016912,0.011541,-0.015906,0.002205,0.004602,-0.002898,0.011791,-0.012682,0.006987,-0.030733,-0.017253,-0.000212
-0.001888,-0.025003,-0.002979,0.032293,-0.008504,0.007032,0.009640,-0.019327,-0.000585,-0.000148,-0.009563,0.011177,-0.010825,0.007874,-0.021641,-0.008794,0.001232
-0.004920,-0.007611,0.002116,0.032912,-0.008057,-0.010542,0.006566,-0.019765,-0.004111,-0.001414,-0.012490,0.012721,-0.007157,0.010385,-0.013556,0.002442,0.003902
-0.002845,0.007860,0.003463,0.030961,-0.008839,-0.027477,0.004771,-0.013837,-0.007812,-0.001355,-0.011020,0.015466,-0.008054,0.010625,-0.008394,0.016389,0.005284
-0.001407,0.024379,0.005238,0.009545,-0.008708,-0.043310,0.006597,-0.008223,-0.011095,0.004980,-0.010399,0.007608,-0.006236,0.010960,-0.010449,0.016045,0.005589
0.007528,0.039296,0.002476,-0.014855,-0.010618,-0.052219,0.004113,-0.003414,-0.014898,0.004722,-0.011262,-0.005903,-0.009141,0.011430,-0.010325,0.003059,0.002654
0.016193,0.064344,-0.002021,-0.044411,-0.015303,-0.056045,0.001245,-0.007693,-0.014754,-0.002585,-0.014889,-0.015845,-0.007900,0.012630,-0.010271,-0.007704,-0.005081
0.021886,0.073742,-0.002227,-0.063662,-0.017005,-0.054417,-0.003093,-0.009276,-0.012666,-0.006081,-0.017559,-0.015854,-0.005759,0.012389,-0.006557,-0.010681,-0.011885
0.029084,0.072713,0.002670,-0.070568,-0.017121,-0.056798,-0.004872,-0.014453,-0.009627,-0.007775,-0.015619,-0.007021,-0.001806,0.010736,-0.002272,-0.013665,-0.016561
0.032904,0.066515,0.016341,-0.067041,-0.012196,-0.056201,-0.000468,-0.019516,-0.005313,-0.007879,-0.014328,-0.001721,0.004665,0.011097,-0.000054,-0.011472,-0.020302
0.036011,0.060816,0.026690,-0.051959,-0.006670,-0.039131,0.003950,-0.026637,-0.005490,-0.012136,-0.009283,0.005011,0.003943,0.013397,-0.001308,-0.010922,-0.021269
0.035795,0.045583,0.019128,-0.033492,-0.003892,-0.027218,0.010966,-0.031170,-0.006783,-0.015690,-0.006717,0.011963,0.011156,0.017550,-0.008712,-0.005350,-0.022844
0.028082,0.018320,0.010402,-0.005348,-0.003548,-0.011621,0.018579,-0.026744,-0.009191,-0.018727,0.000530,0.018014,0.010591,0.022552,-0.017805,0.004675,-0.022019
0.013268,-0.006744,0.001705,0.006555,-0.005444,-0.003790,0.022430,-0.017289,-0.010654,-0.013402,0.001985,0.012468,0.009617,0.030305,-0.027999,0.018682,-0.018921
-0.002737,-0.033330,-0.010915,0.027870,-0.009029,0.000023,0.019908,-0.007247,-0.011167,-0.003908,0.001353,0.004963,0.013363,0.037503,-0.035241,0.019078,-0.014627
-0.019819,-0.041988,-0.027829,0.041797,-0.022478,0.003108,0.009667,-0.005046,-0.010098,0.000850,0.000623,-0.000070,0.024140,0.040083,-0.031164,0.024419,-0.012920
-0.026331,-0.029484,-0.040093,0.049488,-0.033271,0.006601,-0.001419,-0.001632,-0.007738,0.000439,-0.002615,0.000520,0.031808,0.035984,-0.022276,0.031846,-0.010200
-0.028658,-0.011415,-0.048849,0.050082,-0.038362,-0.019367,-0.019057,0.002069,-0.004179,-0.002352,-0.007462,0.007859,0.033281,0.026929,-0.009227,0.035800,-0.006547
-0.023927,0.008081,-0.037520,0.046485,-0.037058,-0.044687,-0.028985,0.006057,0.000132,-0.004232,-0.008857,0.010701,0.033165,0.017309,0.004211,0.036015,-0.002538
-0.017011,0.023388,-0.020589,0.043071,-0.032513,-0.055932,-0.035074,0.014919,0.001968,-0.005644,-0.000071,0.014398,0.019393,0.005370,0.016082,0.030874,0.000197
-0.005389,0.031081,-0.008580,0.035374,-0.034619,-0.050411,-0.037627,0.019948,0.003387,-0.004847,0.006351,0.016611,0.010642,-0.006358,0.016970,0.024358,0.004176
0.001157,0.029966,-0.000997,0.027428,-0.035627,-0.040010,-0.038171,0.021345,0.002421,-0.004087,0.012029,0.015936,0.007708,-0.013106,0.007764,0.016999,0.006557
0.007665,0.019955,0.007724,0.015749,-0.037505,-0.037454,-0.036538,0.021923,0.000361,-0.002914,0.007604,0.012287,0.003091,-0.014325,-0.001408,0.007162,0.007687
0.010848,0.004356,0.012647,0.010841,-0.035163,-0.035152,-0.030705,0.020342,-0.003050,0.003255,0.002818,0.006231,-0.005301,-0.013912,-0.017370,-0.000508,0.006500
0.005872,-0.017108,0.012564,0.015782,-0.035843,-0.026378,-0.028673,0.012250,-0.004729,0.007726,-0.000317,-0.004548,-0.005946,-0.018385,-0.020621,-0.001806,0.003438
0.005639,-0.029652,0.009808,0.021355,-0.033682,-0.012566,-0.024169,0.004209,-0.005763,0.014398,-0.007580,-0.006408,-0.004893,-0.022105,-0.021659,-0.000890,-0.001695
0.003496,-0.040696,0.003804,0.005624,-0.029181,-0.021474,-0.022904,-0.005488,-0.007829,0.011825,-0.016471,-0.004955,-0.004530,-0.024629,-0.020261,0.001819,-0.008238
0.003645,-0.046707,-0.009514,-0.010397,-0.028779,-0.030348,-0.018686,-0.016180,-0.011223,0.004489,-0.024238,-0.005817,-0.004317,-0.029273,-0.018681,0.004197,-0.013672
0.002965,-0.051063,-0.021362,-0.031329,-0.024330,-0.031634,-0.008046,-0.015924,-0.016875,-0.003634,-0.027772,0.002603,-0.005247,-0.032516,-0.014818,0.004083,-0.016633
0.007751,-0.041790,-0.021811,-0.046400,-0.025271,-0.020839,0.001793,-0.016554,-0.022714,-0.009193,-0.026599,0.010609,-0.008912,-0.031479,-0.017094,0.003787,-0.013819
0.014551,-0.023591,-0.003879,-0.053952,-0.024429,-0.006596,0.008008,-0.016514,-0.027474,-0.013335,-0.019472,0.019088,-0.005250,-0.025446,-0.019432,0.005400,-0.009191
0.022973,-0.007949,0.011360,-0.056380,-0.022872,-0.007849,0.013666,-0.014283,-0.028541,-0.019790,-0.012168,0.027585,-0.002518,-0.015475,-0.017236,0.003017,-0.004250
0.011884,0.005393,0.019013,-0.052292,-0.022709,-0.010827,0.018143,-0.008304,-0.028287,-0.022046,-0.007012,0.032051,-0.003578,-0.005203,-0.013851,0.008480,-0.000827
0.001368,0.013269,0.022086,-0.031821,-0.020274,-0.011537,0.016084,-0.005809,-0.028112,-0.028001,-0.009329,0.028758,-0.001712,-0.001246,-0.009234,0.010060,0.001762
-0.005121,0.018675,0.026889,-0.004923,-0.020407,-0.018945,0.009874,-0.003095,-0.025486,-0.025611,-0.016712,0.025868,0.005490,0.001823,-0.004102,0.018612,0.003798
-0.009181,0.016487,0.027687,-0.005256,-0.019877,-0.040432,0.004184,-0.000274,-0.024204,-0.023971,-0.023435,0.020559,0.015431,0.004512,0.001674,0.025960,0.002950
-0.018927,0.005924,0.011785,-0.005272,-0.025607,-0.056437,-0.002237,-0.000687,-0.027204,-0.018401,-0.026538,0.014054,0.023180,0.004266,0.006819,0.030503,0.003396
-0.026934,-0.010015,-0.006231,-0.010306,-0.031390,-0.056863,-0.005127,0.001711,-0.029407,-0.012099,-0.029645,0.013557,0.030233,0.003154,0.006897,0.025188,0.004367
-0.031526,-0.020802,-0.016891,0.008770,-0.033617,-0.046583,-0.009184,-0.000888,-0.039342,-0.005741,-0.030409,0.014491,0.032641,-0.002150,-0.001854,0.017573,0.005698
-0.011783,-0.007111,-0.004360,0.026049,-0.037404,-0.031741,-0.012157,-0.012058,-0.047133,-0.003633,-0.026086,0.014692,0.029526,-0.012650,-0.011404,0.009635,0.008076
0.009270,0.007366,0.015411,0.038249,-0.036362,-0.004502,-0.011818,-0.024501,-0.051078,-0.003059,-0.016402,0.016498,0.022371,-0.020280,-0.019350,-0.000813,0.011459
0.023938,0.020281,0.057640,0.043579,-0.043535,0.002604,-0.011867,-0.036035,-0.048857,-0.005574,-0.006667,0.019203,0.011548,-0.034868,-0.018971,-0.006597,0.061657
0.053627,0.075499,0.086481,0.045920,-0.047590,0.016404,-0.027512,-0.042624,-0.044055,-0.012490,-0.004909,0.023301,0.007225,-0.068188,-0.017372,-0.013299,0.150115
0.078199,0.117799,0.099188,0.045273,-0.049757,0.021728,-0.039814,-0.044419,-0.036739,-0.018872,-0.004945,0.032566,0.006817,-0.091367,-0.011593,-0.004459,0.213079
0.091676,0.124034,0.100195,0.001109,-0.045424,0.052164,-0.026885,-0.040753,-0.028217,-0.004058,-0.015433,0.043248,0.011118,-0.098931,-0.000575,0.004079,0.219231
0.088946,0.112820,0.082888,-0.044362,-0.038238,0.071806,-0.013041,-0.036488,-0.021730,0.013155,-0.023211,0.048983,0.017264,-0.092773,0.009170,0.012315,0.206196
0.076198,0.099803,0.056405,-0.084467,-0.039255,0.082844,0.006722,-0.032656,-0.017653,0.017471,-0.017706,0.050374,0.027947,-0.066014,0.011071,0.010379,0.130359
0.039076,0.070188,0.022356,-0.081599,-0.034755,0.064952,0.020810,-0.024820,-0.028558,0.018426,-0.011444,0.049977,0.036879,-0.030239,0.007161,0.008212,0.030960
0.012411,0.048663,-0.013919,-0.062551,-0.033263,0.037368,0.032913,-0.022396,-0.038597,0.013681,-0.012959,0.046417,0.037651,0.000997,-0.001843,0.010017,-0.075684
-0.017473,0.004192,-0.047609,-0.029559,-0.033422,0.012112,0.044602,-0.026485,-0.051213,0.008681,-0.013630,0.037439,0.036172,0.033935,-0.011309,0.024259,-0.187142
-0.039745,-0.042487,-0.058359,0.000081,-0.039737,-0.058249,0.051185,-0.031432,-0.065564,0.002623,0.002434,0.025716,0.027364,0.057050,-0.020107,0.032858,-0.239186
-0.043045,-0.038196,-0.060742,0.024607,-0.054355,-0.120618,0.032980,-0.037925,-0.074103,-0.001335,0.015441,0.020821,0.031444,0.051815,-0.031399,0.036961,-0.211559
-0.042069,-0.026685,-0.061209,0.039615,-0.062358,-0.189550,0.006045,-0.054291,-0.082652,-0.003424,0.025875,0.028601,0.042340,0.072095,-0.095991,0.024632,-0.153429
-0.039473,-0.034615,-0.055149,0.023487,-0.068073,-0.197740,-0.005839,-0.071530,-0.089703,0.014355,0.024173,0.037347,0.061393,0.083993,-0.140285,0.024787,-0.103566
-0.032874,-0.040256,-0.046732,0.017554,-0.081286,-0.183779,-0.020266,-0.090574,-0.098298,0.029985,0.018713,0.041539,0.073057,0.084652,-0.167872,0.021336,-0.039682
-0.021249,-0.028957,-0.041839,0.005453,-0.094382,-0.162171,-0.030116,-0.111937,-0.108163,0.030422,0.013498,0.046139,0.084183,0.090965,-0.181999,0.011664,-0.013489
-0.015829,-0.005197,-0.040672,0.005885,-0.104441,-0.151563,-0.035821,-0.136569,-0.120397,0.025163,0.009013,0.045509,0.097252,0.097949,-0.182141,-0.000239,-0.002288
-0.009206,0.020079,-0.031819,0.010837,-0.105745,-0.125259,-0.036464,-0.156208,-0.119512,0.020694,0.002929,0.041905,0.098139,0.095995,-0.167264,-0.010528,-0.001497
-0.001825,0.030383,-0.019967,0.024499,-0.102031,-0.094230,-0.031800,-0.162959,-0.110945,0.012567,-0.006621,0.039067,0.097247,0.087997,-0.130113,-0.011155,-0.005690
0.002550,0.038339,-0.019035,0.021069,-0.100187,-0.090031,-0.029813,-0.153842,-0.103065,0.003805,-0.010440,0.030608,0.084489,0.069483,-0.076517,-0.008591,-0.012979
0.000017,0.047580,-0.016444,0.012991,-0.107843,-0.077372,-0.028429,-0.141285,-0.095762,-0.003295,-0.013349,0.038842,0.069103,0.041415,-0.030520,-0.000141,-0.017196
-0.003042,0.069723,-0.010791,-0.003598,-0.115173,-0.077846,-0.027226,-0.133632,-0.093772,-0.007526,-0.014677,0.052517,0.039962,0.039398,-0.052798,-0.012782,-0.019372
-0.005679,0.080376,-0.003190,-0.018466,-0.126126,-0.094150,-0.035463,-0.134500,-0.093673,-0.024153,-0.011694,0.059734,0.023280,0.032633,-0.071451,-0.019209,-0.019037
-0.003456,0.068915,0.012898,-0.006460,-0.139794,-0.114122,-0.041594,-0.128787,-0.095862,-0.038032,-0.007118,0.060949,0.007426,0.013474,-0.088643,-0.024377,-0.017407
-0.001785,0.053953,0.017752,0.003311,-0.143424,-0.131291,-0.046041,-0.124156,-0.103779,-0.049224,-0.010215,0.063555,-0.005473,-0.001220,-0.100829,-0.024461,-0.010854
0.003510,0.051490,0.018971,0.018855,-0.142226,-0.138752,-0.044417,-0.126496,-0.112021,-0.055517,-0.011838,0.060717,-0.009036,-0.009864,-0.104649,-0.019404,-0.003042
0.005089,0.042166,0.022542,0.034218,-0.128204,-0.125554,-0.033495,-0.126138,-0.107832,-0.052429,-0.003537,0.062109,-0.012994,-0.016980,-0.098480,0.003429,-0.001585
0.006869,0.031514,0.023059,0.064251,-0.102283,-0.100416,-0.020506,-0.111585,-0.095739,-0.042648,-0.000730,0.059304,-0.001903,-0.019751,-0.075995,0.016055,0.002624
0.005694,0.014075,0.021426,0.068351,-0.075847,-0.077362,-0.010175,-0.090536,-0.077836,-0.030146,-0.005368,0.035529,0.012635,-0.023577,-0.049417,0.023139,0.007190
0.000279,0.000050,0.027593,0.057660,-0.051420,-0.046185,-0.001022,-0.081530,-0.062280,-0.017757,-0.010353,0.017139,0.031152,-0.022478,-0.037149,0.027976,0.016554
-0.005557,0.005903,0.032120,0.045477,-0.033792,-0.010533,0.009710,-0.067699,-0.051876,-0.005017,-0.012995,0.000754,0.029511,-0.018024,-0.039915,0.031492,0.021729
-0.011924,0.008155,0.028750,0.031887,-0.024465,-0.010588,0.005974,-0.062646,-0.042567,-0.008980,-0.007740,-0.014456,0.027532,-0.011458,-0.040901,0.024184,0.021600
-0.005666,-0.001632,0.026464,0.035403,-0.014735,-0.025314,0.000315,-0.054507,-0.031476,-0.014395,-0.002674,-0.028284,0.030017,-0.012229,-0.042333,0.010754,0.013789
-0.004435,-0.012197,0.020597,0.031575,-0.010347,-0.039404,-0.005524,-0.050942,-0.022637,-0.018395,0.002203,-0.044129,0.032111,-0.005228,-0.045943,-0.013339,0.006724
0.002348,-0.009092,0.003040,0.025112,-0.006948,-0.048374,-0.013038,-0.055215,-0.015508,-0.020318,0.008988,-0.058785,0.032935,0.003975,-0.044005,-0.039260,0.000683
0.004953,-0.004276,-0.010888,0.017609,-0.003079,-0.049849,-0.014776,-0.051841,-0.007022,-0.020049,0.015919,-0.053177,0.025937,0.015960,-0.037291,-0.049053,-0.002843
0.002043,0.005603,-0.031171,0.030884,0.005398,-0.039395,-0.011442,-0.039040,0.002606,-0.010314,0.011180,-0.035165,0.022872,0.024393,-0.025286,-0.060883,-0.008490
-0.000241,0.013185,-0.048253,0.040626,0.010539,-0.027494,-0.006165,-0.024146,0.009589,-0.000987,0.005449,-0.025419,0.016776,0.024957,-0.017587,-0.067393,-0.011814
-0.003252,0.019381,-0.050414,0.040172,0.013183,-0.015408,-0.001953,-0.020065,0.012762,0.006198,-0.001127,-0.019490,0.011518,0.022789,-0.010869,-0.068002,-0.010335
-0.005909,0.024191,-0.044224,0.034853,0.014827,0.000078,0.004203,-0.013616,0.013198,0.013011,-0.006836,-0.013035,0.004153,0.019310,-0.007777,-0.060957,-0.007307
-0.010011,0.021978,-0.035313,0.024668,0.016624,0.002329,0.007280,-0.005424,0.013354,0.015801,-0.006930,-0.004604,-0.000866,0.013382,-0.004491,-0.047468,-0.002843
-0.006843,0.017251,-0.024519,0.021751,0.017120,0.005430,0.008702,-0.001070,0.010443,0.014201,-0.006345,0.004716,0.000277,0.005007,-0.000230,-0.030738,-0.003176
-0.008596,0.010010,-0.012112,0.014121,0.013296,0.006219,0.009228,0.004328,0.007790,0.011020,-0.005081,0.007345,0.001603,0.002804,-0.000179,-0.019501,-0.004172
-0.004912,0.004977,-0.006921,0.006640,0.007567,0.005629,0.005273,0.002255,0.004452,0.006257,-0.002903,0.004197,0.003110,-0.000124,-0.000102,-0.008657,-0.004167
