AU01,AU02,AU04,AU05,AU06,AU07,AU09,AU10,AU12,AU14,AU15,AU17,AU20,AU23,AU25,AU26,AU45
-0.271384,-0.141869,0.044164,-0.047522,0.015197,-0.005914,-0.008253,-0.005107,0.030790,0.078423,0.006661,-0.037731,-0.026373,-0.259235,-0.029694,-0.012255,0.079297
-0.406661,-0.198827,0.059410,-0.072314,0.012513,-0.020973,-0.013245,-0.000341,0.046947,0.125897,0.000945,-0.049769,-0.012096,-0.222948,-0.045463,-0.026284,0.105737
-0.486280,-0.229646,0.066276,-0.084702,0.006844,-0.044493,-0.016255,0.000731,0.059126,0.156083,0.000000,-0.058275,-0.006731,-0.153713,-0.061051,-0.035443,0.109290
-0.496599,-0.227357,0.066815,-0.085151,0.002121,-0.067095,-0.013068,0.004392,0.064758,0.160212,-0.000924,-0.061965,-0.001936,-0.073697,-0.068280,-0.036295,0.091003
-0.436048,-0.198584,0.058279,-0.055329,-0.000059,-0.077570,-0.008716,0.012013,0.062067,0.141487,-0.005807,-0.055602,-0.000305,-0.009545,-0.063736,-0.032123,0.061899
-0.318203,-0.148081,0.042370,-0.023694,-0.003930,-0.077029,-0.002523,0.021881,0.050621,0.108495,-0.019238,-0.037179,0.000271,0.053721,-0.050341,-0.027063,0.028451
-0.169188,-0.096513,0.028992,-0.012696,-0.010301,-0.053004,0.000021,0.025985,0.033307,0.057985,-0.045734,-0.060004,0.002291,0.071199,-0.041186,-0.017598,0.009969
-0.046866,-0.054677,0.024367,-0.014573,-0.004726,-0.004960,0.011659,0.025922,0.019362,0.019897,-0.045389,-0.038926,-0.000492,0.037904,-0.026245,-0.004022,0.002824
-0.007169,-0.052342,0.030761,-0.023530,-0.000047,0.007979,0.020152,0.021720,0.009765,0.016075,-0.036974,-0.034603,-0.009753,0.006672,-0.006872,0.009544,0.022652
0.002130,-0.051046,0.029159,-0.026823,0.006697,0.053187,0.021142,0.022012,0.003760,0.016387,-0.042947,-0.025900,-0.007258,-0.001554,-0.000459,0.012757,0.048578
0.005588,-0.044459,0.025097,-0.039602,0.014098,0.067651,0.012615,0.013160,0.000477,0.016216,-0.042636,-0.020819,-0.000001,-0.007098,0.000858,0.013465,0.061625
0.010474,-0.037212,0.022103,-0.043906,0.018310,0.068347,0.004659,0.010729,0.000021,0.014189,-0.032524,-0.015603,0.005913,-0.002331,0.000536,0.013736,0.057769
0.016540,-0.024687,0.018430,-0.042335,0.018803,0.052582,-0.000040,0.002242,0.000013,0.007584,-0.015358,-0.010111,0.018493,0.000000,0.000022,0.005302,0.039409
0.022955,-0.000394,0.012320,-0.016610,0.008237,0.033658,-0.005806,0.000322,0.000600,0.002181,-0.000320,-0.006005,0.024100,0.000130,-0.000003,0.001057,0.016433
0.022128,0.011474,0.000914,-0.000490,0.000746,0.010799,-0.015750,-0.000412,0.001430,0.000153,0.010393,-0.000611,0.018602,0.000655,-0.000006,-0.000781,0.000017
0.016183,0.025700,-0.003345,0.013542,-0.000392,-0.006503,-0.026714,-0.000605,0.002671,-0.000445,0.014244,0.000000,0.008582,0.001868,-0.001690,-0.007337,-0.015252
0.002229,0.035752,-0.006800,0.008175,-0.001829,-0.012384,-0.021204,0.002258,0.003956,0.000202,0.010483,0.001058,-0.000011,0.000774,-0.006566,-0.011157,-0.014431
-0.000067,0.040903,-0.008949,0.000563,-0.004767,-0.003703,-0.009394,0.010099,0.004822,0.002975,0.006195,0.000377,-0.006721,0.000038,-0.001406,-0.007162,-0.011564
-0.002986,0.037850,-0.013746,-0.000074,-0.005027,-0.000124,-0.000688,0.016530,0.003758,0.001337,0.009931,0.000333,-0.015901,-0.000676,0.000949,-0.003194,-0.008863
-0.012437,0.018864,-0.006828,-0.001502,-0.003246,-0.002482,0.000922,0.012113,0.003144,0.000023,0.011742,0.002724,-0.022696,-0.005749,0.005967,-0.000199,-0.008156
-0.021789,0.000641,-0.000694,-0.003956,-0.000746,-0.004458,0.006162,0.012399,0.004531,-0.000721,0.009451,0.005484,-0.016837,-0.009686,0.012633,0.004082,-0.006140
-0.025449,-0.011639,0.000190,-0.006263,-0.000226,-0.005728,0.003489,0.000866,0.006164,-0.000656,0.005107,0.009175,-0.004761,-0.012220,0.016495,0.002579,-0.004210
-0.024921,-0.023977,0.004383,-0.001389,-0.002792,-0.004392,0.000003,-0.001074,0.008168,-0.000067,0.004442,0.011856,-0.000000,-0.009490,0.021820,0.000715,-0.000404
-0.010016,-0.030191,0.006552,-0.000084,-0.006586,-0.002959,-0.004520,-0.007832,0.010388,0.000429,0.003516,0.009798,0.004204,-0.005678,0.025636,-0.000183,-0.000436
-0.006791,-0.016133,0.001079,0.000137,-0.007155,-0.009705,-0.014873,-0.014763,0.014748,0.003631,0.002007,-0.000265,0.000713,-0.001187,0.029429,-0.001215,0.000043
-0.000831,-0.004531,-0.002337,0.001921,-0.002438,-0.003705,-0.022322,-0.018639,0.024812,0.008907,-0.001553,-0.014085,-0.000892,0.000451,0.029948,-0.000473,-0.000337
0.000500,-0.001456,-0.017030,-0.000897,0.000494,0.001961,-0.006470,-0.019650,0.044233,0.023124,-0.022205,-0.034615,-0.006821,0.010663,0.032117,-0.008821,0.000070
0.005428,-0.006233,-0.035186,-0.004601,0.007074,0.025091,0.000031,-0.014935,0.071850,0.038832,-0.030726,-0.042775,-0.016241,0.024754,0.026539,-0.026114,0.000634
0.007086,-0.015913,-0.033562,-0.015211,0.016980,0.043990,0.006731,-0.001317,0.108556,0.050482,-0.034531,-0.036296,-0.033966,0.038496,0.022868,-0.042744,0.001752
0.005884,-0.042889,-0.027081,-0.027528,0.040391,0.069547,0.019045,0.009308,0.155886,0.064433,-0.036821,-0.021947,-0.044726,0.046195,0.017124,-0.058183,0.005953
0.001700,-0.065870,-0.020854,-0.033160,0.068261,0.089604,0.030072,0.033672,0.195429,0.076548,-0.049460,-0.009621,-0.029972,0.047929,0.009854,-0.069000,0.009264
-0.001168,-0.083773,-0.028721,-0.036409,0.093450,0.121879,0.039642,0.069577,0.224493,0.091714,-0.057485,-0.000212,-0.008873,0.045734,0.005303,-0.074339,0.014195
-0.001554,-0.087968,-0.030835,-0.043048,0.111617,0.142081,0.041514,0.108844,0.230636,0.111554,-0.058142,0.009518,0.000467,0.039374,0.001526,-0.064278,0.011959
-0.001429,-0.060574,-0.029441,-0.049588,0.114538,0.141138,0.038892,0.139399,0.214757,0.121894,-0.049965,0.025594,0.011828,0.032438,0.000016,-0.042222,0.011947
0.000285,-0.028605,-0.025805,-0.048487,0.119511,0.143884,0.031018,0.151542,0.190583,0.115203,-0.019217,0.028183,0.036591,0.025102,0.000009,-0.018371,0.001864
0.006151,-0.005418,-0.015541,-0.033421,0.124131,0.112537,0.028157,0.158540,0.167054,0.124667,-0.003741,0.041222,0.073409,0.027544,0.004085,-0.005407,-0.000586
0.018173,-0.000003,-0.007151,-0.015993,0.116285,0.090349,0.023402,0.149757,0.134673,0.127776,0.000383,0.062038,0.098373,0.024850,0.005807,-0.000461,-0.007433
0.031280,0.022770,-0.000623,-0.016389,0.100011,0.061426,0.016843,0.136797,0.103780,0.121570,0.010767,0.076101,0.095914,0.027279,0.013038,0.007304,-0.016179
0.040943,0.032907,0.000500,-0.016321,0.090580,0.046968,0.014618,0.115652,0.090413,0.116978,0.037250,0.097602,0.084219,0.025867,0.014180,0.015631,-0.018286
0.044362,0.024157,0.010120,-0.009538,0.085281,0.035927,0.011018,0.096250,0.073736,0.099465,0.040800,0.105257,0.078130,0.019473,0.019437,0.017624,-0.021289
0.040926,0.013349,0.006126,0.001975,0.081563,0.046282,0.011599,0.082286,0.062850,0.082322,0.030997,0.097134,0.066552,0.009413,0.022510,0.009477,-0.019917
0.038429,0.010384,0.001744,0.006682,0.074858,0.062841,0.014492,0.077948,0.052620,0.074615,0.014877,0.078582,0.051627,0.001682,0.024362,0.004346,-0.016529
0.038288,0.013095,-0.003771,0.006062,0.062402,0.070428,0.015516,0.068048,0.044391,0.060812,0.001266,0.057639,0.036558,-0.000337,0.020727,0.000024,-0.009870
0.034858,0.011531,-0.018246,0.003821,0.052551,0.079705,0.017811,0.065076,0.036764,0.041649,0.004137,0.039369,0.031670,-0.007512,0.010579,-0.000003,-0.005434
0.026058,0.001790,-0.006745,0.019036,0.052967,0.044022,0.018080,0.066014,0.033650,0.028606,0.008163,0.035087,0.033268,-0.003518,0.000571,0.000132,-0.002378
0.018238,-0.006967,-0.000408,0.036900,0.047854,0.016543,0.019941,0.062931,0.024618,0.011804,0.008613,0.026060,0.029697,-0.000755,-0.002856,0.000210,-0.000558
0.008961,-0.017456,0.002049,0.036049,0.042668,0.000717,0.012835,0.057635,0.014319,-0.000023,0.005018,0.016588,0.017996,0.000011,-0.005497,0.004494,0.001697
0.000007,-0.029955,0.004365,0.028933,0.034904,-0.019678,0.011334,0.049925,0.016201,-0.004647,0.003750,0.013703,0.008123,0.003740,-0.019890,0.008627,0.007100
-0.008862,-0.050743,0.007175,0.004960,0.029506,-0.053432,0.008086,0.037792,0.015037,-0.013036,0.002350,0.018881,0.009696,0.008208,-0.035297,0.010334,0.006731
-0.024302,-0.062153,0.012811,0.001923,0.027706,-0.075503,0.004955,0.030400,0.012824,-0.019830,0.000078,0.012264,0.010008,0.011629,-0.047391,0.007752,0.003675
-0.027636,-0.040800,0.003480,0.000199,0.024201,-0.079272,0.008962,0.030653,0.013289,-0.018175,-0.002358,0.011522,0.009895,0.014122,-0.049443,0.004525,-0.000043
-0.021308,-0.016642,-0.001308,0.000572,0.020591,-0.071693,0.007485,0.033215,0.015798,-0.003353,-0.020537,0.008181,0.007711,0.014915,-0.043978,-0.007238,-0.002027
-0.011558,-0.000193,-0.014351,-0.000001,0.015793,-0.053300,0.008049,0.042800,0.015409,0.002301,-0.024221,0.007904,0.010224,0.013580,-0.043392,-0.022282,-0.004662
-0.003211,0.009882,-0.017145,0.001595,0.014736,-0.040261,0.006288,0.045723,0.012774,0.017461,-0.024170,0.013488,0.015131,0.010618,-0.040782,-0.033112,-0.007383
0.001885,0.034785,-0.016966,0.006208,0.013876,-0.027575,0.008016,0.043567,0.005990,0.031304,-0.017460,0.017040,0.013436,0.004259,-0.025249,-0.041180,-0.009737
0.009386,0.053076,-0.013267,0.013457,0.012014,-0.003374,0.002731,0.033867,0.000475,0.032661,-0.011290,0.010766,0.003413,0.000033,-0.006706,-0.043251,-0.002819
0.015836,0.055077,-0.007419,0.021956,0.010001,-0.000427,0.000866,0.023046,-0.000005,0.025186,-0.007185,0.002921,-0.000692,-0.005643,0.007896,-0.029083,0.000827
0.014246,0.047492,-0.001163,0.001830,0.008784,0.003266,0.000154,0.007460,-0.000777,0.013524,-0.003297,0.002553,-0.004524,-0.009704,0.020285,-0.015358,0.009362
0.010492,0.035075,0.011960,-0.009201,0.008563,0.008248,-0.000467,0.000056,-0.002557,0.000978,0.000068,0.000861,-0.007363,-0.015107,0.020426,-0.007368,0.017759
0.005361,0.019735,0.020555,-0.030170,0.009470,0.018853,-0.002917,-0.008695,-0.001207,-0.006774,0.008187,0.001005,-0.009356,-0.017455,0.017531,-0.001991,0.016886
0.001853,0.001053,0.026341,-0.037491,0.005771,0.017814,-0.005776,-0.004776,-0.000140,-0.008822,0.009194,0.000569,-0.012912,-0.018282,0.012013,-0.000883,0.008199
-0.000043,-0.003840,0.017578,-0.046850,0.002499,0.014943,-0.009691,-0.004176,-0.000188,-0.003917,0.006028,0.001719,-0.010964,-0.014065,0.002723,0.000000,0.000323
-0.003441,-0.028229,0.009328,-0.051586,-0.001286,0.010175,-0.011896,-0.003290,0.000537,-0.005243,0.005097,0.008680,-0.006449,-0.003164,0.000107,0.000167,-0.002705
-0.002548,-0.046641,0.005142,-0.050999,-0.005279,0.002567,-0.018335,-0.004108,0.001536,-0.005273,0.008151,0.014655,-0.003565,0.000042,-0.000209,0.000008,-0.014542
-0.000905,-0.050054,0.001406,-0.042179,-0.007605,-0.003937,-0.022453,-0.003244,0.003026,-0.003893,0.009377,0.006589,-0.002665,0.004735,-0.001659,0.000384,-0.026751
0.002411,-0.042471,0.000026,-0.029216,-0.006919,-0.022500,-0.022018,0.000004,0.003882,-0.002579,0.010869,0.002980,-0.004273,0.009169,0.000530,0.001262,-0.029437
0.009073,-0.030657,-0.000445,-0.019211,-0.005298,-0.024363,-0.016583,0.000919,0.003322,-0.001626,0.009227,0.004746,-0.001292,0.012678,0.009929,0.005005,-0.027188
0.015663,-0.024616,0.000067,-0.011360,-0.008667,-0.027430,-0.007514,0.002793,0.002383,-0.008984,0.015241,0.008616,0.001256,0.010381,0.012475,0.003736,-0.021181
0.020229,-0.021828,0.005093,-0.003221,-0.007676,-0.010765,-0.002875,0.001113,0.001198,-0.017424,0.019380,0.002021,0.009367,0.005523,0.012919,0.005100,-0.015533
0.017025,-0.022442,0.017811,0.000048,-0.009445,-0.008402,0.000001,0.005658,0.000000,-0.007111,0.019968,-0.000015,0.015172,0.000575,0.009515,0.008228,-0.012909
0.013999,-0.006823,0.006224,0.002955,-0.007520,-0.004082,-0.001524,0.004692,-0.002639,-0.000072,0.016380,0.000050,0.026647,-0.002502,0.002719,0.005933,-0.012839
0.007402,0.001461,0.000013,0.000020,-0.011546,-0.000419,-0.002103,0.004215,-0.005897,0.000429,0.009996,0.000378,0.032860,-0.000536,0.000837,0.003883,-0.012773
0.002073,0.008381,-0.002473,0.000097,-0.014357,0.001669,-0.003453,-0.000547,-0.008351,0.001253,0.005032,-0.000176,0.032470,0.000572,0.000285,0.000915,-0.011618
0.000090,0.005611,-0.007832,-0.000083,-0.017772,-0.006809,-0.001885,-0.004521,-0.008725,0.002773,-0.000004,-0.005404,0.023224,0.001623,0.000190,0.005132,-0.012642
0.000386,0.000835,-0.009171,-0.000108,-0.016889,-0.031069,-0.000259,-0.005093,-0.006218,0.012866,-0.007163,-0.011099,0.006277,0.002718,0.000062,0.002747,-0.008813
0.000174,0.000000,-0.004868,-0.000344,-0.007039,-0.039011,0.000027,-0.004839,-0.002397,0.024038,-0.022363,-0.009335,-0.000016,0.002951,0.000463,0.002034,-0.004685
0.000074,0.002069,-0.004723,-0.000832,-0.002972,-0.039626,-0.000021,-0.004301,-0.000269,0.019600,-0.026130,-0.001953,-0.005121,0.002886,0.000327,0.006209,-0.001997
0.000342,0.002899,-0.006749,-0.000805,-0.000054,-0.031141,-0.000021,-0.004296,0.000010,0.012352,-0.026386,-0.003978,-0.015371,0.001580,0.003003,0.020298,-0.000245
0.000256,0.000933,-0.003601,0.007469,0.000301,-0.025048,0.002375,0.000205,0.000023,0.005048,-0.019160,-0.001274,-0.017053,0.001003,0.004073,0.035206,0.000641
0.002258,0.001539,-0.004834,0.024976,0.006045,0.000134,0.003911,0.007826,0.000042,0.002204,-0.011092,0.001088,-0.019800,0.000140,0.000014,0.043980,0.005626
0.004171,0.022013,-0.005528,0.028449,0.019158,0.018879,0.008993,0.020483,-0.000863,0.000313,-0.004519,0.010104,-0.009633,0.004155,-0.003086,0.035687,0.021778
0.009254,0.057636,0.000681,0.016003,0.040666,0.074828,0.015482,0.026729,-0.004031,-0.000170,-0.000007,0.015504,-0.001179,0.011914,-0.014644,0.021576,0.059968
0.016246,0.070503,0.018331,0.002171,0.055194,0.111111,0.028801,0.041914,-0.001632,-0.004116,0.011319,0.010190,0.000331,0.004769,-0.029906,0.000952,0.108167
0.020348,0.055655,0.043138,-0.000764,0.062264,0.131367,0.041748,0.051264,0.000003,-0.002099,0.018037,0.003760,0.003331,-0.000158,-0.042710,-0.006657,0.153598
0.014508,0.015753,0.059031,-0.009754,0.066714,0.135244,0.049223,0.053304,0.002418,-0.002276,0.020515,-0.000034,0.007919,-0.005412,-0.040037,-0.023611,0.178529
-0.000085,0.003006,0.059733,-0.023528,0.057827,0.121503,0.038885,0.037858,0.007360,-0.003261,0.011033,-0.003487,0.016704,-0.016084,-0.033694,-0.024674,0.172850
-0.009274,-0.000752,0.045426,-0.029848,0.042105,0.069427,0.023638,0.012461,0.007236,-0.006777,0.002791,-0.014252,0.017956,-0.026986,-0.018877,-0.014583,0.136357
-0.021900,-0.014112,0.022090,-0.007702,0.019560,0.017436,0.010941,0.000011,0.003503,-0.016394,-0.001338,-0.023988,0.021155,-0.029697,-0.005105,-0.005474,0.077063
-0.025522,-0.031926,0.001347,0.001072,0.002262,0.000314,0.000072,-0.007134,0.000993,-0.022537,-0.012158,-0.028111,0.001607,-0.026774,0.000004,0.003042,0.008890
-0.024691,-0.023811,-0.009374,0.027236,-0.011291,-0.028769,-0.005566,-0.025767,-0.000464,-0.025889,-0.027209,-0.024981,-0.003861,-0.007170,0.013523,0.017454,-0.023709
-0.018766,-0.011473,-0.033351,0.041796,-0.029584,-0.039828,-0.024478,-0.036784,-0.007570,-0.022778,-0.041464,-0.019396,-0.008632,0.002774,0.030046,0.039145,-0.074333
-0.008369,-0.002024,-0.038047,0.024040,-0.041037,-0.045298,-0.031701,-0.030046,-0.007010,-0.019068,-0.037600,-0.019759,-0.020207,0.018136,0.038237,0.036561,-0.108765
0.000065,0.000133,-0.036716,0.003360,-0.046653,-0.040051,-0.034450,-0.019523,-0.004089,-0.020727,-0.030780,-0.020860,-0.028165,0.022124,0.042391,0.036516,-0.120830
0.015445,-0.001225,-0.036804,-0.000840,-0.047562,-0.027150,-0.034697,-0.009132,-0.001371,-0.022671,-0.022107,-0.021365,-0.035600,0.021579,0.042577,0.035517,-0.115839
0.012673,-0.002837,-0.032296,-0.012868,-0.051678,-0.015266,-0.035456,-0.002929,0.000096,-0.006798,-0.015694,-0.023074,-0.032832,0.011098,0.035208,0.016455,-0.106635
0.003214,-0.012789,-0.025669,-0.008980,-0.050147,-0.021152,-0.032625,-0.000340,0.003318,-0.001088,-0.008050,-0.021812,-0.022942,0.001640,0.024020,0.005034,-0.091326
-0.000200,-0.019098,-0.028213,-0.001971,-0.044698,-0.038620,-0.025385,-0.000913,0.003952,-0.000198,-0.004734,-0.023328,-0.012307,-0.001284,0.011962,0.000003,-0.075861
-0.004136,-0.011494,-0.035978,0.000718,-0.036325,-0.051310,-0.018126,-0.004285,0.001767,-0.001255,-0.007343,-0.021909,-0.015252,-0.012219,0.004600,-0.000076,-0.063125
-0.007013,-0.003503,-0.032974,0.013598,-0.030606,-0.067250,-0.010172,-0.009953,0.000045,-0.002015,-0.011106,-0.019904,-0.024017,-0.020969,0.001526,-0.000007,-0.055288
-0.007061,0.002610,-0.023485,0.041189,-0.028367,-0.074185,-0.005904,-0.014535,-0.002055,-0.001948,-0.014217,-0.015690,-0.017425,-0.023731,0.001784,-0.000017,-0.044616
-0.006924,0.018173,-0.019414,0.046425,-0.023670,-0.074203,-0.002817,-0.016048,-0.003152,-0.001927,-0.015805,-0.013600,-0.012189,-0.021286,0.003580,0.000301,-0.042407
-0.005699,0.025135,-0.023313,0.042104,-0.019568,-0.061369,-0.002017,-0.017001,-0.003683,-0.009221,-0.010416,-0.010810,-0.007053,-0.018615,0.007850,0.009916,-0.039239
-0.005046,0.017279,-0.023650,0.043133,-0.014991,-0.049045,-0.002098,-0.017089,-0.004872,-0.024454,-0.005991,-0.012148,-0.002711,-0.013033,0.009541,0.023693,-0.031012
-0.005302,0.003052,-0.018546,0.048914,-0.015233,-0.031105,-0.004632,-0.017052,-0.006662,-0.022911,-0.005952,-0.014927,-0.000603,-0.005024,0.008431,0.022141,-0.022041
-0.001005,-0.001551,-0.004344,0.058669,-0.014421,-0.011593,-0.008647,-0.017566,-0.007712,-0.021045,-0.004458,-0.016942,-0.000610,-0.000307,0.007098,0.011264,-0.013668
0.000992,-0.007883,-0.003596,0.055018,-0.012851,-0.004482,-0.012626,-0.016920,-0.007999,-0.018144,-0.001641,-0.017732,-0.000073,0.001950,0.006411,0.006440,-0.012397
0.010109,-0.003175,-0.004653,0.038057,-0.006385,-0.000002,-0.015041,-0.015789,-0.009772,-0.019550,0.000390,-0.019394,-0.003357,0.008388,0.009188,0.005699,-0.013627
0.022778,-0.000067,-0.005091,0.016417,-0.003857,0.000821,-0.013491,-0.017742,-0.010732,-0.016402,0.003715,-0.018143,-0.016401,0.008556,0.015039,0.005668,-0.014491
0.043925,0.004883,0.000044,0.003097,-0.001253,0.005430,-0.009321,-0.017453,-0.012009,-0.011750,0.005837,-0.014358,-0.025160,0.005720,0.019192,0.005078,-0.012960
0.061209,0.020463,0.008542,-0.000940,-0.001205,0.002745,-0.006653,-0.012301,-0.010427,-0.005938,0.004569,-0.002942,-0.027579,0.004123,0.013257,0.006052,-0.013279
0.061145,0.035677,0.008285,-0.012293,-0.001979,0.001518,-0.005171,-0.007474,-0.007495,0.000131,0.006965,0.001753,-0.021521,0.001355,0.001328,0.011414,-0.017005
0.043466,0.028068,0.005957,-0.024905,-0.002058,-0.000555,-0.003353,-0.002529,-0.003756,0.006512,0.007436,0.007727,-0.014257,-0.000241,-0.002083,0.010291,-0.019216
0.015546,0.005405,0.001668,-0.014182,-0.003391,-0.000127,0.000061,0.000393,-0.000384,0.017117,0.002994,0.014168,-0.006774,-0.002462,-0.011058,0.013242,-0.017203
0.000783,-0.001325,0.000449,-0.006732,-0.004646,0.000402,0.002035,0.003156,0.000531,0.022404,0.000003,0.015925,-0.010231,-0.006270,-0.019698,0.009722,-0.013273
-0.006121,-0.025070,-0.000088,-0.002741,-0.009610,0.001736,0.003750,0.006660,0.002826,0.026625,-0.002048,0.012683,-0.012522,-0.008686,-0.022371,0.010052,-0.010095
-0.014100,-0.035479,-0.000004,-0.001196,-0.008554,0.004471,0.004879,0.014128,0.002684,0.024653,-0.000972,0.004775,-0.010342,-0.011625,-0.015194,0.017365,-0.011008
-0.021766,-0.036052,-0.000069,-0.003683,-0.007317,0.012398,0.008664,0.017825,0.000087,0.022771,0.001307,0.002087,-0.001223,-0.014534,-0.005742,0.024152,-0.012842
-0.013066,-0.028064,0.000001,0.000206,-0.005155,0.029943,0.011538,0.018444,-0.000541,0.010850,0.011196,0.001179,0.000183,-0.017577,-0.000783,0.029125,-0.012929
-0.006388,-0.018768,0.000005,0.002269,-0.005968,0.034128,0.009749,0.018508,-0.001549,0.003336,0.019464,0.002464,0.001426,-0.018514,0.000005,0.029194,-0.012670
-0.007921,-0.016653,-0.002145,0.006914,-0.005931,0.027581,0.004611,0.015897,-0.002640,0.000340,0.023321,0.006993,0.006841,-0.021289,-0.000020,0.020864,-0.013050
-0.012722,-0.023885,-0.008359,0.009501,-0.004913,0.016501,0.000407,0.006600,-0.005940,-0.001156,0.017998,0.009251,0.011968,-0.021542,-0.002156,0.005938,-0.008648
-0.017976,-0.035257,-0.016464,0.004928,-0.001199,0.015133,-0.000104,0.001161,-0.009465,0.000076,0.008886,0.012109,0.017538,-0.020495,-0.002942,-0.000005,-0.004835
-0.013555,-0.029358,-0.025109,0.000522,0.000016,0.016320,-0.001202,-0.000317,-0.012186,-0.000079,0.000908,0.009039,0.006457,-0.020009,-0.001686,-0.008179,-0.002187
-0.000858,-0.000503,-0.023333,-0.002393,-0.000116,0.012895,-0.000417,-0.008872,-0.014116,0.000819,-0.000533,0.004882,0.000003,-0.017003,-0.000489,-0.025638,-0.000202
0.002406,0.007212,-0.011480,-0.010625,-0.000473,0.006192,-0.000044,-0.012402,-0.014108,0.002071,-0.005898,0.001243,-0.012207,-0.013178,0.000769,-0.029337,0.000616
0.011455,0.015001,-0.001469,-0.026075,-0.000698,-0.002191,0.000797,-0.014325,-0.015157,0.005068,-0.006315,0.000000,-0.013200,-0.009299,0.009037,-0.022328,0.001221
0.026856,0.023515,0.001002,-0.004828,-0.001114,-0.005150,0.000894,-0.015563,-0.015649,0.001430,-0.001842,-0.000706,-0.012122,-0.005775,0.018678,-0.013235,0.002200
0.039982,0.031670,0.017228,0.001111,-0.002336,-0.006709,0.000676,-0.014448,-0.015942,0.000021,-0.003186,-0.001778,-0.009677,-0.002272,0.024461,-0.004580,0.002835
0.033538,0.037401,0.019014,0.018656,-0.003596,-0.011084,-0.000506,-0.010285,-0.013939,-0.000838,-0.003762,0.000386,-0.002178,-0.000667,0.028344,-0.000120,0.002564
0.019312,0.026631,0.018344,0.045867,-0.004851,-0.024289,-0.005941,-0.008143,-0.012182,-0.000670,-0.000003,0.002530,0.000072,-0.000003,0.026664,0.001079,0.003463
0.006357,0.009155,0.011968,0.059714,-0.005788,-0.035751,-0.014394,-0.004999,-0.007318,0.001348,0.001742,0.005746,0.005717,0.000711,0.024122,0.003121,0.000522
-0.000934,-0.002501,0.008761,0.050206,-0.008265,-0.034849,-0.022357,-0.003691,-0.003408,-0.000375,0.004143,0.006921,0.008135,0.002165,0.020734,0.002841,-0.000378
-0.004650,-0.005001,0.004168,0.032993,-0.010497,-0.028755,-0.023767,-0.003722,-0.000618,-0.002562,0.005832,0.005128,0.009506,0.007209,0.011011,0.000245,-0.006008
-0.006245,-0.005850,0.000118,0.012167,-0.013215,-0.024808,-0.020999,-0.008801,0.000077,-0.004579,0.001056,0.002239,0.002334,0.011642,0.000504,-0.002682,-0.013653
-0.007866,-0.014781,-0.006125,0.000338,-0.015235,-0.024522,-0.009577,-0.013851,0.000046,-0.002935,-0.000301,-0.000022,-0.000499,0.013423,-0.003154,-0.005392,-0.020177
-0.000323,-0.025224,-0.018477,-0.001954,-0.013628,-0.011636,-0.001542,-0.019955,-0.000002,-0.002247,-0.000860,-0.005816,-0.004640,0.011379,-0.007048,-0.008135,-0.024211
0.001574,-0.019579,-0.014934,-0.000486,-0.009992,0.000522,0.004660,-0.023503,-0.000729,-0.002430,-0.008706,-0.017583,-0.008215,0.007721,-0.009373,-0.010129,-0.021776
0.006289,-0.004189,-0.003337,0.000267,-0.005676,0.016900,0.016660,-0.024106,-0.002675,-0.004930,-0.023544,-0.024787,-0.006841,0.004445,-0.016357,-0.014628,-0.012114
0.007491,0.000891,-0.000020,0.003253,-0.002823,0.007746,0.020351,-0.026278,-0.007009,-0.003865,-0.022887,-0.021126,-0.004770,0.002795,-0.018399,-0.017287,-0.002952
0.000150,0.023812,0.007873,0.009445,-0.001509,0.000374,0.020204,-0.024411,-0.007908,-0.004931,-0.013963,-0.009001,-0.006895,0.001529,-0.014918,-0.017328,0.000479
-0.002386,0.033829,0.023509,0.002825,-0.000693,-0.000836,0.021043,-0.016267,-0.007506,-0.004755,-0.004483,-0.000845,-0.007495,0.001104,-0.009468,-0.015489,0.010794
-0.008912,0.029018,0.038563,-0.004927,-0.000469,-0.006080,0.017897,-0.008473,-0.006546,-0.008768,0.001375,0.002556,-0.005873,0.003931,-0.006397,-0.012684,0.017709
-0.011855,0.019363,0.045360,-0.028646,-0.002247,-0.018262,0.010880,-0.004430,-0.005427,-0.011660,0.009163,0.011734,-0.007852,0.007739,-0.005397,-0.009673,0.023155
-0.009399,0.012791,0.035750,-0.051664,-0.006469,-0.034177,0.004346,-0.001238,-0.006441,-0.009888,0.009216,0.013210,-0.005557,0.011828,-0.001872,-0.010026,0.025380
-0.001495,0.008542,0.021653,-0.071749,-0.008414,-0.036845,-0.000913,0.001385,-0.005166,-0.010119,0.004958,0.009235,-0.002470,0.012310,0.000000,-0.007780,0.021257
0.000981,0.017932,0.016514,-0.059626,-0.008638,-0.011722,-0.004746,0.008629,-0.002965,-0.012520,0.000258,0.004323,-0.000033,0.003478,0.006099,-0.004689,0.013507
0.011680,0.027891,0.017269,-0.040061,-0.007566,0.000759,-0.007394,0.022374,-0.001628,-0.014978,-0.000521,-0.001722,0.001655,-0.000227,0.006233,-0.000206,0.008273
0.024346,0.033117,0.014231,-0.023175,-0.000151,0.025891,-0.007649,0.024660,-0.002670,-0.010295,-0.001827,-0.012743,0.003322,-0.004582,0.005287,0.000547,0.005786
0.021075,0.041321,0.020870,-0.011744,0.006119,0.056801,-0.000045,0.023415,-0.003720,-0.003582,-0.000040,-0.018680,0.000498,-0.011366,0.005134,0.001093,0.013886
0.006292,0.044354,0.034645,-0.008716,0.029152,0.104354,0.009216,0.023116,-0.000223,0.000027,0.000371,-0.013037,0.000012,-0.023904,0.002807,0.002539,0.047897
-0.000027,0.048712,0.058596,-0.027639,0.051434,0.137483,0.025960,0.024304,0.002540,0.002781,0.002074,-0.004991,0.004280,-0.043370,0.000608,0.003353,0.118052
-0.005200,0.046147,0.077792,-0.051658,0.062935,0.104292,0.026365,0.027338,0.009023,0.009672,0.006603,-0.003527,0.011652,-0.059807,0.000052,0.000386,0.208351
-0.004981,0.040102,0.085776,-0.054010,0.064093,0.062562,0.022243,0.025750,0.014906,0.023272,0.023862,-0.002656,0.026568,-0.074216,0.000284,-0.003799,0.296686
0.001221,0.029764,0.081932,-0.048884,0.055150,0.023827,0.011932,0.025244,0.020354,0.031608,0.031979,-0.001603,0.038318,-0.080452,0.000004,-0.012136,0.345740
0.008674,0.024625,0.089557,-0.033284,0.037701,0.000911,0.003780,0.015056,0.020547,0.027605,0.026030,-0.004203,0.048400,-0.081044,0.001656,-0.023853,0.345289
0.017330,0.020000,0.084137,-0.018318,0.014492,-0.008750,0.000670,0.002696,0.015455,0.020013,0.009792,-0.010278,0.052768,-0.072678,0.000663,-0.025820,0.274414
0.008379,0.004707,0.068851,-0.003968,0.000529,-0.040670,-0.002668,-0.005736,0.000124,0.007093,0.000112,-0.018429,0.042218,-0.045720,0.003045,-0.010850,0.151518
-0.000164,-0.000804,0.040807,-0.000301,-0.020111,-0.075363,-0.004915,-0.040773,-0.020959,0.000863,-0.002207,-0.024609,0.026367,-0.012320,0.001018,0.000192,0.022169
-0.014783,-0.019252,0.007988,0.003070,-0.032859,-0.061876,-0.005131,-0.091868,-0.063464,-0.005321,-0.006887,-0.009567,0.003806,0.005226,-0.001164,0.009890,-0.027541
-0.037382,-0.016000,-0.000250,0.003149,-0.054819,-0.049366,-0.006376,-0.141385,-0.103069,-0.021523,-0.007415,-0.000341,-0.002397,0.037145,-0.016828,0.029369,-0.134567
-0.063629,-0.010107,-0.017774,0.001987,-0.085346,-0.060803,-0.019177,-0.173001,-0.134934,-0.039027,-0.009039,0.000919,-0.014671,0.081200,-0.033533,0.044441,-0.205683
-0.085093,-0.015556,-0.050190,0.018815,-0.118570,-0.065762,-0.041908,-0.185466,-0.159637,-0.047422,0.001081,0.005412,-0.031169,0.105594,-0.043892,0.024168,-0.223917
-0.081781,-0.019571,-0.081748,0.040328,-0.145982,-0.080262,-0.066372,-0.187931,-0.174373,-0.061967,0.021081,0.013150,-0.051740,0.106967,-0.044886,0.005229,-0.220959
-0.063955,-0.010389,-0.072910,0.050174,-0.153649,-0.103453,-0.081425,-0.167853,-0.168386,-0.074181,0.042382,0.006017,-0.063914,0.090920,-0.031891,-0.000747,-0.187972
-0.042101,0.002198,-0.054100,0.049536,-0.144195,-0.110366,-0.077797,-0.132018,-0.144866,-0.076643,0.039739,0.000982,-0.067043,0.058805,-0.016595,-0.018576,-0.146265
-0.024152,0.017448,-0.031601,0.044256,-0.115298,-0.124551,-0.068155,-0.092290,-0.113269,-0.073646,0.026762,-0.000758,-0.065181,0.027753,-0.000855,-0.041817,-0.102434
-0.021144,0.025842,-0.015478,0.022870,-0.081206,-0.132694,-0.036979,-0.071684,-0.090640,-0.066431,0.020930,-0.009110,-0.054030,0.003215,0.005970,-0.044125,-0.078107
-0.019042,0.027202,-0.001730,0.002848,-0.057923,-0.116180,-0.013345,-0.063321,-0.082926,-0.071665,0.016094,-0.008771,-0.040366,-0.004793,0.030880,-0.038921,-0.059197
-0.014056,0.013348,0.002334,-0.001553,-0.043245,-0.095932,-0.004103,-0.055765,-0.071567,-0.070157,0.010026,-0.007611,-0.021292,-0.020230,0.028316,-0.014800,-0.048482
-0.009883,0.011915,0.003578,-0.022236,-0.032724,-0.077296,0.000036,-0.058341,-0.065727,-0.044247,-0.000476,-0.009973,-0.003826,-0.015593,0.010241,-0.006399,-0.040883
-0.005747,0.001598,-0.000012,-0.017417,-0.036117,-0.055373,0.000509,-0.055561,-0.066302,-0.014806,-0.009111,-0.015318,0.000779,-0.009465,-0.002803,-0.005897,-0.036896
-0.009529,-0.003417,-0.008356,-0.010334,-0.044407,-0.045279,0.000017,-0.061104,-0.070897,-0.004032,-0.017779,-0.018949,0.002977,-0.009654,-0.020540,-0.007534,-0.041576
-0.012492,-0.020640,-0.007561,-0.005616,-0.057987,-0.032386,-0.000978,-0.059934,-0.075841,-0.000304,-0.018036,-0.023014,0.005633,-0.009657,-0.038918,-0.001056,-0.042769
-0.018131,-0.020070,-0.012171,0.001052,-0.066705,-0.022084,-0.003936,-0.050117,-0.080200,-0.000041,-0.024462,-0.024538,0.014595,-0.007630,-0.048252,0.005337,-0.039507
-0.015200,-0.006909,-0.009350,0.012286,-0.065661,-0.015052,-0.009079,-0.034033,-0.077509,0.000272,-0.024545,-0.020106,0.018590,-0.004837,-0.045439,0.014213,-0.031558
-0.019166,0.001155,-0.022993,0.026796,-0.058357,-0.006604,-0.001009,-0.023682,-0.071698,-0.002028,-0.007167,-0.013289,0.018556,-0.002051,-0.033749,0.015631,-0.031389
-0.015362,0.017762,-0.028056,0.028982,-0.051926,-0.000212,0.004380,-0.017329,-0.068657,-0.020405,0.002763,-0.000583,0.013999,-0.001655,-0.012942,0.004605,-0.027525
-0.014228,0.015266,-0.029307,0.024047,-0.043758,0.001650,0.005296,-0.010604,-0.057761,-0.049721,0.029857,0.010347,0.011337,-0.000957,-0.000067,0.003251,-0.021633
-0.014110,0.011978,-0.022518,0.013762,-0.032281,0.000860,0.005008,-0.011996,-0.048630,-0.059655,0.046007,0.027175,0.003916,-0.000218,0.001362,-0.000055,-0.016854
-0.010003,0.007867,-0.005422,0.005416,-0.024579,-0.000159,0.005558,-0.011601,-0.045163,-0.057194,0.043657,0.029471,0.000239,0.000168,-0.000022,-0.005729,-0.013435
-0.007470,0.003999,-0.000118,0.003569,-0.016296,-0.008931,0.006565,-0.009540,-0.036605,-0.054141,0.038754,0.024862,-0.003662,-0.000380,-0.006470,-0.012152,-0.012876
-0.000375,0.000745,0.003108,0.002882,-0.015186,-0.014626,0.009188,-0.006150,-0.029763,-0.035620,0.034189,0.020949,-0.024031,-0.006322,-0.017539,-0.010878,-0.013088
-0.000040,-0.004408,0.005283,0.010313,-0.012272,-0.007337,0.013445,-0.001667,-0.023580,-0.015408,0.030988,0.017668,-0.030512,-0.008424,-0.028156,-0.002150,-0.014454
0.000302,-0.000000,0.009533,0.028193,-0.009373,-0.010817,0.012565,0.000500,-0.015479,-0.004821,0.007439,0.000015,-0.038869,-0.011064,-0.021547,0.011648,-0.011875
0.000441,0.006324,0.002654,0.041155,-0.007183,-0.009744,0.013863,0.002617,-0.008478,-0.002012,-0.000013,-0.011914,-0.042934,-0.012098,-0.012567,0.038359,-0.011685
0.003379,0.019745,-0.000048,0.048864,-0.004699,-0.007002,0.013423,0.005315,-0.002898,-0.000713,-0.002075,-0.026052,-0.043393,-0.012686,-0.001965,0.045440,-0.009874
0.004292,0.034716,-0.005874,0.046476,-0.003281,-0.009124,0.008994,0.007931,-0.000001,-0.000643,-0.006363,-0.028958,-0.037596,-0.011539,0.002736,0.044469,-0.006733
0.001663,0.036338,-0.017425,0.037458,-0.002907,-0.011519,0.003716,0.006873,0.004023,-0.001043,-0.011158,-0.027187,-0.031281,-0.009333,0.008720,0.037658,-0.003356
0.000017,0.032270,-0.013250,0.023838,-0.002115,-0.012377,0.000431,0.004873,0.003366,-0.001276,-0.014515,-0.023372,-0.020883,-0.006034,0.017177,0.025550,-0.000637
-0.003353,0.023455,-0.007432,0.014573,-0.001450,-0.011591,-0.001059,0.002380,0.002206,-0.005297,-0.012161,-0.018466,-0.010406,-0.002495,0.011782,0.018044,0.000149
-0.000879,0.011697,-0.003211,0.006295,-0.000627,-0.005947,-0.001468,0.000628,0.000863,-0.003547,-0.007377,-0.009120,-0.003788,-0.001076,0.005089,0.008396,0.000929
