AU01,AU02,AU04,AU05,AU06,AU07,AU09,AU10,AU12,AU14,AU15,AU17,AU20,AU23,AU25,AU26,AU45
0.009525,-0.000733,-0.000758,0.005001,0.000601,0.003014,0.000201,-0.000742,0.000623,-0.000265,-0.001221,0.000229,-0.000658,-0.000752,0.002011,0.003622,-0.000812
0.015524,-0.000334,-0.000792,0.007322,0.000319,0.002831,0.001543,-0.001839,0.001131,0.001476,-0.001550,0.000766,-0.000817,-0.000571,0.004663,0.008102,-0.000602
0.019444,0.000597,-0.000918,0.008371,-0.000521,0.001635,0.003080,-0.003481,0.001662,0.003518,-0.001895,-0.000159,-0.000600,0.000103,0.007022,0.013028,-0.000259
0.020850,0.001875,-0.000620,0.008991,-0.001801,-0.000591,0.004275,-0.005189,0.002517,0.005375,-0.001993,-0.001547,-0.000053,0.001540,0.008594,0.016367,0.000377
0.020275,0.003111,0.000323,0.008526,-0.002905,-0.002400,0.004968,-0.006282,0.003445,0.006876,-0.001640,-0.002996,0.000683,0.003188,0.009361,0.018442,0.000962
0.017368,0.005452,0.001361,0.006885,-0.003526,-0.003844,0.005471,-0.006549,0.004508,0.008143,-0.000816,-0.004001,0.001294,0.004968,0.009465,0.019006,0.001401
0.012726,0.008278,0.002268,0.003704,-0.003332,-0.005440,0.005241,-0.005520,0.005304,0.008113,0.000215,-0.005576,0.002417,0.006362,0.008285,0.017353,0.001655
0.006931,0.010730,0.002714,0.000312,-0.002454,-0.006919,0.004216,-0.004360,0.005575,0.007127,0.000399,-0.007169,0.003591,0.007274,0.006199,0.014455,0.001615
0.000938,0.011116,0.002811,-0.003896,-0.001096,-0.007909,0.002726,-0.003074,0.006187,0.005661,-0.001477,-0.008416,0.004743,0.007499,0.003904,0.010565,0.001632
-0.003676,0.009887,0.003126,-0.008173,0.000554,-0.009218,0.001398,-0.001968,0.007097,0.004919,-0.004093,-0.008592,0.005135,0.006908,0.001830,0.005900,0.001738
-0.005497,0.007621,0.002559,-0.012393,0.002401,-0.007923,0.000881,-0.000868,0.007756,0.005215,-0.006648,-0.007001,0.004511,0.005048,0.000222,0.001269,0.002145
-0.006601,0.005125,0.001038,-0.016775,0.003414,-0.004566,0.000576,0.000016,0.008028,0.006486,-0.008759,-0.006239,0.003448,0.003077,-0.001432,-0.003456,0.002746
-0.006763,0.002883,-0.000449,-0.019374,0.003348,-0.000133,0.000084,0.001073,0.008536,0.009331,-0.011126,-0.005338,0.001945,0.001860,-0.003482,-0.009849,0.003383
-0.004382,0.000398,-0.001240,-0.020342,0.002716,0.006321,-0.000835,0.002643,0.008777,0.012258,-0.012390,-0.003836,-0.000198,0.000934,-0.006093,-0.015565,0.003535
-0.000479,-0.000601,-0.002088,-0.018736,0.002194,0.013637,-0.001479,0.005593,0.008851,0.015025,-0.010865,-0.000731,-0.002982,0.000208,-0.007614,-0.018805,0.003054
0.004680,-0.000474,-0.002745,-0.013370,0.001873,0.018025,-0.001413,0.009951,0.007742,0.016948,-0.006473,0.002911,-0.004796,-0.000750,-0.008021,-0.018782,0.002011
0.008968,-0.000824,-0.003224,-0.003904,0.001576,0.018492,-0.001080,0.013607,0.005162,0.016913,-0.000093,0.007189,-0.005482,-0.001586,-0.006917,-0.014482,0.000652
0.010837,-0.002375,-0.003486,0.003755,0.001214,0.014322,-0.000599,0.015893,0.002632,0.014365,0.004890,0.010588,-0.004003,-0.002410,-0.004491,-0.007433,-0.000797
0.010026,-0.005290,-0.003040,0.008524,0.000843,0.005081,0.000085,0.016162,0.000454,0.010318,0.008810,0.012949,-0.001252,-0.003449,-0.000691,0.001788,-0.001718
0.006427,-0.009706,-0.002616,0.010668,0.001035,-0.003236,0.001690,0.014209,-0.002053,0.004458,0.011900,0.014615,0.002094,-0.005247,0.003392,0.010806,-0.002392
0.001043,-0.013398,-0.002119,0.010705,0.001361,-0.009307,0.003353,0.010917,-0.004247,-0.002415,0.014927,0.014334,0.006041,-0.006578,0.007442,0.017653,-0.002358
-0.004047,-0.013914,-0.000794,0.008855,0.001657,-0.012528,0.004719,0.006643,-0.005432,-0.007209,0.014653,0.011625,0.009810,-0.007023,0.010639,0.019262,-0.002107
-0.006634,-0.011001,0.001569,0.004558,0.001680,-0.012132,0.004931,0.001378,-0.005552,-0.010970,0.011676,0.007445,0.011627,-0.006542,0.011105,0.015890,-0.001853
-0.007145,-0.005182,0.004140,-0.000680,0.002001,-0.007694,0.004036,-0.002544,-0.004839,-0.013550,0.008949,0.002685,0.010912,-0.005226,0.010557,0.009766,-0.001674
-0.004754,0.000683,0.006622,-0.003035,0.002341,-0.001751,0.003138,-0.004327,-0.004613,-0.014109,0.007025,-0.001279,0.007930,-0.003686,0.008735,0.002332,-0.001897
-0.001307,0.004914,0.007403,-0.001180,0.002683,0.004481,0.002852,-0.004341,-0.004678,-0.013446,0.006158,-0.003021,0.002631,-0.001356,0.005336,-0.003668,-0.002247
0.001904,0.007112,0.006799,0.000249,0.002417,0.009558,0.003072,-0.002705,-0.004475,-0.011816,0.004497,-0.002852,-0.002884,0.001271,0.000458,-0.009785,-0.002694
0.004288,0.006090,0.004582,0.000187,0.001355,0.011052,0.003210,-0.000515,-0.004053,-0.009437,0.002183,-0.001166,-0.008873,0.003906,-0.004486,-0.012938,-0.002908
0.004787,0.001209,0.001076,-0.000321,-0.000247,0.011576,0.003752,0.001455,-0.004286,-0.006914,-0.000771,0.002062,-0.013789,0.005650,-0.008902,-0.012646,-0.002827
0.003092,-0.005494,-0.003116,-0.000379,-0.001983,0.011233,0.004144,0.003408,-0.004311,-0.004369,-0.002794,0.005422,-0.015523,0.006570,-0.011973,-0.009293,-0.002179
0.000899,-0.009822,-0.006318,0.000147,-0.003449,0.009606,0.003963,0.004438,-0.003973,-0.001092,-0.005126,0.006787,-0.013359,0.006289,-0.013058,-0.004966,-0.001207
-0.000781,-0.009523,-0.007590,0.000522,-0.004343,0.005741,0.002337,0.003470,-0.003048,0.001526,-0.007748,0.006440,-0.009003,0.004761,-0.012344,-0.001415,0.000032
-0.002080,-0.003894,-0.006597,0.000806,-0.004567,0.001138,-0.000817,0.001509,-0.002025,0.002698,-0.008282,0.003871,-0.003503,0.002179,-0.008293,0.001088,0.001407
-0.002019,0.003491,-0.002068,0.002134,-0.004328,-0.005642,-0.004707,-0.001631,-0.001752,0.002628,-0.006269,-0.000349,0.002022,-0.001869,-0.001609,0.002737,0.002758
-0.001289,0.011257,0.001879,0.004304,-0.002425,-0.012738,-0.007367,-0.004122,-0.001453,0.001331,-0.003054,-0.004338,0.006862,-0.005229,0.004731,0.004592,0.003794
-0.000368,0.017308,0.005155,0.005514,0.000189,-0.018213,-0.008101,-0.005190,-0.001272,0.000357,0.000324,-0.007529,0.010577,-0.007569,0.009423,0.004667,0.004276
0.000328,0.020069,0.006940,0.005523,0.002769,-0.021245,-0.007350,-0.005698,-0.001338,-0.000708,0.002984,-0.009550,0.010917,-0.008075,0.011794,0.004085,0.003891
0.000166,0.017757,0.007033,0.004918,0.004419,-0.020932,-0.005300,-0.005754,-0.001620,-0.001765,0.003884,-0.009259,0.008108,-0.007248,0.011634,0.004140,0.002811
-0.001422,0.011767,0.005316,0.005402,0.004757,-0.016651,-0.002601,-0.005285,-0.001461,-0.002221,0.003532,-0.007639,0.004217,-0.005102,0.009049,0.004812,0.001433
-0.003837,0.003577,0.003072,0.006688,0.003659,-0.009855,-0.000407,-0.004441,-0.000963,-0.002114,0.002604,-0.005655,0.000586,-0.002090,0.004078,0.005651,0.000036
-0.006550,-0.004619,0.000022,0.008433,0.001914,-0.001882,0.000516,-0.004096,0.000013,-0.002107,0.000946,-0.003601,-0.002435,0.001316,-0.001653,0.006024,-0.001122
-0.008961,-0.010448,-0.003025,0.009663,-0.000409,0.006054,-0.000027,-0.004200,0.000927,-0.002631,-0.000775,-0.001921,-0.004733,0.004661,-0.005395,0.005890,-0.002082
-0.010076,-0.014189,-0.003203,0.009164,-0.003170,0.009898,-0.001657,-0.005639,0.001333,-0.004418,-0.001290,-0.001200,-0.006886,0.006310,-0.005853,0.005335,-0.002283
-0.009412,-0.014603,-0.003815,0.006786,-0.004704,0.009454,-0.003437,-0.006342,0.001320,-0.007146,-0.001093,-0.000955,-0.007354,0.007111,-0.004482,0.004552,-0.002198
-0.006580,-0.011931,-0.004458,0.001991,-0.005135,0.005461,-0.004796,-0.005670,0.000670,-0.008146,-0.000571,-0.001151,-0.005997,0.006959,-0.001939,0.003929,-0.001795
-0.002562,-0.006771,-0.005041,-0.004767,-0.004574,0.001806,-0.005374,-0.004029,-0.000817,-0.007421,-0.000631,-0.001514,-0.004237,0.006042,0.000966,0.003157,-0.001577
0.001478,-0.002022,-0.005369,-0.012373,-0.003514,-0.000944,-0.004913,-0.002471,-0.002247,-0.005341,-0.001571,-0.001374,-0.002839,0.004436,0.004063,0.003321,-0.001823
0.004900,0.002824,-0.005350,-0.016627,-0.002536,-0.001251,-0.003680,-0.001705,-0.003259,-0.002655,-0.002424,-0.000632,-0.001730,0.002712,0.007057,0.003884,-0.002250
0.007261,0.006114,-0.004029,-0.016670,-0.002248,-0.000544,-0.002470,-0.001206,-0.004096,0.000234,-0.002237,0.000746,-0.000982,0.001069,0.008189,0.003715,-0.002528
0.008779,0.009008,-0.003001,-0.012569,-0.002498,0.001810,-0.001364,-0.001243,-0.004070,0.002811,-0.001207,0.002444,0.000133,-0.000382,0.006849,0.002456,-0.002178
0.008999,0.010445,-0.000785,-0.005912,-0.002820,0.004683,-0.000515,-0.001699,-0.003485,0.004780,-0.000312,0.004138,0.001491,-0.001398,0.004199,0.000641,-0.001341
0.007939,0.009389,0.002904,0.000600,-0.003084,0.007309,0.000667,-0.002982,-0.002512,0.004733,0.000760,0.005254,0.001534,-0.002420,0.001661,-0.001908,0.000137
0.005762,0.006289,0.005484,0.006785,-0.002568,0.007996,0.002024,-0.004032,-0.001535,0.003103,0.002142,0.004936,0.000991,-0.003021,-0.000596,-0.005102,0.001512
0.003708,0.003787,0.006941,0.012665,-0.001415,0.006325,0.003123,-0.003802,-0.000842,0.001764,0.003422,0.003345,0.000770,-0.003196,-0.002488,-0.007287,0.002438
0.002230,0.002529,0.007551,0.016315,0.000295,0.004591,0.004072,-0.002151,-0.000916,0.001706,0.003639,0.000803,0.001049,-0.003357,-0.004473,-0.008300,0.002483
0.000584,0.001876,0.007960,0.016673,0.002261,0.002749,0.004933,0.000298,-0.001159,0.002747,0.002649,-0.001646,0.001219,-0.003294,-0.006018,-0.008410,0.001546
-0.001045,0.000679,0.007884,0.015124,0.003930,0.002298,0.005123,0.002496,-0.001323,0.003959,0.001522,-0.002944,0.000638,-0.002753,-0.006413,-0.007493,-0.000060
-0.002616,-0.001996,0.006177,0.013406,0.004694,0.002133,0.004362,0.004292,-0.001759,0.005050,0.000750,-0.002978,-0.000875,-0.001755,-0.006033,-0.006597,-0.002083
-0.003019,-0.002879,0.002204,0.011592,0.003847,0.002050,0.002725,0.004854,-0.001921,0.005215,0.000649,-0.001971,-0.002535,-0.000473,-0.005695,-0.005331,-0.003582
-0.002629,-0.002824,-0.001350,0.008460,0.001840,0.000876,0.000492,0.004280,-0.001735,0.004322,0.000367,-0.000473,-0.003925,0.000589,-0.005222,-0.004147,-0.004429
-0.002158,-0.002710,-0.004143,0.003071,-0.000891,-0.000120,-0.001530,0.002606,-0.001184,0.001713,-0.000183,0.000954,-0.005287,0.001341,-0.004201,-0.003323,-0.004282
-0.002477,-0.004403,-0.007164,-0.003464,-0.003225,-0.003152,-0.002743,0.000167,-0.000325,-0.001398,-0.000645,0.001524,-0.006431,0.001651,-0.002135,-0.002666,-0.003276
-0.002854,-0.006213,-0.009619,-0.007265,-0.004793,-0.007488,-0.002889,-0.001309,0.000754,-0.004050,-0.000888,0.000899,-0.006265,0.001300,0.000774,-0.000885,-0.002000
-0.003148,-0.007165,-0.010813,-0.008732,-0.005317,-0.012261,-0.002023,-0.002188,0.001384,-0.005133,-0.001335,-0.000931,-0.004046,0.000317,0.003339,0.002501,-0.000644
-0.003383,-0.006197,-0.008713,-0.008541,-0.004876,-0.016857,-0.000384,-0.001950,0.001402,-0.003884,-0.001941,-0.002384,-0.000795,-0.000683,0.005092,0.005248,0.000633
-0.003266,-0.004892,-0.003950,-0.007412,-0.003592,-0.019138,0.001338,-0.000671,0.001057,-0.001286,-0.002530,-0.002830,0.002277,-0.001478,0.005955,0.007383,0.001894
-0.002723,-0.004197,0.000637,-0.003122,-0.001689,-0.018150,0.002758,0.001419,0.000262,0.001651,-0.002946,-0.002688,0.004220,-0.001890,0.005917,0.007449,0.002734
-0.001731,-0.001789,0.003669,0.003503,-0.000336,-0.013762,0.003765,0.002715,-0.001183,0.003227,-0.002725,-0.002131,0.004747,-0.001873,0.004133,0.006751,0.003491
-0.000139,0.001664,0.005317,0.009582,0.000478,-0.007038,0.004241,0.002677,-0.002892,0.002975,-0.002324,-0.001767,0.003933,-0.001787,0.001426,0.004703,0.003682
0.001299,0.005889,0.005767,0.013179,0.000862,0.003006,0.003726,0.001325,-0.004456,0.000482,-0.002268,-0.001220,0.002400,-0.001187,-0.001682,0.001997,0.003418
0.001632,0.008027,0.004576,0.012562,0.001266,0.011813,0.002618,-0.001043,-0.005374,-0.003477,-0.002504,-0.000589,0.000379,-0.000753,-0.003953,-0.000833,0.002703
0.001481,0.008577,0.003411,0.009751,0.001757,0.018403,0.001727,-0.002820,-0.004990,-0.007663,-0.002245,-0.000168,-0.001477,-0.000988,-0.004987,-0.002471,0.001654
0.000529,0.008527,0.002277,0.004909,0.002395,0.021019,0.000906,-0.004224,-0.003561,-0.010789,-0.001330,0.000137,-0.002457,-0.001833,-0.004957,-0.001952,0.000618
-0.000138,0.008549,0.002840,-0.001760,0.002816,0.019123,-0.000027,-0.005001,-0.001637,-0.010693,0.000183,0.001224,-0.002764,-0.002251,-0.004011,-0.000925,-0.000215
-0.000256,0.007225,0.004247,-0.010460,0.002984,0.013824,-0.001244,-0.004787,0.000661,-0.007544,0.001746,0.002916,-0.002432,-0.002106,-0.001903,0.000684,-0.000655
0.000057,0.003981,0.005709,-0.017690,0.002974,0.007157,-0.002737,-0.003354,0.003300,-0.002908,0.002917,0.004194,-0.001615,-0.001288,0.001332,0.001000,-0.001088
0.000109,0.000842,0.006052,-0.021539,0.002235,0.000703,-0.003533,-0.001373,0.005219,0.001860,0.003345,0.004813,-0.000646,-0.000413,0.003670,0.000430,-0.001260
0.000711,-0.001761,0.005006,-0.021862,0.000697,-0.004642,-0.003263,0.000478,0.005933,0.006013,0.002993,0.003791,0.000303,-0.000008,0.004994,-0.001124,-0.000795
0.001784,-0.003248,0.002559,-0.018811,-0.001134,-0.006006,-0.002598,0.001931,0.005407,0.008244,0.001844,0.001755,0.001444,0.000250,0.005281,-0.002701,0.000205
0.002705,-0.004554,-0.000724,-0.013402,-0.002716,-0.004775,-0.001632,0.002942,0.003946,0.007797,-0.000162,-0.000925,0.002778,-0.000068,0.004736,-0.003820,0.001215
0.002955,-0.005507,-0.002757,-0.006313,-0.003696,-0.001258,-0.000309,0.003199,0.002365,0.005112,-0.002029,-0.003475,0.003605,-0.000839,0.003670,-0.003867,0.002184
0.001740,-0.005410,-0.004276,0.000478,-0.003607,0.002967,0.000831,0.002664,0.000946,0.001197,-0.002909,-0.005089,0.002670,-0.002122,0.003042,-0.002555,0.003413
0.000475,-0.003841,-0.004742,0.006193,-0.003042,0.005903,0.001420,0.001220,-0.000379,-0.002395,-0.002828,-0.005244,0.000333,-0.003137,0.002485,-0.000621,0.004608
-0.000472,-0.002595,-0.004403,0.009289,-0.002102,0.006701,0.001392,-0.000991,-0.001657,-0.004469,-0.001763,-0.004199,-0.002675,-0.003395,0.001594,0.001881,0.005471
-0.001720,-0.002760,-0.003416,0.009530,-0.000755,0.005419,0.000641,-0.003626,-0.002275,-0.005274,-0.000412,-0.002323,-0.005352,-0.002447,0.001120,0.003775,0.005161
-0.003368,-0.003673,-0.002542,0.007400,0.000842,0.002364,-0.000358,-0.006002,-0.002440,-0.004936,0.000284,0.000057,-0.007170,-0.000640,0.001044,0.004857,0.003545
-0.004230,-0.004710,-0.002095,0.003672,0.001873,-0.002971,-0.001405,-0.007555,-0.002363,-0.003373,0.000155,0.001774,-0.007762,0.001274,0.001028,0.005067,0.001756
-0.004113,-0.005246,-0.002483,0.000527,0.002120,-0.008658,-0.002281,-0.007673,-0.002224,-0.001675,-0.000347,0.002317,-0.007036,0.002853,0.000879,0.004359,-0.000033
-0.002789,-0.003469,-0.002954,-0.000267,0.001919,-0.013498,-0.002301,-0.005921,-0.002029,-0.000361,-0.001065,0.001759,-0.004786,0.004110,0.000190,0.002744,-0.001872
-0.000556,-0.000689,-0.002480,0.001129,0.001567,-0.016447,-0.001603,-0.003636,-0.001684,0.000599,-0.001550,0.000498,-0.001223,0.005168,-0.001171,0.000798,-0.003668
0.001084,0.002369,-0.002288,0.002798,0.001815,-0.016171,-0.000575,-0.001095,-0.000940,0.000983,-0.001557,-0.001043,0.001348,0.005690,-0.001303,-0.001162,-0.004632
0.002435,0.005267,-0.002207,0.005030,0.002003,-0.012501,0.000405,0.001380,0.000075,0.000916,-0.001383,-0.002287,0.003313,0.005391,-0.000631,-0.002743,-0.004783
0.003462,0.007267,-0.001065,0.007152,0.001833,-0.005851,0.001298,0.003101,0.000848,0.001318,-0.000864,-0.002729,0.004753,0.004423,-0.001015,-0.004148,-0.004170
0.003599,0.008518,0.000891,0.007575,0.001445,0.002876,0.001984,0.003756,0.001472,0.001648,0.000076,-0.001355,0.005597,0.002998,-0.002802,-0.004953,-0.003136
0.002785,0.009101,0.002844,0.005000,0.000606,0.012116,0.002030,0.003617,0.001894,0.001469,0.000994,0.001328,0.006037,0.001184,-0.004233,-0.003653,-0.002008
0.001772,0.008628,0.004266,-0.000579,-0.000627,0.017886,0.001051,0.002984,0.002184,0.001172,0.001577,0.004256,0.006229,-0.000797,-0.004671,-0.000575,-0.000623
0.000170,0.006848,0.005022,-0.006609,-0.001915,0.019654,-0.000710,0.002293,0.002209,0.000392,0.002140,0.006794,0.006087,-0.002883,-0.004356,0.003590,0.000719
-0.001736,0.005709,0.005157,-0.011407,-0.002878,0.017669,-0.002041,0.002196,0.001977,-0.000639,0.002400,0.008765,0.005332,-0.004211,-0.003531,0.007247,0.001937
-0.002965,0.004166,0.004537,-0.014190,-0.003514,0.011921,-0.002771,0.002332,0.001231,-0.001286,0.002414,0.009538,0.004272,-0.004495,-0.002481,0.009813,0.002599
-0.003608,0.001424,0.002885,-0.015554,-0.003283,0.004288,-0.002690,0.002839,0.000486,-0.001522,0.001860,0.008435,0.002332,-0.003598,-0.000257,0.010507,0.002919
-0.003121,-0.002623,0.001270,-0.014051,-0.002132,-0.002162,-0.001789,0.003629,-0.000043,-0.000864,0.000363,0.005117,0.000770,-0.001931,0.002737,0.009404,0.002763
-0.001629,-0.007222,0.001199,-0.009669,-0.000529,-0.006168,-0.000332,0.004159,-0.000493,0.001450,-0.001633,0.000485,-0.000152,0.000204,0.005248,0.005602,0.002186
0.000531,-0.010453,0.002365,-0.003929,0.001344,-0.007071,0.001503,0.003930,-0.000828,0.003790,-0.003317,-0.002972,-0.000774,0.002381,0.005587,-0.000006,0.001524
0.002546,-0.011643,0.003175,0.001688,0.002289,-0.005886,0.002826,0.003131,-0.000985,0.005381,-0.004126,-0.005065,-0.001049,0.003716,0.004322,-0.004842,0.000859
0.004362,-0.010963,0.003185,0.006344,0.002365,-0.004948,0.003276,0.002304,-0.000812,0.006172,-0.003943,-0.006275,-0.000801,0.004075,0.002528,-0.008549,0.000277
0.005406,-0.008892,0.003062,0.009535,0.002269,-0.004666,0.002747,0.001198,-0.000435,0.005479,-0.002396,-0.006670,-0.000143,0.003459,0.000254,-0.010928,-0.000234
0.005324,-0.004955,0.002473,0.011025,0.002155,-0.004989,0.001773,-0.000392,-0.000057,0.003465,-0.000240,-0.005934,0.000362,0.002616,-0.002172,-0.011678,-0.000630
0.004192,-0.000553,0.000540,0.011350,0.001649,-0.006663,0.000427,-0.002391,-0.000068,0.000376,0.001724,-0.004092,0.000386,0.001582,-0.004199,-0.010632,-0.001196
0.002274,0.003225,-0.002875,0.010295,0.001074,-0.008730,-0.000758,-0.003953,-0.000266,-0.003052,0.002921,-0.001765,0.000110,0.000746,-0.005381,-0.008414,-0.001714
0.000619,0.005828,-0.006162,0.008928,0.000866,-0.009030,-0.001364,-0.004882,-0.000428,-0.005787,0.002858,-0.000574,0.000284,0.000026,-0.005680,-0.005246,-0.002317
-0.000607,0.006592,-0.007799,0.007603,0.000919,-0.006862,-0.001264,-0.004943,-0.000551,-0.006330,0.001921,-0.000900,0.001098,-0.000592,-0.005106,-0.002300,-0.002882
-0.001270,0.005877,-0.007733,0.005995,0.001091,-0.002188,-0.000535,-0.004871,-0.000758,-0.005731,0.000451,-0.001492,0.001557,-0.000957,-0.004284,0.000082,-0.003006
-0.001671,0.003046,-0.007339,0.004286,0.000803,0.002979,0.000214,-0.004350,-0.000904,-0.004210,-0.000335,-0.002144,0.001771,-0.001380,-0.003514,0.002170,-0.002505
-0.001720,-0.001282,-0.006791,0.001807,0.000146,0.007033,0.000433,-0.002534,-0.000743,-0.001825,-0.000329,-0.002923,0.001620,-0.002051,-0.002523,0.003810,-0.001253
-0.001429,-0.005663,-0.005683,-0.001510,-0.000595,0.010189,0.000152,0.000293,-0.000377,0.000206,0.000729,-0.003839,0.001173,-0.002791,-0.001416,0.004183,0.000585
-0.000662,-0.007569,-0.003970,-0.005028,-0.001140,0.012636,-0.000518,0.003184,0.000055,0.002202,0.002602,-0.004412,-0.000011,-0.002851,-0.000070,0.003696,0.002216
0.000675,-0.007042,-0.001628,-0.007865,-0.001751,0.013055,-0.001574,0.005277,0.000284,0.003351,0.003949,-0.003772,-0.001861,-0.002324,0.001566,0.003170,0.003287
0.002029,-0.003791,0.000526,-0.009029,-0.001986,0.011399,-0.002772,0.006611,0.000246,0.003680,0.004634,-0.001396,-0.003551,-0.001247,0.002994,0.002755,0.003765
0.002654,0.001278,0.001559,-0.008333,-0.001923,0.007274,-0.003839,0.006770,0.000009,0.002928,0.004243,0.001806,-0.004712,-0.000011,0.003899,0.002920,0.003328
0.002079,0.006665,0.001796,-0.006770,-0.001573,0.002199,-0.004074,0.005978,-0.000343,0.002414,0.002729,0.004751,-0.004369,0.000988,0.004117,0.002653,0.002043
0.000263,0.010382,0.001576,-0.004628,-0.001228,-0.001360,-0.003419,0.003562,-0.001041,0.001550,0.000375,0.006731,-0.003505,0.001596,0.003914,0.001798,0.000207
-0.002440,0.010363,0.000684,-0.002377,-0.001176,-0.004014,-0.001873,0.000367,-0.001722,0.000440,-0.001080,0.007327,-0.001487,0.001708,0.002654,0.000121,-0.001517
-0.005348,0.006707,-0.000276,-0.001136,-0.001235,-0.007428,-0.000442,-0.002731,-0.002225,-0.000866,-0.001576,0.006792,0.000804,0.001279,0.000778,-0.001988,-0.002805
-0.007911,0.001119,-0.001054,-0.000789,-0.001644,-0.009936,0.000819,-0.005532,-0.002711,-0.002741,-0.000743,0.005623,0.003196,0.000644,-0.001297,-0.004503,-0.003355
-0.009495,-0.003448,-0.001187,-0.001079,-0.001979,-0.009204,0.001900,-0.007933,-0.002975,-0.003877,0.001062,0.004021,0.004699,0.000146,-0.002508,-0.007020,-0.003350
-0.009314,-0.006495,0.000592,-0.002376,-0.002101,-0.007336,0.002700,-0.009237,-0.002796,-0.004439,0.002378,0.002313,0.005172,-0.000159,-0.002174,-0.007964,-0.002765
-0.006998,-0.006605,0.004164,-0.003402,-0.001607,-0.004490,0.002837,-0.009158,-0.002270,-0.004272,0.003402,0.001254,0.004827,-0.000184,-0.000997,-0.006851,-0.001719
-0.004098,-0.004592,0.007482,-0.003322,-0.000909,-0.003783,0.001928,-0.007783,-0.001388,-0.003547,0.003397,0.001034,0.003575,0.000125,0.000684,-0.003004,-0.000497
-0.001551,-0.000970,0.009466,-0.003136,0.000088,-0.004336,0.000904,-0.005638,-0.000156,-0.001706,0.001403,0.000994,0.002443,0.000684,0.002651,0.001559,0.000771
0.000108,0.002280,0.009404,-0.002060,0.001281,-0.002747,0.000005,-0.003582,0.000933,0.000483,-0.002104,0.000510,0.001194,0.001170,0.005030,0.005819,0.001959
0.000882,0.003893,0.007240,-0.000763,0.001945,0.001034,-0.000405,-0.001776,0.002073,0.002842,-0.005289,-0.000817,0.000559,0.001369,0.006133,0.008882,0.003209
0.001298,0.003998,0.004089,0.001543,0.002195,0.004280,-0.000604,0.000146,0.002934,0.004740,-0.007670,-0.002506,0.000018,0.001294,0.005789,0.010432,0.003956
0.001690,0.003173,0.000568,0.004826,0.001986,0.006758,-0.000546,0.001470,0.003140,0.005715,-0.007975,-0.003791,-0.000419,0.001183,0.003966,0.009786,0.004051
0.001992,0.001940,-0.002681,0.008803,0.001262,0.009201,-0.000194,0.001064,0.002848,0.005864,-0.006392,-0.004486,-0.001076,0.000925,0.001562,0.006817,0.003706
0.001587,0.000163,-0.005074,0.011489,0.000328,0.007310,0.000430,0.000141,0.002408,0.004907,-0.003310,-0.004719,-0.001768,0.000299,-0.000253,0.001846,0.003424
0.001426,-0.001334,-0.006116,0.012047,-0.000459,0.002473,0.001004,0.000007,0.001634,0.002913,0.001008,-0.004343,-0.002903,-0.000678,-0.001569,-0.003574,0.003024
0.001875,-0.002332,-0.005137,0.009775,-0.000917,-0.005449,0.000871,0.001146,0.000836,0.000736,0.005588,-0.003422,-0.004419,-0.001605,-0.001989,-0.007284,0.002359
0.002355,-0.002652,-0.002625,0.004975,-0.000509,-0.013623,0.000630,0.002913,0.000254,-0.001421,0.008091,-0.002422,-0.005652,-0.002104,-0.001820,-0.008950,0.001438
0.002526,-0.002844,-0.000523,-0.000442,0.001036,-0.018753,0.000200,0.004487,-0.000140,-0.003905,0.008421,-0.001890,-0.006323,-0.002143,-0.000777,-0.009167,0.001052
0.002275,-0.002889,0.001471,-0.005493,0.002722,-0.018448,-0.000231,0.005272,-0.000045,-0.005952,0.007434,-0.001928,-0.006304,-0.001898,0.000221,-0.007732,0.001278
0.002277,-0.002353,0.003261,-0.008618,0.004115,-0.011965,-0.000455,0.006376,0.000189,-0.006719,0.005487,-0.001906,-0.006154,-0.001413,0.000803,-0.003892,0.001654
0.003135,-0.000904,0.004844,-0.009436,0.005317,-0.000756,-0.000493,0.007378,0.000437,-0.005736,0.002932,-0.001661,-0.005745,-0.000657,0.000613,0.001517,0.001638
0.004195,0.000739,0.005908,-0.007563,0.005775,0.013222,-0.000427,0.006612,0.000813,-0.003551,-0.000329,-0.000890,-0.004940,0.000244,-0.000300,0.007443,0.001019
0.004128,0.002309,0.005700,-0.003793,0.005454,0.022719,-0.000280,0.003965,0.001349,-0.000767,-0.003022,0.000190,-0.003441,0.000894,-0.001538,0.010679,0.000715
0.002955,0.003444,0.003797,0.000813,0.004135,0.028251,0.000048,0.001340,0.001555,0.002065,-0.004793,0.001575,-0.001937,0.001103,-0.003142,0.011081,0.000359
0.002048,0.004319,0.001774,0.002937,0.002119,0.028677,0.000417,-0.000530,0.001445,0.004989,-0.005411,0.003245,-0.000423,0.001117,-0.004401,0.009258,-0.000476
0.000878,0.004705,-0.000076,0.002693,0.000039,0.024758,0.001134,-0.001410,0.000997,0.006985,-0.005709,0.005111,0.000957,0.000967,-0.005335,0.006456,-0.001979
-0.000670,0.003684,-0.002961,0.000366,-0.001192,0.017331,0.001753,-0.001905,0.000254,0.006691,-0.005627,0.005979,0.002092,0.000826,-0.005397,0.002098,-0.002922
-0.002717,0.001735,-0.004804,-0.003066,-0.001295,0.009074,0.002203,-0.002072,-0.000354,0.003689,-0.004861,0.005504,0.004036,0.000532,-0.004682,-0.002961,-0.001978
-0.004139,-0.000762,-0.004807,-0.006382,-0.000317,0.004967,0.003386,-0.000465,-0.000814,-0.000241,-0.002809,0.004343,0.005656,-0.000155,-0.003848,-0.006612,0.003880
-0.003847,-0.003113,-0.001409,-0.009064,0.002587,0.005352,0.004776,0.003073,-0.000783,-0.003079,-0.000317,0.003001,0.007079,-0.001554,-0.003768,-0.008209,0.015706
-0.001400,-0.004747,0.004349,-0.010204,0.006135,0.008437,0.005551,0.007097,-0.000085,-0.004574,0.001359,0.002086,0.008401,-0.003156,-0.003940,-0.007466,0.029502
0.002110,-0.005163,0.011005,-0.009098,0.009509,0.009834,0.005394,0.009483,0.001053,-0.004634,0.002345,0.001644,0.009422,-0.004792,-0.003956,-0.005626,0.042244
0.004451,-0.004502,0.016068,-0.005255,0.011143,0.011527,0.004757,0.009797,0.001920,-0.003600,0.002448,0.000980,0.008981,-0.006044,-0.003601,-0.003143,0.048284
0.006202,-0.002536,0.017656,-0.000496,0.009798,0.011545,0.003604,0.008038,0.001833,-0.001622,0.001869,0.000033,0.006603,-0.005928,-0.002989,-0.000800,0.043688
0.006193,-0.000050,0.014694,0.004765,0.004824,0.006550,0.001603,0.003878,0.000834,0.000170,0.001127,-0.000853,0.002775,-0.003927,-0.001962,0.001672,0.026941
0.004060,0.001142,0.006475,0.009364,-0.003026,-0.005342,-0.001390,-0.002493,-0.001001,0.001177,0.000133,-0.002226,-0.002637,-0.000048,0.000819,0.003419,-0.001495
-0.000219,0.001142,-0.006363,0.012502,-0.012154,-0.022017,-0.005260,-0.009641,-0.003299,-0.000089,-0.001364,-0.004417,-0.006907,0.004928,0.005740,0.004170,-0.036885
-0.004666,0.000299,-0.020123,0.014084,-0.020481,-0.037002,-0.007701,-0.015564,-0.005379,-0.002465,-0.002537,-0.007141,-0.010204,0.009707,0.010616,0.004445,-0.068035
-0.008134,-0.001777,-0.029515,0.015029,-0.024637,-0.045844,-0.008602,-0.018244,-0.006455,-0.004033,-0.003078,-0.009035,-0.011904,0.012019,0.013500,0.004168,-0.084251
-0.008309,-0.004045,-0.032677,0.015576,-0.024828,-0.048260,-0.008709,-0.017519,-0.005860,-0.003876,-0.003096,-0.009448,-0.010812,0.011839,0.014137,0.002967,-0.083836
-0.005580,-0.006006,-0.029166,0.015356,-0.020779,-0.045462,-0.008184,-0.014061,-0.003580,-0.001670,-0.002499,-0.007491,-0.006752,0.009062,0.012705,0.001430,-0.067070
-0.002964,-0.007222,-0.020681,0.014200,-0.013763,-0.035258,-0.006094,-0.008946,-0.000387,0.001811,-0.001482,-0.004133,-0.001757,0.003822,0.010051,-0.000202,-0.040869
-0.000265,-0.006847,-0.011080,0.011379,-0.005774,-0.018198,-0.002631,-0.002460,0.002193,0.005839,-0.000116,0.000729,0.002358,-0.002309,0.005640,-0.002340,-0.012927
0.001576,-0.005561,-0.001966,0.006890,0.001488,0.000572,0.000140,0.003307,0.003878,0.008294,0.001846,0.006176,0.005150,-0.007228,-0.000198,-0.004337,0.010987
0.001895,-0.003306,0.005495,0.000962,0.006848,0.015506,0.001750,0.007352,0.004434,0.008892,0.004384,0.011101,0.006307,-0.009655,-0.005356,-0.005899,0.025546
0.000516,-0.000259,0.008798,-0.005377,0.009600,0.024145,0.001989,0.009583,0.003689,0.006929,0.006067,0.013840,0.006806,-0.009369,-0.008317,-0.006576,0.028987
-0.000956,0.003557,0.008811,-0.011868,0.010131,0.025880,0.001887,0.009673,0.001831,0.003401,0.006306,0.013798,0.006326,-0.006197,-0.010117,-0.005661,0.024638
-0.001857,0.006495,0.007565,-0.015360,0.009725,0.022157,0.001743,0.008646,-0.000598,-0.000839,0.005035,0.011268,0.004650,-0.002260,-0.010750,-0.003175,0.017211
-0.000803,0.009107,0.006287,-0.015174,0.008056,0.014566,0.001266,0.006612,-0.002744,-0.004275,0.002824,0.006542,0.002520,0.001814,-0.010196,-0.000264,0.009973
0.001527,0.010492,0.005778,-0.013156,0.006121,0.003625,0.000489,0.004100,-0.003864,-0.005794,0.000292,0.000295,0.001101,0.005270,-0.008492,0.002764,0.005547
0.003662,0.010350,0.006429,-0.009560,0.004102,-0.006472,0.000337,0.001480,-0.003807,-0.005335,-0.001425,-0.006517,-0.000012,0.006866,-0.005390,0.005278,0.004006
0.005456,0.008813,0.006227,-0.005509,0.001960,-0.012705,0.001295,-0.000511,-0.003293,-0.003001,-0.002249,-0.010989,-0.001112,0.006192,-0.002247,0.006094,0.003645
0.006570,0.006544,0.005332,-0.000962,0.000318,-0.014263,0.001812,-0.001992,-0.002407,-0.000278,-0.002242,-0.013032,-0.002510,0.004044,0.000301,0.005182,0.003711
0.006364,0.005372,0.004076,0.003015,-0.000662,-0.011575,0.001779,-0.002361,-0.001201,0.001978,-0.000803,-0.012378,-0.003640,0.001229,0.002404,0.002102,0.003643
0.004752,0.005095,0.002548,0.006155,-0.001092,-0.004910,0.001450,-0.001464,0.000270,0.003184,0.001302,-0.010357,-0.004500,-0.001961,0.003669,-0.002212,0.003469
0.002679,0.005162,0.001140,0.007516,-0.000984,0.002835,0.001261,-0.000513,0.001287,0.003359,0.002832,-0.006787,-0.004981,-0.004087,0.003542,-0.006124,0.003388
0.000913,0.004189,-0.000014,0.008927,-0.000670,0.009041,0.001366,0.000061,0.001767,0.002231,0.003124,-0.002412,-0.004998,-0.005211,0.002272,-0.008140,0.002947
0.000038,0.003273,-0.000801,0.010659,-0.000609,0.012577,0.001670,0.000153,0.001882,0.000736,0.002348,0.002151,-0.004474,-0.005246,0.000474,-0.008520,0.002654
-0.000515,0.001822,-0.001406,0.009465,-0.000440,0.012757,0.001861,-0.000116,0.002067,-0.000766,0.000512,0.005859,-0.003038,-0.004125,-0.001202,-0.006929,0.002409
-0.001169,-0.000600,-0.001015,0.005242,-0.000263,0.011126,0.002006,-0.000512,0.002497,-0.002000,-0.000810,0.008413,-0.001096,-0.002301,-0.002207,-0.003982,0.002551
-0.002071,-0.004339,-0.000689,-0.001303,-0.000203,0.008267,0.002050,-0.001136,0.002750,-0.002731,-0.001439,0.010610,0.001026,-0.000750,-0.002638,-0.000343,0.002633
-0.002784,-0.007520,-0.000242,-0.006854,-0.000129,0.004922,0.001491,-0.001884,0.002694,-0.002962,-0.001622,0.011176,0.003076,0.000341,-0.002625,0.003923,0.002281
-0.003810,-0.008332,-0.000151,-0.010669,0.000166,0.001918,0.000388,-0.002046,0.002463,-0.002629,-0.001460,0.010136,0.004948,0.000852,-0.002261,0.006814,0.001615
-0.004913,-0.007004,-0.000205,-0.012516,0.000688,0.000189,-0.001140,-0.001086,0.002098,-0.001799,-0.000972,0.007238,0.005524,0.000629,-0.001602,0.007381,0.001018
-0.005672,-0.004794,-0.000559,-0.012387,0.001245,-0.000631,-0.002356,0.000500,0.001250,-0.000872,-0.000803,0.003499,0.004840,0.000108,-0.000690,0.006031,0.000419
-0.005140,-0.003117,-0.001160,-0.010286,0.001381,-0.001873,-0.003056,0.001636,0.000099,-0.000388,-0.001069,-0.000403,0.002922,-0.000438,0.000270,0.004365,0.000031
-0.003661,-0.001637,-0.001678,-0.005590,0.001017,-0.003761,-0.002964,0.002204,-0.001112,-0.000084,-0.001600,-0.003801,0.001043,-0.000900,0.001107,0.002207,0.000070
-0.001291,-0.000520,-0.002245,-0.000687,0.000456,-0.005491,-0.002056,0.002446,-0.002016,-0.000156,-0.002249,-0.005662,-0.000071,-0.000836,0.001998,0.000227,0.000381
0.000963,0.000010,-0.001947,0.003222,0.000212,-0.005834,-0.000597,0.002517,-0.002282,-0.000183,-0.002222,-0.005632,-0.000693,-0.000174,0.002894,-0.001638,0.000952
0.002351,-0.000367,-0.000972,0.004625,0.000281,-0.005389,0.000780,0.002371,-0.002015,-0.000150,-0.001079,-0.003594,-0.000922,0.000785,0.003802,-0.002790,0.001537
0.003181,-0.001048,0.000948,0.004568,0.000440,-0.004177,0.001547,0.001789,-0.001333,0.000280,0.000843,-0.000906,-0.000419,0.002061,0.004676,-0.002209,0.001639
0.002883,-0.001053,0.003123,0.003577,0.000889,-0.002228,0.001805,0.000989,-0.000141,0.001657,0.002653,0.001310,0.000724,0.003214,0.004877,-0.000630,0.001141
0.002420,0.000351,0.005348,0.001817,0.001603,0.001145,0.001260,0.000348,0.001077,0.003686,0.003892,0.002674,0.001221,0.004052,0.004351,0.000128,0.000420
0.001529,0.001856,0.006845,0.000290,0.002344,0.006219,0.000272,0.000121,0.001962,0.005502,0.004210,0.002414,0.001201,0.004347,0.003318,-0.000174,-0.000484
0.001374,0.002380,0.007080,-0.001817,0.002588,0.010465,-0.000978,-0.000115,0.002389,0.006416,0.003561,0.000703,0.000214,0.003949,0.002085,-0.000583,-0.001115
0.001024,0.001533,0.005476,-0.002992,0.002118,0.012781,-0.002133,-0.000425,0.002391,0.005707,0.001704,-0.001729,-0.000942,0.002721,0.000527,-0.000981,-0.001304
0.001170,-0.000214,0.002492,-0.003011,0.000924,0.012687,-0.003001,-0.000424,0.002100,0.003282,-0.000645,-0.004043,-0.001968,0.001191,-0.000856,-0.001381,-0.001127
0.001420,-0.002246,-0.001319,-0.001382,-0.000244,0.011355,-0.003364,-0.000094,0.001685,-0.000099,-0.003148,-0.005671,-0.002975,-0.000472,-0.001896,-0.001607,-0.000565
0.001431,-0.003646,-0.004876,0.000626,-0.001174,0.007591,-0.003126,0.000546,0.001169,-0.004111,-0.004987,-0.006046,-0.003867,-0.002069,-0.002580,-0.001379,0.000230
0.000631,-0.004736,-0.007504,0.002076,-0.001955,0.001907,-0.002657,0.000815,0.000588,-0.007754,-0.006114,-0.004915,-0.004042,-0.003110,-0.002272,-0.000122,0.000957
-0.000458,-0.004599,-0.008863,0.002882,-0.002349,-0.005260,-0.001825,0.000731,0.000257,-0.009299,-0.006520,-0.002838,-0.003297,-0.003545,-0.001241,0.001964,0.001453
-0.001401,-0.002461,-0.008478,0.002646,-0.002268,-0.011259,-0.001109,0.000910,0.000100,-0.008406,-0.005781,-0.000070,-0.002240,-0.003339,-0.000281,0.003867,0.001674
-0.002326,0.000964,-0.006051,0.001961,-0.001738,-0.012930,-0.000318,0.001449,0.000081,-0.005920,-0.004125,0.001141,-0.000925,-0.002608,0.000359,0.004982,0.001454
-0.002675,0.004102,-0.002358,0.000192,-0.001270,-0.011129,0.000689,0.002045,-0.000068,-0.002376,-0.002289,0.000650,0.000646,-0.001632,0.000631,0.005331,0.000915
-0.003069,0.005556,0.000616,-0.001656,-0.001012,-0.007022,0.001997,0.002302,-0.000207,0.000935,-0.001129,-0.000426,0.002272,-0.000747,-0.000060,0.004829,0.000195
-0.003212,0.004641,0.002913,-0.003078,-0.000841,-0.002318,0.003033,0.002330,-0.000036,0.003537,-0.000267,-0.001803,0.003199,0.000003,-0.000969,0.003173,-0.000673
-0.003010,0.001764,0.004333,-0.003556,-0.000632,0.001579,0.003975,0.001986,0.000359,0.005224,0.000610,-0.002425,0.003073,0.000674,-0.001919,0.001142,-0.001515
-0.002308,-0.001459,0.004776,-0.003829,-0.000267,0.003455,0.004659,0.001337,0.000755,0.005756,0.001516,-0.001927,0.001972,0.001098,-0.002928,-0.000958,-0.002210
-0.001864,-0.004940,0.003895,-0.004301,0.000041,0.003162,0.005017,-0.000061,0.000928,0.004885,0.001845,0.000089,0.000861,0.001169,-0.003717,-0.002345,-0.002597
-0.000311,-0.006743,0.002188,-0.004636,0.000383,0.000378,0.005019,-0.002149,0.000871,0.003299,0.001708,0.003238,0.000056,0.000956,-0.003889,-0.002999,-0.002270
0.001150,-0.006747,0.000167,-0.004405,0.000746,-0.004089,0.004397,-0.003556,0.000475,0.001672,0.002289,0.006837,-0.000087,0.000528,-0.003464,-0.002584,-0.001510
0.002456,-0.004607,-0.000934,-0.001922,0.001098,-0.007159,0.003342,-0.003490,-0.000368,0.000459,0.003645,0.008171,0.000337,0.000001,-0.002567,-0.001440,-0.000558
0.003731,-0.001193,-0.001238,0.001991,0.000922,-0.007892,0.001327,-0.002333,-0.001667,0.000028,0.004115,0.007153,0.001121,-0.000531,-0.001213,0.000490,0.000263
0.004800,0.002007,-0.001527,0.007114,0.000563,-0.005881,-0.001186,-0.000792,-0.002986,0.000058,0.003939,0.004432,0.002131,-0.000902,-0.000385,0.002245,0.000783
0.005391,0.004089,-0.001619,0.012336,0.000494,-0.000944,-0.003653,0.000841,-0.003917,0.000487,0.002318,0.000487,0.002476,-0.001162,0.000002,0.003661,0.000830
0.005316,0.004717,-0.000652,0.017005,0.000606,0.004118,-0.005433,0.002035,-0.004313,0.000559,0.000295,-0.003324,0.001920,-0.001031,-0.000267,0.004401,0.000402
0.004507,0.004559,0.001734,0.018629,0.000605,0.008886,-0.006735,0.002638,-0.004274,0.000555,-0.001585,-0.005390,0.000300,-0.000511,-0.000819,0.004330,-0.000501
0.003005,0.003507,0.004159,0.016645,0.000477,0.012017,-0.007085,0.002293,-0.003791,0.000289,-0.003358,-0.005443,-0.001403,0.000076,-0.001626,0.003574,-0.001639
0.000967,0.001738,0.006428,0.010666,0.000197,0.012544,-0.006281,0.000475,-0.002847,-0.000404,-0.004609,-0.003624,-0.002799,0.000717,-0.001681,0.002086,-0.002394
-0.001714,-0.000341,0.008085,0.001819,-0.000152,0.009841,-0.004132,-0.002013,-0.001605,-0.001565,-0.004607,-0.001164,-0.003329,0.001152,-0.000775,0.000423,-0.002874
-0.004364,-0.002039,0.008927,-0.005532,-0.000677,0.005302,-0.000688,-0.003663,-0.000600,-0.002687,-0.003305,0.000452,-0.002752,0.001188,0.000826,-0.001445,-0.003052
-0.006112,-0.002542,0.008615,-0.009917,-0.001753,-0.000370,0.002173,-0.004666,0.000144,-0.003276,-0.002403,0.000945,-0.001933,0.000813,0.003244,-0.002747,-0.002944
-0.006622,-0.003201,0.007044,-0.010967,-0.002569,-0.006266,0.004067,-0.004751,0.000837,-0.002888,-0.000230,0.000368,-0.001015,0.000424,0.005936,-0.003626,-0.002473
-0.005974,-0.003614,0.004051,-0.009370,-0.002666,-0.009689,0.005250,-0.004043,0.001163,-0.001458,0.001556,-0.000513,-0.000483,0.000062,0.007826,-0.003198,-0.001836
-0.004234,-0.003598,-0.000586,-0.006311,-0.001991,-0.011016,0.005752,-0.002755,0.001428,0.000085,0.003364,-0.001603,0.000436,-0.000088,0.007468,-0.001897,-0.001048
-0.001796,-0.002138,-0.004580,-0.003605,-0.001225,-0.009617,0.005300,-0.001229,0.001430,0.001483,0.005115,-0.001226,0.001633,-0.000053,0.005213,0.000069,-0.000040
0.001024,0.000768,-0.008124,-0.000601,-0.000355,-0.006709,0.004116,0.000539,0.001329,0.002131,0.006243,0.000397,0.002634,0.000176,0.002062,0.002243,0.001104
0.002441,0.003761,-0.010357,0.000819,0.000171,-0.003195,0.002564,0.001400,0.001210,0.002185,0.007172,0.003199,0.003177,0.000750,-0.000355,0.003812,0.002374
0.002371,0.006243,-0.011180,0.000135,0.000455,0.000284,0.001098,0.001252,0.001198,0.001489,0.007743,0.005993,0.002955,0.001577,-0.001681,0.004340,0.003412
0.001761,0.008223,-0.011018,-0.001580,0.000471,0.003361,0.000212,0.000787,0.001178,0.000006,0.007319,0.007699,0.002108,0.002265,-0.002273,0.003472,0.003668
0.001449,0.009884,-0.009711,-0.003061,-0.000099,0.003997,-0.000723,-0.000489,0.001208,-0.001567,0.004586,0.006786,0.000456,0.002465,-0.001922,0.001421,0.003227
0.001754,0.010150,-0.007188,-0.004066,-0.000567,0.002361,-0.001875,-0.001706,0.001466,-0.002734,0.000497,0.003444,-0.001425,0.002300,-0.000665,-0.000920,0.002507
0.002187,0.008542,-0.003692,-0.004012,-0.000290,0.000088,-0.002991,-0.002687,0.001251,-0.003266,-0.004251,-0.000587,-0.003607,0.001556,0.000830,-0.002894,0.001394
0.002835,0.005012,-0.001450,-0.005024,0.000777,-0.001859,-0.003225,-0.002971,0.000846,-0.002631,-0.008499,-0.004775,-0.004978,0.000507,0.000993,-0.004005,0.000068
0.003296,0.001694,0.000242,-0.006788,0.001874,-0.003098,-0.002669,-0.003139,0.000168,-0.001048,-0.011405,-0.007675,-0.004984,-0.000862,-0.000289,-0.004124,-0.000585
0.003276,-0.001944,0.001134,-0.006841,0.002687,-0.003126,-0.002266,-0.002570,-0.000528,0.000349,-0.013097,-0.009069,-0.003774,-0.002165,-0.001171,-0.003070,-0.000515
0.002535,-0.004038,0.002039,-0.005416,0.002567,-0.001883,-0.002161,-0.001818,-0.001120,0.001075,-0.012266,-0.008295,-0.001743,-0.002963,-0.001158,-0.001521,0.000245
0.001100,-0.005356,0.003335,-0.002630,0.001448,0.001043,-0.002232,-0.001111,-0.001477,0.000471,-0.008450,-0.005712,0.000390,-0.002931,-0.000248,-0.001032,0.001256
-0.000221,-0.005064,0.004558,0.000777,-0.000311,0.004524,-0.002254,-0.000275,-0.001612,-0.001302,-0.002220,-0.002069,0.001708,-0.002035,0.000594,-0.001596,0.001793
-0.001084,-0.003945,0.005471,0.004045,-0.002396,0.005506,-0.002026,0.000215,-0.001451,-0.002579,0.004262,0.000467,0.002108,-0.000618,0.001291,-0.003407,0.001775
-0.001098,-0.002381,0.006303,0.006463,-0.004090,0.004381,-0.001957,0.000709,-0.000936,-0.003076,0.009193,0.001492,0.002220,0.001050,0.001604,-0.005223,0.001527
-0.000599,-0.002791,0.007408,0.007856,-0.004310,0.003183,-0.001755,0.001553,-0.000849,-0.002581,0.011583,0.000473,0.001499,0.002168,0.001318,-0.006957,0.000812
0.000017,-0.005127,0.007735,0.006693,-0.002933,0.002329,-0.000188,0.002949,-0.001120,-0.000709,0.011192,-0.001836,0.000296,0.002555,0.000010,-0.007862,-0.000394
-0.000037,-0.006192,0.006275,0.004374,-0.000758,0.001702,0.002759,0.004071,-0.001893,0.002210,0.009024,-0.004629,-0.001472,0.001958,-0.002029,-0.007470,-0.001238
-0.001188,-0.007958,0.002993,0.001803,0.001557,0.002355,0.005273,0.005214,-0.002829,0.005491,0.004898,-0.007329,-0.003130,0.000515,-0.002905,-0.005360,-0.001592
-0.002882,-0.008208,-0.001319,-0.000080,0.003417,0.003666,0.006638,0.006134,-0.003587,0.008086,0.000291,-0.007817,-0.003754,-0.001174,-0.002695,-0.001627,-0.001287
-0.004117,-0.008181,-0.003992,-0.000660,0.004189,0.005985,0.006779,0.006045,-0.004052,0.008292,-0.003565,-0.006208,-0.002299,-0.002703,-0.001743,0.000990,-0.000646
-0.004621,-0.006439,-0.005074,0.000402,0.003792,0.006838,0.005947,0.004976,-0.004202,0.005692,-0.005391,-0.002591,0.000513,-0.003568,-0.001323,0.002632,-0.000020
-0.004414,-0.003035,-0.005626,0.002777,0.002596,0.004573,0.004505,0.002660,-0.003693,0.002068,-0.005472,0.002303,0.004242,-0.003478,-0.001247,0.003217,0.000363
-0.003799,0.001962,-0.005583,0.006186,0.001046,-0.001156,0.002187,-0.000658,-0.002474,-0.002019,-0.004053,0.008197,0.008428,-0.002452,-0.001476,0.004397,0.000617
-0.003423,0.003541,-0.004606,0.008335,0.000121,-0.006123,-0.000251,-0.003554,-0.001027,-0.005435,-0.003262,0.011710,0.010717,-0.000688,-0.002252,0.005278,0.000537
-0.003269,0.002035,-0.002935,0.007044,-0.000020,-0.009466,-0.002102,-0.005544,0.000580,-0.007390,-0.003673,0.012649,0.010834,0.001248,-0.003396,0.005903,0.000269
-0.003296,0.001807,-0.002415,0.003916,-0.000192,-0.012320,-0.002939,-0.006087,0.001851,-0.007598,-0.003408,0.010693,0.008461,0.002710,-0.003552,0.006578,-0.000001
-0.003543,0.002615,-0.003194,-0.000702,-0.000746,-0.014030,-0.003531,-0.005383,0.002641,-0.005980,-0.002760,0.005602,0.003687,0.003399,-0.001513,0.007129,-0.000260
-0.004341,0.004713,-0.005176,-0.004810,-0.001404,-0.014183,-0.004195,-0.003448,0.003180,-0.002822,-0.001526,0.000300,-0.002035,0.003385,0.002127,0.007219,-0.000154
-0.004234,0.005425,-0.005122,-0.006785,-0.002197,-0.012026,-0.004843,-0.000903,0.002920,0.000801,-0.000431,-0.004124,-0.006155,0.002728,0.005883,0.005034,0.000079
-0.003062,0.005383,-0.002739,-0.006687,-0.003077,-0.009071,-0.005030,0.001709,0.002043,0.003514,0.000825,-0.006971,-0.008065,0.001533,0.008103,0.001062,0.000328
-0.000726,0.005525,0.000285,-0.004863,-0.003659,-0.006020,-0.004451,0.003647,0.001082,0.004738,0.001750,-0.007613,-0.007939,0.000128,0.008682,-0.003808,0.000301
0.001942,0.006841,0.003451,-0.000423,-0.003838,-0.004070,-0.003603,0.004249,0.000242,0.004022,0.002715,-0.005581,-0.005732,-0.001336,0.007243,-0.007161,0.000072
0.003065,0.005099,0.006156,0.005060,-0.003115,0.000107,-0.002201,0.003981,-0.000374,0.001936,0.002582,-0.002672,-0.004308,-0.002256,0.003645,-0.008076,0.000056
0.002998,0.000203,0.007878,0.006637,-0.001467,0.008041,-0.000049,0.002478,-0.000503,-0.001245,0.000928,0.000658,-0.003725,-0.002674,-0.001719,-0.007087,0.001772
0.004289,-0.002310,0.009810,0.003298,0.001566,0.017486,0.003220,0.000932,-0.000352,-0.004411,-0.000626,0.003521,-0.002875,-0.003407,-0.006666,-0.003534,0.006916
0.006815,-0.000240,0.011270,-0.004436,0.005369,0.025545,0.006626,-0.001358,0.000016,-0.006006,-0.001762,0.004400,-0.001997,-0.004458,-0.010346,0.001075,0.017364
0.009608,0.005640,0.012106,-0.013170,0.009247,0.032381,0.009470,-0.003709,0.000778,-0.005366,-0.002278,0.004278,-0.000425,-0.005511,-0.011910,0.005445,0.031474
0.012526,0.011351,0.013222,-0.019478,0.012297,0.036536,0.011470,-0.005077,0.001166,-0.002357,-0.002478,0.003801,0.002434,-0.006124,-0.011919,0.007501,0.044767
0.014451,0.013914,0.014847,-0.022154,0.013783,0.037044,0.012060,-0.005469,0.000985,0.001262,-0.002089,0.003125,0.006012,-0.006179,-0.010703,0.007700,0.052615
0.014720,0.013257,0.014970,-0.021727,0.013164,0.032413,0.011179,-0.004626,0.000648,0.003634,-0.000857,0.002549,0.008714,-0.005757,-0.007882,0.006501,0.050037
0.012461,0.009238,0.012288,-0.016458,0.010126,0.021417,0.008016,-0.002543,0.000433,0.004163,0.001026,0.002260,0.010284,-0.004708,-0.003731,0.003795,0.034426
0.006284,0.000563,0.005777,-0.005530,0.004393,0.005318,0.002019,0.000651,-0.000563,0.002946,0.003136,0.002149,0.008563,-0.002420,0.000208,0.001775,0.007154
-0.003256,-0.012573,-0.004793,0.007053,-0.004390,-0.011495,-0.005146,0.003667,-0.001869,-0.000995,0.005144,0.001793,0.003649,0.001247,0.004047,0.000151,-0.027785
-0.011194,-0.024100,-0.014255,0.017117,-0.012489,-0.024987,-0.011458,0.006230,-0.003254,-0.006635,0.007326,0.001039,-0.002152,0.004692,0.007789,0.000315,-0.062357
-0.016361,-0.029701,-0.022113,0.022540,-0.017936,-0.036524,-0.016309,0.006564,-0.004084,-0.010789,0.008783,-0.000521,-0.007559,0.007129,0.009581,0.000502,-0.085716
-0.018251,-0.028182,-0.026816,0.024443,-0.020163,-0.042240,-0.018868,0.005702,-0.004190,-0.011490,0.008572,-0.002082,-0.010418,0.008641,0.009371,0.001216,-0.092049
-0.016787,-0.020678,-0.027306,0.023672,-0.019162,-0.042039,-0.018298,0.004797,-0.003473,-0.007994,0.006330,-0.003118,-0.010353,0.009299,0.006657,0.000348,-0.081650
-0.012902,-0.011649,-0.022752,0.020964,-0.015249,-0.035008,-0.014926,0.003881,-0.002378,-0.002624,0.002433,-0.003676,-0.008165,0.009121,0.002224,-0.000826,-0.058046
-0.007751,-0.002233,-0.015029,0.015250,-0.009562,-0.023288,-0.009262,0.003123,-0.000579,0.002828,-0.000882,-0.003368,-0.005111,0.007710,-0.002644,-0.001977,-0.029090
-0.002383,0.005170,-0.006779,0.008613,-0.002801,-0.009559,-0.002729,0.002669,0.002308,0.007360,-0.003303,-0.001822,-0.001774,0.005367,-0.005355,-0.003806,-0.002429
0.001535,0.009355,-0.000099,0.003110,0.003027,0.000998,0.002126,0.002710,0.004387,0.010356,-0.004680,0.000909,0.000516,0.002950,-0.007259,-0.005767,0.017773
0.003288,0.009586,0.003508,0.000095,0.005533,0.006988,0.005552,0.002779,0.005457,0.010655,-0.004834,0.003395,0.001394,0.001435,-0.006863,-0.006792,0.028425
0.004373,0.006734,0.005385,-0.001498,0.005800,0.010899,0.007319,0.002568,0.005594,0.008200,-0.002973,0.004994,0.001165,0.000290,-0.004369,-0.006150,0.030156
0.005051,0.003181,0.004961,-0.003030,0.004948,0.009920,0.007421,0.000494,0.005268,0.004703,-0.000412,0.005135,0.000391,-0.000873,-0.000773,-0.004893,0.026145
0.004767,0.000428,0.003230,-0.003553,0.003840,0.006306,0.006461,-0.001519,0.004407,0.001850,0.001790,0.003641,0.000070,-0.001649,0.002861,-0.002706,0.020307
0.004218,-0.000539,0.001749,-0.002793,0.003114,0.002045,0.005009,-0.003471,0.003158,0.000282,0.002753,0.001470,0.000884,-0.001975,0.005835,0.000471,0.014749
0.003849,-0.000820,0.001606,-0.001487,0.003121,-0.000039,0.003625,-0.004718,0.001660,-0.000432,0.002311,-0.001089,0.002139,-0.001892,0.007794,0.004308,0.011114
0.003245,-0.000487,0.002602,-0.001163,0.003711,0.000259,0.002507,-0.005156,0.000406,-0.000526,0.001328,-0.003537,0.003514,-0.001860,0.008111,0.007969,0.008919
0.003067,0.000046,0.003935,-0.001698,0.005169,0.003657,0.001710,-0.005020,-0.000037,-0.000612,-0.000145,-0.005138,0.004816,-0.001865,0.008376,0.010778,0.007272
0.002846,0.002296,0.005261,-0.004323,0.005379,0.006513,0.001001,-0.004165,-0.000027,-0.000312,-0.001854,-0.004282,0.004744,-0.002246,0.006708,0.008729,0.006222
0.002611,0.004325,0.006070,-0.005961,0.004955,0.007914,0.000643,-0.003035,-0.000040,-0.000110,-0.003159,-0.002823,0.004217,-0.002225,0.004876,0.006121,0.005147
0.002428,0.005220,0.006209,-0.006590,0.003843,0.008773,0.000353,-0.001796,-0.000003,-0.000069,-0.003423,-0.000991,0.003197,-0.001992,0.002948,0.003215,0.004376
0.002370,0.005336,0.005331,-0.006915,0.002229,0.007935,0.000087,-0.001253,0.000218,-0.000059,-0.003122,0.000791,0.001998,-0.001786,0.001318,0.000249,0.003565
0.001776,0.004993,0.003740,-0.006715,0.000641,0.005521,0.000004,-0.000474,0.000518,0.000154,-0.002521,0.001679,0.000666,-0.001519,-0.000150,-0.002807,0.002847
0.001088,0.004248,0.002228,-0.005477,-0.000525,0.002741,-0.000008,-0.000125,0.000597,0.000217,-0.001864,0.002005,-0.000169,-0.001172,-0.000978,-0.004291,0.002030
0.000650,0.003201,0.001094,-0.003697,-0.001093,0.000761,0.000100,0.000055,0.000491,0.000250,-0.001094,0.001807,-0.000606,-0.000761,-0.001068,-0.004235,0.001204
0.000154,0.001702,0.000382,-0.001808,-0.000955,-0.000311,0.000155,0.000122,0.000267,0.000291,-0.000400,0.001086,-0.000573,-0.000403,-0.000802,-0.002752,0.000474
