AU01,AU02,AU04,AU05,AU06,AU07,AU09,AU10,AU12,AU14,AU15,AU17,AU20,AU23,AU25,AU26,AU45
-0.035510,-0.002450,-0.016275,0.010994,0.000073,0.001499,0.008029,-0.001435,-0.009005,-0.011000,-0.008398,-0.001931,0.006872,0.028865,-0.002799,-0.003206,-0.003760
-0.035521,-0.002634,-0.016268,0.013207,0.000349,0.002121,0.008935,-0.000995,-0.007888,-0.011452,-0.006085,-0.001026,0.005465,0.029815,-0.003719,-0.004061,-0.004180
-0.034955,-0.002252,-0.016498,0.013926,0.000673,0.004037,0.009688,-0.000919,-0.006794,-0.011710,-0.005760,-0.000593,0.006108,0.031129,-0.004280,-0.005300,-0.004527
-0.033965,-0.001849,-0.015910,0.014434,0.000938,0.006167,0.010126,-0.000819,-0.005998,-0.011056,-0.006115,-0.000959,0.006892,0.031977,-0.004167,-0.005971,-0.004639
-0.032474,-0.001106,-0.014922,0.015748,0.001360,0.008389,0.010307,-0.000418,-0.004802,-0.010254,-0.005434,-0.001327,0.007278,0.032301,-0.003870,-0.006430,-0.004672
-0.030944,-0.000541,-0.013706,0.016807,0.002050,0.010603,0.010225,-0.000147,-0.003384,-0.008875,-0.005205,-0.001865,0.007494,0.032095,-0.003633,-0.006760,-0.004884
-0.028898,-0.000169,-0.012561,0.017578,0.002795,0.012717,0.009971,-0.000015,-0.001979,-0.006766,-0.004237,-0.002367,0.007537,0.031743,-0.002938,-0.007154,-0.005495
-0.026303,-0.000007,-0.011451,0.016604,0.003733,0.013843,0.010370,0.000021,-0.000884,-0.004839,-0.003125,-0.002801,0.007187,0.031325,-0.003289,-0.007401,-0.006019
-0.023478,0.000066,-0.010125,0.015436,0.004669,0.014279,0.010563,0.000208,-0.000166,-0.003143,-0.001971,-0.003112,0.006184,0.030455,-0.003591,-0.006613,-0.006495
-0.020205,0.000366,-0.008535,0.012917,0.005350,0.014470,0.010332,0.001089,0.000013,-0.001775,-0.000917,-0.003273,0.005120,0.029310,-0.003796,-0.005760,-0.006747
-0.016633,0.000290,-0.006594,0.010456,0.005865,0.014580,0.009902,0.002692,0.000375,-0.000738,-0.000112,-0.002722,0.003837,0.027646,-0.003987,-0.004907,-0.006423
-0.013362,0.000262,-0.004647,0.008715,0.006318,0.015722,0.009586,0.004424,0.001243,-0.000357,0.000110,-0.002156,0.002989,0.025507,-0.003963,-0.004018,-0.005678
-0.009903,0.000350,-0.002178,0.006983,0.006722,0.016783,0.009073,0.006378,0.002795,-0.000108,0.001359,-0.001865,0.001322,0.022656,-0.003391,-0.002583,-0.004582
-0.006480,0.000501,-0.000436,0.005253,0.007052,0.017594,0.007817,0.008143,0.005667,0.000000,0.003987,-0.001523,0.000710,0.019541,-0.002652,-0.001400,-0.003790
-0.004000,0.000692,0.000107,0.003393,0.007305,0.018141,0.005993,0.009984,0.009960,0.000241,0.008439,-0.001138,0.000603,0.017186,-0.001913,-0.000566,-0.002743
-0.003577,0.000432,0.000216,0.001816,0.006550,0.019245,0.003616,0.011503,0.008948,0.001669,0.008591,-0.001151,0.000467,0.015253,-0.002425,-0.000446,-0.002260
-0.005516,-0.000081,0.000062,0.001159,0.006062,0.019324,0.001360,0.010591,0.007035,0.003818,0.008045,-0.000740,0.000552,0.014513,-0.003987,-0.000852,-0.001348
-0.007909,-0.001825,-0.000005,0.000564,0.005276,0.014830,0.000124,0.009086,0.004794,0.004539,0.007644,-0.000373,0.000998,0.014280,-0.004780,-0.001307,-0.000263
-0.010545,-0.005169,-0.000407,0.000130,0.004415,0.010405,-0.000137,0.007317,0.002718,0.004390,0.008373,-0.000129,0.000864,0.014374,-0.006728,-0.000494,-0.000008
-0.013890,-0.009455,-0.001027,-0.000005,0.003467,0.006866,-0.000727,0.003653,0.000494,0.003386,0.009571,0.000001,0.000638,0.015530,-0.006882,-0.000039,0.000714
-0.014167,-0.011322,-0.001734,-0.000227,0.002549,0.005185,-0.001559,0.001091,-0.000029,0.002487,0.010879,0.000049,0.000659,0.016528,-0.006867,0.000239,0.001826
-0.014959,-0.010540,-0.003356,-0.000362,0.002138,0.004803,-0.001795,-0.000011,-0.001063,0.001872,0.009912,-0.000005,0.001354,0.015844,-0.004823,0.000822,0.001584
-0.014530,-0.008593,-0.003683,-0.000556,0.001748,0.004459,-0.001953,-0.000463,-0.002457,0.001208,0.009661,-0.000278,0.002092,0.015229,-0.002455,0.000441,0.001278
-0.014441,-0.006248,-0.002534,-0.000487,0.001338,0.003853,-0.001700,-0.001961,-0.003801,0.000277,0.011016,-0.000612,0.001506,0.014981,-0.000566,-0.000042,0.001026
-0.014489,-0.004399,-0.001416,-0.000442,0.000968,0.002755,-0.002195,-0.003478,-0.005192,0.000001,0.012348,-0.000926,0.000533,0.015119,-0.000006,-0.000488,0.002037
-0.013616,-0.002979,-0.000573,-0.000009,0.001173,0.001757,-0.003230,-0.005607,-0.005236,-0.000094,0.013310,-0.000792,0.000090,0.014969,0.001161,-0.000650,0.001636
-0.012689,-0.002361,-0.000166,0.000499,0.001868,0.001557,-0.004745,-0.007418,-0.005234,-0.000371,0.014923,-0.000163,-0.000058,0.015331,0.004516,-0.000226,0.001596
-0.010757,-0.002636,-0.000153,0.001326,0.003153,0.001815,-0.007257,-0.008977,-0.003567,-0.000813,0.017716,0.000035,-0.000773,0.015335,0.008046,-0.000010,0.000640
-0.007380,-0.002275,-0.000164,0.002474,0.004859,0.000393,-0.008818,-0.009387,-0.000991,-0.000570,0.018347,0.000197,-0.002636,0.015041,0.013907,0.000074,0.000000
-0.004488,-0.001464,-0.000177,0.002619,0.006783,0.000132,-0.010548,-0.008433,-0.000022,-0.000436,0.016115,0.000095,-0.004416,0.014940,0.021874,0.000202,-0.000316
-0.003334,-0.001715,-0.000088,0.003744,0.008661,0.000025,-0.012336,-0.007072,0.000407,-0.000569,0.013504,-0.000239,-0.006521,0.014214,0.031940,0.000682,-0.000831
-0.002262,-0.001410,-0.000019,0.006580,0.010969,-0.000001,-0.013132,-0.005774,0.001808,-0.001150,0.011663,-0.001326,-0.008912,0.012659,0.042833,0.001783,-0.001214
-0.001546,-0.001040,0.000106,0.010297,0.013591,-0.000037,-0.013836,-0.005142,0.003968,-0.001677,0.009115,-0.003207,-0.011885,0.009214,0.053825,0.003811,-0.001473
-0.000685,-0.000530,0.000611,0.014267,0.015893,-0.000241,-0.014935,-0.004556,0.007129,-0.001811,0.008358,-0.005517,-0.014774,0.002771,0.067963,0.005897,-0.001478
-0.000021,-0.000146,0.002251,0.014496,0.018281,-0.000898,-0.015117,-0.004448,0.011029,-0.001309,0.009198,-0.009224,-0.017732,-0.000172,0.082066,0.006580,-0.001541
0.000201,0.000012,0.004314,0.014534,0.020597,-0.002210,-0.014764,-0.004072,0.015814,-0.000852,0.010066,-0.013160,-0.021969,-0.003146,0.095830,0.007781,-0.001776
0.000679,0.001200,0.006463,0.013993,0.022350,-0.003756,-0.014345,-0.002840,0.020494,-0.000643,0.010808,-0.017074,-0.026179,-0.008021,0.108623,0.009085,-0.002048
0.001444,0.001304,0.007884,0.013383,0.023756,-0.005626,-0.012910,-0.001458,0.024698,-0.000487,0.012250,-0.019471,-0.030386,-0.013783,0.120554,0.011002,-0.002036
0.002043,0.001363,0.009250,0.012855,0.024630,-0.006507,-0.010952,-0.000569,0.028460,-0.000662,0.013388,-0.021574,-0.033243,-0.020439,0.130896,0.012762,-0.002149
0.002716,0.000729,0.011563,0.012462,0.024893,-0.006833,-0.009001,-0.000097,0.032188,-0.001067,0.013760,-0.024156,-0.037357,-0.027553,0.139881,0.014526,-0.002145
0.003444,0.000322,0.014484,0.011290,0.024519,-0.006950,-0.007795,-0.000014,0.036278,-0.001419,0.013609,-0.026485,-0.039477,-0.034720,0.147767,0.014986,-0.002296
0.003673,0.000068,0.015530,0.010272,0.023513,-0.007150,-0.007741,0.000008,0.039929,-0.001743,0.012721,-0.028738,-0.039526,-0.040186,0.153428,0.015201,-0.002202
0.003965,-0.000230,0.014859,0.009191,0.021757,-0.006612,-0.007853,0.000033,0.042511,-0.001362,0.012338,-0.030979,-0.038785,-0.044593,0.157659,0.014210,-0.002501
0.004726,-0.001342,0.013728,0.009878,0.020293,-0.005987,-0.008207,0.000012,0.043683,-0.000867,0.010584,-0.031637,-0.037726,-0.046861,0.158764,0.010765,-0.002313
0.005435,-0.002897,0.012449,0.009700,0.018483,-0.008409,-0.009182,0.000079,0.044075,-0.000854,0.009839,-0.032070,-0.036713,-0.048456,0.158569,0.008215,-0.002045
0.005368,-0.004975,0.009663,0.009305,0.016417,-0.011008,-0.009698,0.000246,0.043049,-0.000941,0.009839,-0.030879,-0.036539,-0.048863,0.154078,0.006708,-0.001579
0.004172,-0.007161,0.006790,0.008955,0.013926,-0.010136,-0.009847,0.000190,0.039774,-0.001747,0.010040,-0.029528,-0.037403,-0.047443,0.148210,0.005424,-0.000793
0.002430,-0.009332,0.004134,0.008795,0.011296,-0.007494,-0.009686,0.000154,0.036554,-0.002180,0.007900,-0.028723,-0.037611,-0.044200,0.140021,0.006385,-0.000370
0.000432,-0.012218,0.001900,0.009198,0.008827,-0.004365,-0.008469,0.000038,0.032045,-0.002875,0.005481,-0.027737,-0.035296,-0.041830,0.130980,0.009085,-0.000033
-0.000265,-0.014590,0.000654,0.009724,0.005360,-0.002600,-0.007264,-0.000036,0.027154,-0.003861,0.003218,-0.026332,-0.032355,-0.038328,0.120490,0.008982,0.000076
-0.002161,-0.015778,0.000047,0.010142,0.002093,-0.001355,-0.006260,-0.000858,0.021159,-0.005458,0.002458,-0.023661,-0.028220,-0.033399,0.107276,0.005555,0.000359
-0.005603,-0.017721,-0.000052,0.010487,0.000118,-0.000387,-0.006604,-0.003783,0.015277,-0.007098,0.001412,-0.021546,-0.022868,-0.027673,0.092501,0.002504,0.000402
-0.009157,-0.019150,-0.000275,0.012156,-0.000707,-0.000010,-0.006832,-0.008138,0.010237,-0.009293,0.000622,-0.019110,-0.019293,-0.022800,0.078652,0.000882,0.000268
-0.013310,-0.018169,-0.000657,0.013771,-0.004220,0.000105,-0.007122,-0.012147,0.005550,-0.011476,0.000215,-0.015610,-0.013087,-0.017404,0.064678,0.000318,0.000201
-0.017671,-0.018275,-0.002196,0.013460,-0.008712,0.000699,-0.008183,-0.015796,0.002076,-0.013596,0.000019,-0.012177,-0.006534,-0.011706,0.051842,0.000034,0.000139
-0.020662,-0.020050,-0.004656,0.013717,-0.012129,0.000337,-0.009339,-0.018725,0.000132,-0.014071,-0.000282,-0.009103,-0.001872,-0.006306,0.041360,0.000000,-0.000038
-0.023097,-0.021635,-0.007525,0.013751,-0.015198,0.000222,-0.010144,-0.019096,-0.000454,-0.014289,-0.001749,-0.007029,-0.000109,-0.002167,0.031957,-0.000260,-0.000716
-0.025142,-0.025273,-0.010867,0.012618,-0.017681,0.000085,-0.009882,-0.017797,-0.002065,-0.015187,-0.003702,-0.005453,0.000076,-0.000179,0.023423,-0.000477,-0.002930
-0.026817,-0.027286,-0.014435,0.012244,-0.019124,-0.000033,-0.008232,-0.016630,-0.004608,-0.014449,-0.006617,-0.003976,0.001428,0.000649,0.015606,-0.000378,-0.005363
-0.028194,-0.030288,-0.016163,0.013711,-0.020258,-0.000344,-0.006588,-0.016704,-0.008428,-0.013544,-0.008433,-0.002973,0.002861,0.005197,0.011099,0.000000,-0.006658
-0.029225,-0.030886,-0.017722,0.015441,-0.021616,-0.001172,-0.005795,-0.016854,-0.011934,-0.012607,-0.008678,-0.000615,0.005336,0.011507,0.008531,0.000769,-0.005823
-0.029762,-0.033004,-0.016525,0.014765,-0.022640,-0.003040,-0.005236,-0.017350,-0.014611,-0.010616,-0.006402,-0.000146,0.008608,0.011143,0.007281,0.002336,-0.004935
-0.029091,-0.032317,-0.015398,0.014571,-0.023074,-0.005329,-0.004197,-0.017399,-0.016770,-0.010349,-0.004200,0.000000,0.010589,0.010557,0.006123,0.004234,-0.004239
-0.030104,-0.031570,-0.014234,0.014568,-0.023503,-0.006592,-0.003192,-0.016661,-0.018726,-0.010386,-0.001566,0.000160,0.011594,0.010670,0.004958,0.006858,-0.003739
-0.029228,-0.028908,-0.013812,0.014446,-0.023377,-0.007206,-0.001869,-0.015485,-0.020452,-0.010339,-0.000106,0.000794,0.012422,0.010723,0.004200,0.010912,-0.003882
-0.028921,-0.027420,-0.012161,0.013453,-0.023323,-0.007690,-0.000606,-0.014620,-0.021672,-0.009134,0.000237,0.001802,0.013607,0.009312,0.003420,0.015335,-0.003594
-0.028088,-0.026792,-0.010383,0.013095,-0.023068,-0.007674,-0.000017,-0.013721,-0.022147,-0.007755,0.001052,0.002500,0.015167,0.007858,0.001992,0.019524,-0.003538
-0.026756,-0.025665,-0.008716,0.010725,-0.022639,-0.007815,0.000232,-0.013932,-0.021687,-0.005190,0.003069,0.003274,0.017217,0.005657,0.001000,0.022048,-0.003032
-0.023059,-0.022837,-0.007659,0.008666,-0.021325,-0.008531,0.000568,-0.014040,-0.020312,-0.002379,0.005167,0.004097,0.019029,0.003256,0.000160,0.023572,-0.002898
-0.019135,-0.021164,-0.005716,0.006486,-0.019065,-0.011411,0.001001,-0.013038,-0.018290,-0.000939,0.008522,0.003920,0.018697,0.001180,0.000060,0.024715,-0.002580
-0.015204,-0.019466,-0.003425,0.004153,-0.016366,-0.015102,0.001513,-0.011100,-0.015840,-0.000402,0.010393,0.003661,0.017793,0.000247,0.000126,0.023223,-0.002284
-0.011349,-0.017842,-0.001302,0.001888,-0.013079,-0.016085,0.002199,-0.008110,-0.013670,-0.000124,0.014413,0.003265,0.015527,-0.000005,0.000355,0.021708,-0.001891
-0.008162,-0.014382,-0.000157,0.000495,-0.009828,-0.012452,0.003372,-0.005040,-0.011438,-0.000021,0.016193,0.003617,0.013709,-0.000521,0.001099,0.019835,-0.001495
-0.005587,-0.011277,0.000080,0.000008,-0.006759,-0.006933,0.004803,-0.002302,-0.009531,-0.000059,0.017831,0.003973,0.010385,-0.001310,0.001443,0.017829,-0.001047
-0.003162,-0.008343,0.001220,-0.000388,-0.003535,-0.004450,0.005942,-0.000514,-0.007224,-0.000016,0.017799,0.003547,0.007134,-0.002406,0.002208,0.015792,-0.000617
-0.001643,-0.007843,0.002397,-0.001086,-0.000907,-0.002514,0.007049,0.000106,-0.004861,-0.000012,0.017549,0.003898,0.002779,-0.002490,0.003127,0.015797,-0.000069
-0.001314,-0.007181,0.002856,-0.001753,-0.000011,-0.001041,0.007403,0.001284,-0.002382,-0.000002,0.018908,0.003063,0.000282,-0.002032,0.004190,0.016670,0.000196
-0.001145,-0.005479,0.002436,-0.002364,0.000584,-0.000144,0.007416,0.003363,-0.000826,0.000002,0.019617,0.002349,-0.000053,-0.001287,0.003289,0.015932,0.000944
-0.000834,-0.003631,0.001830,-0.002887,0.002421,0.000211,0.005667,0.003830,-0.000055,0.000015,0.019152,0.001101,-0.000339,-0.000683,0.002211,0.014415,0.000677
-0.000507,-0.001769,0.002180,-0.003645,0.004777,0.001982,0.004316,0.003208,0.000128,-0.000102,0.017997,0.000033,-0.002038,-0.000342,0.001348,0.013325,0.000330
-0.000523,-0.000090,0.003469,-0.004274,0.007158,0.005240,0.002973,0.003312,0.000923,-0.000556,0.016236,-0.000269,-0.003180,-0.000119,0.000584,0.010972,0.000569
-0.001111,0.000417,0.004176,-0.004423,0.009579,0.009526,0.001818,0.003453,0.002570,-0.001262,0.012720,-0.001427,-0.003700,-0.000012,0.000316,0.007894,0.000871
-0.001431,0.000800,0.004172,-0.003427,0.010494,0.013248,0.001087,0.002304,0.003763,-0.003076,0.008915,-0.002904,-0.004026,0.000066,0.000038,0.005636,0.001154
-0.001595,0.001230,0.002866,-0.001791,0.011002,0.018773,0.000642,0.001711,0.005056,-0.004091,0.004660,-0.004677,-0.004042,0.000431,-0.000023,0.002271,0.001418
-0.000783,0.001333,0.001438,-0.001750,0.011631,0.023716,0.000621,0.001693,0.006598,-0.005231,0.001753,-0.004723,-0.004858,0.000650,-0.000611,0.000436,0.000193
-0.000158,0.003785,0.000612,-0.001788,0.012360,0.024377,0.000601,0.002018,0.008443,-0.005055,0.000396,-0.004782,-0.002798,0.000840,-0.001847,-0.000133,-0.000312
0.000056,0.005445,0.000166,-0.001449,0.012861,0.021177,0.000371,0.001763,0.009599,-0.004616,0.000068,-0.005503,-0.001936,0.000972,-0.001598,-0.001618,-0.001287
0.000588,0.008920,0.000010,-0.001294,0.012603,0.017148,0.000071,0.001889,0.010635,-0.003268,-0.000074,-0.005620,-0.001427,0.000994,-0.000786,-0.004331,-0.001954
0.000955,0.010093,-0.000043,-0.000614,0.011233,0.012105,-0.000119,0.001886,0.011673,-0.002058,-0.000714,-0.006806,-0.001294,0.001480,-0.000282,-0.005274,-0.002277
0.001088,0.010398,-0.000434,-0.000210,0.009811,0.007731,-0.000603,0.001365,0.011479,-0.002009,-0.001273,-0.007759,-0.001196,0.002078,-0.000032,-0.007494,-0.003090
0.000455,0.008184,-0.001267,-0.000008,0.008514,0.005038,-0.001347,0.001014,0.011082,-0.002282,-0.000855,-0.008919,-0.001381,0.003748,-0.000026,-0.009011,-0.003948
0.000463,0.007936,-0.002557,0.000108,0.007123,0.003209,-0.002056,0.000739,0.010440,-0.002596,-0.000509,-0.009727,-0.001529,0.005799,-0.000016,-0.009978,-0.005994
0.000343,0.006001,-0.003347,0.000516,0.006263,0.001759,-0.001864,0.000382,0.009509,-0.002320,-0.000539,-0.010463,-0.001183,0.007050,-0.000046,-0.009656,-0.006838
0.000213,0.004235,-0.004935,0.002217,0.005126,0.000497,-0.002114,0.000111,0.008417,-0.001983,-0.000927,-0.010580,-0.000502,0.007753,-0.000337,-0.008426,-0.007144
-0.000003,0.002215,-0.007017,0.003302,0.003943,-0.000000,-0.002576,-0.000109,0.007430,-0.001151,-0.000825,-0.010550,-0.000006,0.007623,-0.000940,-0.006940,-0.005656
-0.000001,0.001111,-0.009269,0.004543,0.002894,-0.001131,-0.003373,-0.001167,0.006966,-0.000228,-0.000720,-0.009990,0.000446,0.006650,-0.002718,-0.006011,-0.004703
0.000031,0.000012,-0.010501,0.006126,0.002140,-0.004986,-0.004355,-0.001765,0.006806,0.000206,-0.001244,-0.009130,0.000566,0.005122,-0.005008,-0.005429,-0.003148
0.000118,-0.000683,-0.009969,0.005263,0.001413,-0.011755,-0.005339,-0.001223,0.007174,0.001255,-0.001983,-0.008152,0.000723,0.001763,-0.007150,-0.006031,-0.001769
0.000233,-0.002866,-0.007925,0.005432,0.001084,-0.016350,-0.006222,-0.000764,0.007530,0.002970,-0.002245,-0.006376,0.000451,0.000001,-0.008798,-0.006718,-0.000828
0.000240,-0.004478,-0.005112,0.002991,0.001066,-0.016940,-0.006207,-0.000342,0.007965,0.004889,-0.003380,-0.004825,0.000396,-0.001047,-0.009212,-0.007570,-0.000307
0.000057,-0.006572,-0.002996,0.001657,0.000970,-0.013124,-0.005641,-0.000073,0.008288,0.006052,-0.005300,-0.003262,0.000304,-0.003021,-0.010944,-0.008572,-0.000053
0.000010,-0.009507,-0.001005,0.000553,0.001048,-0.011662,-0.005168,0.000002,0.008750,0.007122,-0.007797,-0.002222,0.000249,-0.005572,-0.011434,-0.009744,0.000005
0.000314,-0.013287,-0.000169,0.000030,0.001599,-0.010195,-0.004458,0.000259,0.009501,0.008215,-0.009830,-0.000802,0.000031,-0.007285,-0.012523,-0.010764,0.000110
0.000879,-0.016448,0.000010,-0.000124,0.002244,-0.008854,-0.004285,0.001056,0.010275,0.010436,-0.008671,-0.000170,0.000005,-0.008204,-0.012645,-0.011325,0.000478
0.001605,-0.018641,0.000185,-0.001573,0.003408,-0.005813,-0.004099,0.002621,0.010931,0.012634,-0.007667,0.000020,0.000047,-0.008921,-0.013722,-0.011272,0.000830
0.002308,-0.019548,0.000445,-0.004058,0.004593,-0.003477,-0.004057,0.004758,0.012246,0.014417,-0.006192,0.000420,0.000272,-0.009561,-0.014614,-0.011283,0.001198
0.002954,-0.019247,0.000997,-0.007168,0.005881,-0.001742,-0.003669,0.005498,0.013086,0.014175,-0.003741,0.000286,0.000809,-0.010069,-0.015169,-0.011301,0.001334
0.003013,-0.017621,0.002809,-0.010215,0.007513,-0.000225,-0.003554,0.005589,0.013668,0.013108,-0.002151,0.000041,0.001902,-0.010346,-0.015330,-0.012892,0.001844
0.002596,-0.015630,0.005541,-0.012539,0.009271,0.000195,-0.003357,0.005514,0.013895,0.012193,-0.001610,-0.000156,0.002992,-0.009112,-0.015019,-0.015208,0.002284
0.002650,-0.013214,0.008001,-0.013849,0.010555,0.001822,-0.002284,0.003221,0.013163,0.010963,-0.001882,-0.000921,0.003343,-0.007764,-0.014674,-0.016654,0.002908
0.002663,-0.009627,0.008959,-0.014946,0.011699,0.005348,-0.000884,0.002947,0.012863,0.011331,-0.002537,-0.001604,0.003672,-0.006402,-0.014159,-0.018717,0.003561
0.002634,-0.006623,0.008742,-0.015921,0.012455,0.011137,-0.000061,0.003185,0.012389,0.011755,-0.003263,-0.000496,0.004376,-0.004968,-0.014492,-0.019155,0.002702
0.002828,-0.004441,0.008106,-0.017544,0.013047,0.015954,0.000256,0.003755,0.011870,0.011047,-0.002469,-0.000000,0.005231,-0.004420,-0.014182,-0.017909,0.001446
0.003675,-0.002147,0.007353,-0.018860,0.013523,0.018901,0.001335,0.004331,0.010844,0.010149,-0.001785,0.000763,0.006264,-0.003752,-0.014117,-0.015485,0.000527
0.005089,-0.000301,0.008433,-0.019836,0.014582,0.020810,0.002880,0.006213,0.010113,0.010544,-0.001694,0.001806,0.006539,-0.003150,-0.013419,-0.013235,0.000052
0.007008,0.000408,0.009491,-0.019496,0.014701,0.021951,0.004076,0.008169,0.009660,0.010976,-0.002021,0.001523,0.006158,-0.002489,-0.012658,-0.011435,-0.000040
0.007688,0.002541,0.010613,-0.019438,0.014553,0.022393,0.004951,0.009032,0.008991,0.011412,-0.001577,0.000998,0.005692,-0.001577,-0.011758,-0.011405,-0.000707
0.008395,0.005927,0.011507,-0.019065,0.014543,0.022109,0.005793,0.009329,0.007448,0.012281,-0.000838,0.000384,0.005108,-0.000390,-0.011456,-0.010145,-0.002081
0.008911,0.010358,0.012272,-0.018406,0.013054,0.021567,0.006889,0.009590,0.005744,0.012222,-0.000011,0.000087,0.004363,0.000003,-0.010958,-0.008620,-0.004434
0.008383,0.011701,0.012023,-0.016115,0.011907,0.020995,0.008516,0.009935,0.003918,0.011913,0.000534,-0.000004,0.003951,0.000730,-0.010722,-0.006423,-0.006271
0.007799,0.013285,0.010783,-0.014463,0.010272,0.019990,0.008731,0.009107,0.002259,0.010425,0.001111,-0.000022,0.003788,0.002288,-0.010015,-0.004209,-0.007461
0.006386,0.016341,0.009490,-0.013036,0.008579,0.019040,0.008288,0.006168,0.001068,0.008118,0.001923,-0.000457,0.003597,0.005183,-0.009777,-0.002229,-0.007522
0.006204,0.021840,0.008387,-0.011373,0.006746,0.016636,0.007614,0.004584,0.000286,0.005864,0.003143,-0.001265,0.003899,0.008911,-0.010248,-0.000840,-0.008400
0.006171,0.023768,0.007232,-0.008160,0.004894,0.013331,0.006276,0.002419,-0.000002,0.004454,0.003064,-0.002190,0.003945,0.013241,-0.010643,-0.000336,-0.008462
0.005134,0.021612,0.004235,-0.005707,0.002970,0.010654,0.003659,0.001905,-0.000306,0.003163,0.002960,-0.003150,0.003345,0.015080,-0.009837,-0.000147,-0.005492
0.004056,0.019110,0.002270,-0.002924,0.001346,0.008803,0.001226,0.001447,-0.000760,0.001803,0.002902,-0.003846,0.002290,0.015077,-0.008241,0.000027,-0.003051
0.003359,0.019953,0.000829,-0.001726,0.000495,0.006684,0.000297,0.001311,-0.001272,0.000648,0.002232,-0.003914,0.000946,0.014691,-0.003979,0.000547,-0.001315
0.002343,0.020323,-0.000000,-0.000735,0.000041,0.005053,0.000008,0.001200,-0.001876,0.000001,0.001262,-0.004504,0.000068,0.013787,-0.001423,0.001565,-0.000412
0.001430,0.018693,-0.000442,-0.000103,-0.000126,0.003264,-0.000069,0.000918,-0.001812,-0.000382,0.000600,-0.004851,-0.000349,0.013642,-0.000154,0.003078,-0.000000
0.000991,0.016671,-0.000761,0.000176,-0.000601,0.001766,-0.000305,0.000380,-0.001553,-0.001073,0.000608,-0.004743,-0.001669,0.013020,-0.000001,0.005080,0.000135
0.000794,0.015279,-0.001223,0.002155,-0.001224,0.000593,-0.001183,0.000062,-0.001641,-0.001499,0.001113,-0.003437,-0.002853,0.012456,0.000204,0.005445,0.000705
0.000877,0.014225,-0.001781,0.003025,-0.001375,0.000677,-0.002430,0.000022,-0.001626,-0.001625,0.001576,-0.001615,-0.003708,0.011844,0.000672,0.006335,0.000971
0.001176,0.012270,-0.002635,0.003848,-0.001527,0.000815,-0.004183,0.000059,-0.000811,-0.001912,0.002268,-0.000463,-0.004486,0.011050,0.001402,0.006589,0.001553
0.001529,0.010979,-0.003577,0.004938,-0.002051,0.000890,-0.006433,0.000094,-0.000484,-0.002230,0.004079,-0.000199,-0.003964,0.009938,0.002381,0.007051,0.001951
0.001302,0.007655,-0.003767,0.006548,-0.002933,0.001025,-0.009451,0.000140,-0.000218,-0.002878,0.006106,-0.000032,-0.002954,0.008029,0.003340,0.006064,0.002597
0.000666,0.004852,-0.003735,0.007784,-0.003623,0.000632,-0.012568,0.000182,-0.000040,-0.003015,0.007976,-0.000007,-0.001944,0.007009,0.004658,0.004994,0.003107
0.000212,0.001884,-0.003474,0.009844,-0.004270,0.000701,-0.014808,0.000001,-0.000050,-0.003267,0.009203,0.000006,-0.001639,0.006016,0.006152,0.003837,0.003675
0.000017,0.001362,-0.003279,0.010491,-0.005113,0.000268,-0.016288,-0.000081,-0.000020,-0.004557,0.010222,0.000100,-0.001493,0.006500,0.007424,0.002980,0.004472
-0.000002,0.001863,-0.002772,0.010603,-0.006286,0.000026,-0.017104,-0.000191,-0.000022,-0.005702,0.010805,0.000439,-0.001002,0.006760,0.007736,0.002110,0.004595
-0.000041,0.001309,-0.002478,0.009402,-0.006892,-0.000049,-0.016411,-0.000272,-0.000015,-0.006712,0.012502,0.000921,-0.001650,0.005534,0.007558,0.001989,0.004514
-0.000002,0.000635,-0.002645,0.008566,-0.007279,0.000031,-0.015201,-0.000092,-0.000044,-0.007673,0.013636,0.001728,-0.001634,0.003900,0.007248,0.000864,0.004635
-0.000028,0.000077,-0.002013,0.008075,-0.006321,0.000328,-0.013697,-0.000000,-0.000033,-0.007251,0.014191,0.002857,-0.001190,0.002214,0.006561,0.000189,0.004627
-0.000004,-0.000048,-0.001502,0.009034,-0.005446,0.000665,-0.011955,-0.000004,-0.000022,-0.006188,0.013087,0.003220,-0.000631,0.000815,0.004244,-0.000001,0.004219
0.000011,-0.000150,-0.000689,0.010151,-0.004557,0.000536,-0.010494,-0.000004,-0.000035,-0.004882,0.010857,0.003549,-0.000644,0.000011,0.002421,-0.000232,0.003044
0.000199,-0.000301,-0.000089,0.011437,-0.003876,-0.000023,-0.008650,0.000013,-0.000223,-0.002588,0.009227,0.003991,-0.001092,-0.000404,0.001011,-0.000398,0.001942
0.000588,-0.000467,0.000087,0.012525,-0.003897,-0.000241,-0.007418,0.000101,-0.000581,-0.001989,0.009415,0.004465,-0.002006,-0.001614,0.000301,-0.000693,0.001022
0.000282,-0.002364,0.000370,0.013887,-0.003813,-0.000650,-0.006355,0.000294,-0.001101,-0.001153,0.010510,0.003395,-0.003424,-0.003211,0.000057,-0.001112,0.000742
0.000494,-0.004915,0.000927,0.013820,-0.003403,-0.000849,-0.005573,0.000539,-0.001086,-0.000713,0.009608,0.002588,-0.004959,-0.005312,0.000010,-0.000988,0.000495
0.000799,-0.006244,0.001995,0.012030,-0.002960,-0.001338,-0.003477,0.000405,-0.000861,-0.000240,0.007438,0.001307,-0.006027,-0.006769,-0.000059,-0.000860,0.000441
0.001798,-0.003295,0.003882,0.008020,-0.002377,-0.002305,-0.001627,0.000491,-0.000760,-0.000012,0.003358,0.000564,-0.006386,-0.007999,-0.000426,-0.000903,0.000110
0.002806,-0.002666,0.006487,0.006123,-0.001970,-0.003334,-0.000364,0.000141,-0.000889,0.000035,0.000883,0.000248,-0.006876,-0.009100,-0.001492,-0.001752,-0.000039
0.003041,-0.002228,0.005711,0.003709,-0.001918,-0.003704,-0.000009,-0.000040,-0.001408,0.000142,0.000012,0.000048,-0.007743,-0.009864,-0.002736,-0.001965,-0.000022
0.002987,-0.001916,0.004957,0.002305,-0.002084,-0.003197,0.000073,-0.000536,-0.002075,0.000247,-0.000506,0.000002,-0.007810,-0.010357,-0.003969,-0.001202,-0.000007
0.003443,-0.000574,0.003737,0.000772,-0.001994,-0.003247,0.000419,-0.000913,-0.002639,0.000078,-0.002407,0.000010,-0.008235,-0.010714,-0.003228,-0.000689,0.000017
0.003794,-0.000116,0.001471,0.000068,-0.001733,-0.003878,0.001091,-0.000980,-0.002972,-0.000074,-0.005299,0.000005,-0.008932,-0.010795,-0.001484,-0.000278,0.000029
0.002520,-0.000000,0.000075,-0.000191,-0.001451,-0.004290,0.002255,-0.001253,-0.003077,-0.000787,-0.008097,0.000001,-0.010074,-0.010819,-0.000335,-0.000012,0.000265
0.001031,0.000288,-0.000094,-0.001376,-0.001469,-0.004130,0.004550,-0.001868,-0.003356,-0.001742,-0.008752,-0.000003,-0.011067,-0.009978,-0.000049,0.000096,0.000443
0.000343,0.001473,-0.000512,-0.002570,-0.001296,-0.004375,0.004716,-0.002807,-0.003621,-0.002475,-0.009210,0.000006,-0.011528,-0.008653,0.000011,0.000218,0.000950
0.000087,0.003743,-0.001080,-0.003941,-0.001068,-0.003595,0.004854,-0.002730,-0.003674,-0.002668,-0.009090,0.000107,-0.011510,-0.007137,0.000138,0.000863,0.001166
0.000066,0.005362,-0.001362,-0.004839,-0.000767,-0.003084,0.004722,-0.002431,-0.002934,-0.001886,-0.008681,0.000198,-0.011552,-0.005857,0.000400,0.001401,0.001334
0.000003,0.007010,-0.001782,-0.005604,-0.000602,-0.002703,0.004726,-0.001552,-0.002531,-0.001075,-0.008179,0.000127,-0.011408,-0.005393,0.000788,0.001970,0.001368
-0.000068,0.005976,-0.002630,-0.005623,-0.000468,-0.002180,0.004711,-0.000747,-0.002116,-0.000484,-0.007003,0.000036,-0.011350,-0.005465,0.002069,0.002744,0.001106
-0.000540,0.004589,-0.003823,-0.005296,-0.000352,-0.003280,0.004843,-0.000194,-0.001917,-0.000103,-0.005869,0.000004,-0.011351,-0.006078,0.003888,0.004091,0.000843
-0.001429,0.002377,-0.004880,-0.005485,-0.000254,-0.003913,0.005056,0.000000,-0.001715,0.000010,-0.004004,0.000013,-0.011138,-0.006602,0.005162,0.005631,0.000827
-0.003271,0.000656,-0.005495,-0.005164,-0.000278,-0.004559,0.004192,0.000039,-0.001669,0.000001,-0.002051,0.000186,-0.010737,-0.005581,0.006518,0.008880,0.001357
-0.004778,0.000208,-0.005099,-0.005638,-0.000288,-0.001962,0.002599,0.000067,-0.001755,-0.000003,-0.001123,0.000101,-0.009724,-0.004394,0.007874,0.011004,0.002088
-0.006352,0.000035,-0.003838,-0.005613,-0.000112,-0.000592,0.001641,0.000119,-0.001807,-0.000218,-0.000456,0.000091,-0.008774,-0.003294,0.009744,0.013316,0.002943
-0.007241,-0.000003,-0.002896,-0.005182,0.000026,0.000025,0.000949,0.000532,-0.001746,-0.000716,-0.000670,0.000030,-0.007781,-0.002389,0.011539,0.013275,0.004296
-0.009224,-0.000343,-0.002259,-0.002448,0.000105,0.000916,0.000267,0.001203,-0.001739,-0.000512,-0.000952,0.000000,-0.005643,-0.001618,0.013384,0.012940,0.005697
-0.010773,-0.001536,-0.002356,-0.000371,0.000176,0.003003,0.000155,0.001244,-0.001711,-0.000216,-0.001393,-0.000015,-0.004545,-0.000398,0.013171,0.009441,0.006700
-0.012190,-0.003446,-0.002219,0.000012,0.000249,0.005252,0.000035,0.001299,-0.001864,-0.000034,-0.002466,-0.000030,-0.002766,-0.000000,0.012703,0.006280,0.005879
-0.010442,-0.004909,-0.000510,0.000788,0.000507,0.005798,0.000014,0.002359,-0.001689,0.000187,-0.003071,-0.000003,-0.001982,0.000064,0.011982,0.003205,0.004529
-0.008998,-0.006520,0.000005,0.002591,0.000646,0.008153,0.000024,0.003510,-0.001047,0.000317,-0.003569,0.000000,-0.001299,0.000111,0.010866,0.000997,0.003318
-0.006943,-0.006351,0.000423,0.004839,0.000908,0.010168,0.000042,0.004659,-0.000945,0.000698,-0.003278,-0.000105,-0.001386,0.000017,0.010849,0.000203,0.002241
-0.004793,-0.005600,0.001377,0.007517,0.001818,0.012256,0.000014,0.005605,-0.000202,0.001093,-0.002200,-0.000464,-0.000777,-0.000026,0.012014,0.000011,0.001387
-0.002653,-0.004938,0.002722,0.009440,0.002855,0.012153,0.000018,0.006648,0.000015,0.002131,-0.001543,-0.000623,-0.000145,-0.000346,0.013730,-0.000118,0.000910
-0.001326,-0.004491,0.004453,0.008116,0.004096,0.007462,0.000023,0.007401,0.000473,0.003399,-0.001948,-0.000921,0.000020,-0.001258,0.014434,-0.000912,0.000725
-0.000460,-0.006090,0.006746,0.006286,0.005390,0.004003,0.000099,0.007219,0.001281,0.005252,-0.002977,-0.000975,-0.000089,-0.002525,0.014593,-0.002400,0.000523
-0.000003,-0.005702,0.008036,0.004361,0.006525,0.002476,0.000230,0.004810,0.001679,0.006660,-0.004572,-0.001234,-0.000630,-0.003685,0.012651,-0.003518,0.000195
0.000312,-0.005571,0.009438,0.003271,0.007447,0.001533,0.000358,0.002776,0.001588,0.007541,-0.006316,-0.000987,-0.000866,-0.004681,0.010449,-0.004166,0.000000
0.001606,-0.005252,0.010501,0.002257,0.008049,0.001266,0.000364,0.001476,0.001309,0.007790,-0.008097,-0.000885,-0.000932,-0.005598,0.008630,-0.004944,-0.000114
0.003796,-0.003012,0.011135,0.002157,0.008720,0.001546,0.000507,0.000936,0.001456,0.008223,-0.009610,-0.000510,-0.000960,-0.006638,0.007580,-0.004362,-0.000541
0.005429,-0.001470,0.010846,0.001902,0.009278,0.001961,0.000640,0.000469,0.001995,0.008703,-0.010512,-0.000208,-0.001336,-0.007553,0.006462,-0.003511,-0.001108
0.007064,-0.000361,0.009963,0.001158,0.009100,0.002629,0.001466,0.000211,0.002088,0.008646,-0.010285,-0.000283,-0.001833,-0.007875,0.005540,-0.002793,-0.002034
0.008771,-0.000015,0.009154,0.000478,0.009237,0.002640,0.001934,0.000044,0.001900,0.008437,-0.010580,-0.000365,-0.001955,-0.007445,0.005694,-0.002859,-0.003124
0.010880,0.000167,0.008947,0.000302,0.009315,0.002815,0.002722,0.000005,0.001654,0.007182,-0.010581,-0.000377,-0.001987,-0.006783,0.005740,-0.002324,-0.004280
0.015856,0.001524,0.010942,0.000407,0.009148,0.002570,0.003603,-0.000008,0.001996,0.006850,-0.010367,-0.000406,-0.001951,-0.006056,0.004162,-0.001238,-0.005499
0.020273,0.005105,0.013037,0.000268,0.008929,0.002288,0.005085,-0.000228,0.001726,0.005924,-0.009760,-0.000677,-0.002575,-0.005450,0.002657,-0.000520,-0.006603
0.023333,0.009634,0.013557,0.000070,0.007340,0.001092,0.006477,-0.000930,0.001310,0.004064,-0.008467,-0.001892,-0.003538,-0.004475,0.002063,-0.000127,-0.008149
0.024505,0.014302,0.012570,-0.000000,0.005198,0.000291,0.007839,-0.002099,0.000393,0.002222,-0.006597,-0.003538,-0.004726,-0.003599,0.001235,0.000002,-0.009588
0.024125,0.015619,0.010908,-0.000076,0.003368,-0.000058,0.008904,-0.003695,0.000019,0.000989,-0.004394,-0.004165,-0.005960,-0.003055,0.000285,0.000034,-0.009038
0.020977,0.014470,0.007488,-0.000521,0.002323,-0.001471,0.008884,-0.005350,-0.000013,0.000257,-0.002467,-0.003850,-0.006108,-0.002523,-0.000003,0.000344,-0.006920
0.017605,0.011259,0.004127,-0.001029,0.001457,-0.002077,0.008369,-0.006950,-0.000112,-0.000015,-0.000954,-0.004856,-0.007353,-0.002627,-0.000162,0.000921,-0.004697
0.012136,0.007385,0.002035,-0.002586,0.000560,-0.002828,0.007584,-0.008225,-0.000285,-0.000910,-0.000322,-0.004997,-0.008431,-0.002846,-0.000063,0.001741,-0.002664
0.007439,0.004353,0.001268,-0.004537,0.000217,-0.003240,0.006814,-0.009269,-0.000301,-0.002176,-0.000403,-0.004894,-0.010426,-0.003389,-0.000009,0.003435,-0.001099
0.005830,0.002356,0.000615,-0.004430,0.000000,-0.003807,0.005558,-0.010179,-0.000509,-0.003096,-0.000644,-0.004764,-0.010406,-0.003836,0.000021,0.004658,-0.000497
0.004147,0.000847,0.000055,-0.000806,-0.000222,-0.004833,0.003969,-0.010901,-0.000747,-0.005061,-0.000769,-0.004511,-0.008020,-0.003049,0.000069,0.003572,-0.000204
0.001986,0.000024,-0.000228,0.000072,-0.001211,-0.005972,0.001618,-0.011373,-0.001162,-0.007322,-0.001065,-0.004180,-0.004551,-0.001546,0.000105,0.002540,-0.000164
0.000963,-0.000107,-0.000502,0.001484,-0.002688,-0.006456,0.000370,-0.010749,-0.001421,-0.009534,-0.001182,-0.003345,-0.002427,-0.000606,0.000128,0.000856,-0.000203
0.000292,-0.000936,-0.001051,0.003096,-0.004536,-0.006392,0.000050,-0.009311,-0.001177,-0.010794,-0.001719,-0.003777,-0.001185,-0.000349,0.000030,0.000602,-0.000266
0.000052,-0.000895,-0.001315,0.004982,-0.006607,-0.006550,-0.000000,-0.007777,-0.001229,-0.010244,-0.002188,-0.004079,-0.000689,-0.000366,0.000010,0.000347,-0.000340
0.000002,-0.000904,-0.001106,0.006711,-0.007760,-0.007794,-0.000100,-0.007158,-0.000799,-0.008269,-0.001794,-0.003837,-0.000142,-0.000695,0.000053,0.000667,-0.000340
-0.000011,-0.000878,-0.001109,0.008536,-0.008724,-0.009509,-0.000455,-0.006594,-0.000429,-0.006476,-0.001582,-0.001960,-0.000013,-0.001088,0.000474,0.001389,-0.000180
-0.000022,-0.001575,-0.000889,0.009154,-0.009300,-0.014210,-0.001146,-0.005644,-0.000329,-0.004913,-0.001441,-0.000653,0.000040,-0.001692,0.000457,0.001797,-0.000023
-0.000099,-0.002513,-0.000551,0.008307,-0.009209,-0.019325,-0.001741,-0.004965,-0.000217,-0.003009,-0.001950,-0.000055,0.000009,-0.002383,0.000447,0.001491,0.000007
-0.000123,-0.002958,-0.000263,0.007406,-0.008701,-0.020930,-0.002277,-0.004806,-0.000022,-0.001440,-0.003178,0.000023,0.000132,-0.002887,0.000045,0.000989,0.000095
-0.000426,-0.003980,-0.000014,0.007107,-0.008138,-0.021448,-0.002539,-0.003994,-0.000002,-0.000691,-0.004444,0.000402,0.000228,-0.003214,-0.000247,0.000755,0.000171
-0.000650,-0.005753,0.000071,0.007159,-0.008276,-0.020314,-0.002904,-0.004110,-0.000009,-0.000209,-0.004747,0.001125,0.000614,-0.003330,-0.001278,0.000609,0.000307
-0.000922,-0.004748,0.000451,0.007946,-0.008115,-0.018008,-0.002971,-0.003598,-0.000027,-0.000036,-0.004532,0.002210,0.000896,-0.003473,-0.002773,0.001038,0.000392
-0.000936,-0.003788,0.000382,0.007962,-0.007953,-0.016874,-0.003557,-0.003470,-0.000003,0.000001,-0.004087,0.004071,0.001354,-0.003278,-0.004045,0.001280,0.000409
-0.001006,-0.003255,0.000281,0.006890,-0.007457,-0.015684,-0.003844,-0.003040,0.000009,0.000088,-0.002849,0.003738,0.001460,-0.003340,-0.004675,0.001921,0.000271
-0.001419,-0.003797,0.000186,0.005364,-0.006075,-0.014350,-0.004029,-0.002373,0.000146,0.000417,-0.002155,0.003959,0.001591,-0.003458,-0.003959,0.001939,0.000145
-0.002111,-0.004307,0.000247,0.005205,-0.004397,-0.012404,-0.003559,-0.001164,0.000336,0.000860,-0.001530,0.004466,0.001368,-0.003593,-0.003111,0.001879,0.000046
-0.001285,-0.002510,0.000640,0.005579,-0.002581,-0.010233,-0.002816,-0.000224,0.000863,0.001526,-0.001101,0.005160,0.001049,-0.003777,-0.003395,0.002340,-0.000009
-0.000116,-0.000620,0.001907,0.005991,-0.001132,-0.007920,-0.001797,-0.000018,0.000965,0.001711,-0.001137,0.005174,0.000339,-0.003541,-0.003621,0.003316,-0.000247
0.000051,0.000109,0.003912,0.005299,-0.000534,-0.003929,-0.001253,0.000074,0.000896,0.001402,-0.001210,0.004511,0.000004,-0.002951,-0.004164,0.004446,-0.001030
0.000391,0.002787,0.005466,0.003940,-0.000349,-0.001025,-0.000786,0.000180,0.000383,0.001010,-0.000997,0.003745,-0.000056,-0.001828,-0.004669,0.004294,-0.002152
0.000409,0.002516,0.006626,0.002344,-0.000359,-0.000014,-0.000494,0.000224,0.000044,0.000213,-0.000155,0.004883,-0.000321,-0.000964,-0.005243,0.003165,-0.001954
0.000233,0.002256,0.005817,0.000578,-0.000196,0.000358,-0.000310,0.000032,0.000001,-0.000001,0.000013,0.004945,-0.000447,-0.000317,-0.005768,0.002216,-0.001160
0.000137,0.002114,0.005306,0.000037,-0.000025,0.001556,-0.000092,-0.000008,-0.000021,-0.000187,0.000426,0.005711,-0.000728,-0.000142,-0.005776,0.002011,-0.000485
-0.000001,0.002226,0.004707,-0.000904,0.000001,0.002274,0.000012,-0.000001,-0.000122,-0.000409,0.000749,0.005363,-0.000878,-0.000150,-0.005884,0.001523,-0.000063
-0.000204,0.003027,0.005120,-0.004620,0.000057,0.002846,0.000340,0.000151,-0.000076,-0.000240,0.001355,0.005170,-0.001474,-0.000723,-0.005754,0.001556,0.000070
-0.000001,0.004189,0.006201,-0.012962,0.000263,0.003525,0.001044,0.000520,-0.000035,-0.000221,0.002268,0.004928,-0.002208,-0.001601,-0.005348,0.001000,0.000324
0.000146,0.005183,0.007373,-0.013167,0.000816,0.004151,0.001344,0.001343,-0.000015,-0.000817,0.003529,0.003449,-0.001606,-0.002006,-0.004681,0.000242,0.000580
0.000553,0.004496,0.008763,-0.012003,0.001718,0.005511,0.001207,0.002170,-0.000038,-0.002136,0.004396,0.002322,-0.001330,-0.001691,-0.003582,-0.000023,0.000979
0.000839,0.004232,0.009797,-0.010660,0.002216,0.007198,0.001278,0.003021,-0.000071,-0.004976,0.005217,0.000923,-0.000972,-0.001260,-0.001955,-0.001314,0.001221
0.000988,0.002443,0.008249,-0.009121,0.002430,0.010045,0.001299,0.004456,-0.000048,-0.007139,0.004877,0.000003,-0.000385,-0.000861,-0.000820,-0.002434,0.001233
0.000982,0.001719,0.006541,-0.007754,0.002579,0.012556,0.001284,0.005940,-0.000007,-0.005763,0.004543,-0.000493,-0.000054,-0.000759,-0.000130,-0.005143,0.000915
0.001757,0.001129,0.006013,-0.006184,0.002774,0.013561,0.001105,0.007387,0.000020,-0.003634,0.003519,-0.002025,0.000014,-0.001033,0.000038,-0.005856,0.000787
0.002701,0.000580,0.005540,-0.004514,0.003070,0.013627,0.001245,0.008394,0.000102,-0.002213,0.002124,-0.003272,0.000035,-0.001624,0.000587,-0.005196,0.000940
0.005048,0.000036,0.005397,-0.003098,0.003453,0.014497,0.001212,0.009373,0.000005,-0.001087,0.000962,-0.004322,0.000057,-0.001193,0.000665,-0.004864,0.001019
0.006717,-0.000121,0.005435,-0.003441,0.003722,0.014470,0.001114,0.008283,-0.000048,-0.000206,0.000433,-0.003492,0.000000,-0.001497,0.000753,-0.005426,0.000971
0.009484,-0.000001,0.005369,-0.004261,0.003633,0.015228,0.001152,0.005448,-0.000018,0.000051,0.000083,-0.003134,0.000088,-0.001609,0.000725,-0.003513,0.000835
0.010165,0.000528,0.005736,-0.004850,0.003650,0.016306,0.001967,0.003831,-0.000001,0.000717,-0.000028,-0.002582,0.000184,-0.001855,0.000264,-0.001579,0.000705
0.010974,0.001614,0.006970,-0.004964,0.003655,0.015307,0.003277,0.003174,-0.000000,0.002672,-0.000258,-0.001271,0.000576,-0.001997,-0.000000,-0.000495,0.000665
0.011008,0.002916,0.008578,-0.004623,0.003692,0.013565,0.004780,0.002680,-0.000060,0.004453,-0.001218,-0.000509,0.001528,-0.002111,-0.000344,-0.000089,0.000532
0.011543,0.003755,0.008795,-0.003504,0.003524,0.010932,0.005552,0.002177,-0.000341,0.004899,-0.001856,-0.000086,0.003162,-0.001914,-0.000768,-0.000002,0.000404
0.012682,0.002751,0.008787,-0.003151,0.003251,0.010230,0.006369,0.001533,-0.001044,0.003722,-0.002362,-0.000049,0.004527,-0.000611,-0.001185,0.000157,0.000135
0.013547,0.001469,0.008538,-0.002381,0.002913,0.009519,0.006992,0.001313,-0.001728,0.002712,-0.002324,0.000038,0.004974,-0.000086,-0.002246,0.000900,0.000030
0.014203,0.001300,0.007914,-0.000914,0.002697,0.008684,0.007699,0.000864,-0.002778,0.002187,-0.002523,0.000312,0.005475,0.000010,-0.002646,0.002132,0.000016
0.014814,0.002367,0.007265,-0.000001,0.002604,0.009236,0.008891,0.000679,-0.003510,0.001767,-0.002359,0.001317,0.005556,0.000066,-0.002159,0.001386,-0.000001
0.016820,0.003895,0.007145,0.000593,0.002857,0.009151,0.010183,0.000375,-0.003855,0.001453,-0.002770,0.002607,0.005146,0.000095,-0.001735,0.000889,-0.000185
0.018427,0.005660,0.006859,0.000775,0.002977,0.010899,0.011125,0.000346,-0.003753,0.001246,-0.002153,0.004129,0.004581,0.000132,-0.002340,0.000410,-0.000901
0.019499,0.006857,0.005283,0.000744,0.003233,0.011827,0.011787,0.000222,-0.003863,0.001055,-0.002342,0.005792,0.004003,0.000295,-0.002795,-0.000130,-0.002274
0.018937,0.006208,0.003757,0.000511,0.003026,0.012379,0.012180,0.000179,-0.004207,0.000495,-0.001427,0.008428,0.003398,0.000549,-0.003150,-0.001724,-0.003041
0.018212,0.005148,0.002417,0.000376,0.002732,0.012152,0.012318,0.000004,-0.004480,0.000112,-0.000817,0.009427,0.002755,0.000996,-0.002946,-0.003839,-0.003226
0.017121,0.004564,0.001565,0.000507,0.002332,0.008418,0.012181,-0.000132,-0.004672,0.000036,-0.000353,0.011428,0.003667,0.001633,-0.002795,-0.005749,-0.002952
0.015490,0.004718,0.000505,0.000522,0.001449,0.004262,0.011903,-0.000602,-0.005046,0.000070,-0.000172,0.011089,0.006754,0.002096,-0.003682,-0.007359,-0.002707
0.013870,0.005489,0.000056,0.001402,0.000434,0.001288,0.010823,-0.001231,-0.005331,0.000115,-0.000654,0.010717,0.009418,0.001832,-0.004617,-0.008383,-0.002560
0.012630,0.006309,0.000012,0.002544,0.000003,-0.000000,0.009439,-0.002009,-0.004899,0.000027,-0.001037,0.010312,0.011021,0.001453,-0.005534,-0.007884,-0.001862
0.011198,0.007907,0.000007,0.003722,-0.000422,-0.000961,0.007545,-0.002160,-0.004368,-0.000133,-0.001074,0.009392,0.012007,0.001037,-0.006273,-0.008038,-0.001004
0.010511,0.008404,0.000099,0.004891,-0.000870,-0.002984,0.005792,-0.002214,-0.004114,-0.001116,-0.000634,0.008341,0.011801,0.000817,-0.006197,-0.008901,-0.000255
0.009680,0.010344,0.000357,0.005545,-0.001136,-0.005655,0.003551,-0.002126,-0.003809,-0.002625,-0.000281,0.004933,0.011871,0.000901,-0.004894,-0.010667,0.000002
0.008543,0.011277,0.000068,0.008060,-0.001837,-0.009084,0.001773,-0.001545,-0.003349,-0.005230,-0.000093,0.002204,0.012070,0.001118,-0.003616,-0.011609,0.000474
0.004491,0.009120,-0.000023,0.009478,-0.002033,-0.010160,0.000663,-0.000955,-0.002349,-0.005445,0.000295,0.000620,0.012800,0.000782,-0.002509,-0.012771,0.001119
0.001468,0.003599,-0.000195,0.011256,-0.002345,-0.010449,0.000483,-0.000348,-0.001332,-0.005540,0.001188,0.000004,0.011054,0.000449,-0.001973,-0.013762,0.002200
0.000117,0.000706,-0.000562,0.011809,-0.002538,-0.011253,0.000300,-0.000101,-0.000689,-0.005896,0.001222,-0.000059,0.011359,0.000232,-0.002459,-0.015405,0.002815
-0.000008,0.000108,-0.001891,0.012447,-0.003135,-0.010983,0.000063,-0.000002,-0.000609,-0.005388,0.000836,-0.000358,0.011553,0.001136,-0.004018,-0.017957,0.003109
-0.000320,-0.000077,-0.004311,0.010994,-0.004094,-0.011504,-0.000018,-0.000064,-0.000693,-0.004835,0.000585,-0.000231,0.012230,0.001816,-0.005900,-0.021022,0.003492
-0.001212,-0.000533,-0.007153,0.008428,-0.005329,-0.015748,-0.000318,-0.000833,-0.000717,-0.003588,0.000341,-0.000249,0.012884,0.002514,-0.008247,-0.021399,0.003505
-0.003002,-0.000819,-0.009636,0.005265,-0.006262,-0.019996,-0.000807,-0.002602,-0.000757,-0.001766,0.000064,-0.000331,0.013529,0.003302,-0.011201,-0.020843,0.002869
-0.005584,-0.001073,-0.010574,0.003141,-0.006595,-0.024887,-0.000798,-0.003082,-0.000719,-0.000287,-0.000005,-0.000084,0.013895,0.004044,-0.014702,-0.019769,0.002333
-0.009422,-0.001328,-0.010813,0.001479,-0.007057,-0.029927,-0.000777,-0.003935,-0.000739,-0.000000,-0.000450,0.000121,0.015232,0.004710,-0.019354,-0.019706,0.001727
-0.013309,-0.001276,-0.010796,0.000417,-0.007553,-0.034182,-0.000550,-0.004177,-0.001361,0.000079,-0.001034,0.000819,0.016311,0.005453,-0.024434,-0.019161,0.000986
-0.015779,-0.002178,-0.011127,-0.000039,-0.008469,-0.033384,-0.000299,-0.004912,-0.002913,0.000011,-0.002654,0.001589,0.017765,0.007884,-0.029788,-0.018059,0.000287
-0.016265,-0.003294,-0.011624,-0.000724,-0.010353,-0.031982,-0.000141,-0.004745,-0.005848,-0.000013,-0.003822,0.003287,0.018907,0.010839,-0.037181,-0.009871,0.000131
-0.015784,-0.001834,-0.012528,-0.001716,-0.012861,-0.025597,-0.000372,-0.005706,-0.010180,-0.000593,-0.005429,0.006158,0.020649,0.015405,-0.046070,-0.003610,0.000184
-0.014839,-0.000715,-0.013748,-0.001981,-0.015725,-0.017748,-0.000415,-0.006411,-0.015107,-0.001743,-0.006690,0.010903,0.022907,0.021136,-0.055241,-0.001001,0.000496
-0.014155,-0.000316,-0.014744,-0.003203,-0.017777,-0.011952,-0.000340,-0.007456,-0.019845,-0.001938,-0.007951,0.016554,0.024661,0.025922,-0.064499,-0.000041,0.000831
-0.013714,-0.000102,-0.015456,-0.007262,-0.018685,-0.006817,-0.000113,-0.008102,-0.024023,-0.000578,-0.007974,0.022436,0.025995,0.030396,-0.076839,0.000554,0.001135
-0.013168,0.000000,-0.017374,-0.012958,-0.018801,-0.003043,0.000003,-0.008849,-0.028199,-0.000011,-0.008131,0.028582,0.026149,0.035294,-0.089541,0.001023,0.001125
-0.012759,0.000341,-0.019509,-0.018515,-0.018626,-0.001699,0.000349,-0.008808,-0.032576,0.000460,-0.007927,0.034547,0.026596,0.040658,-0.102256,0.001061,0.001139
-0.011948,0.001146,-0.021055,-0.023758,-0.018109,-0.001130,0.000893,-0.007859,-0.037010,0.002189,-0.007681,0.040128,0.026528,0.045891,-0.113909,0.001417,0.001220
-0.011431,0.000967,-0.021637,-0.028365,-0.018204,-0.001501,0.001663,-0.006828,-0.041239,0.005074,-0.007880,0.045592,0.026736,0.050688,-0.123980,0.002171,0.001623
-0.011191,0.000803,-0.022494,-0.032455,-0.018584,-0.001832,0.002366,-0.006039,-0.045113,0.008468,-0.007096,0.049557,0.028890,0.054749,-0.132755,0.003133,0.002199
-0.009094,0.000936,-0.022654,-0.034671,-0.019162,-0.002146,0.002448,-0.005818,-0.048627,0.012242,-0.009919,0.052765,0.030618,0.057845,-0.139497,0.004396,0.002675
-0.006830,0.001451,-0.022116,-0.036341,-0.019390,-0.002776,0.002190,-0.005540,-0.051218,0.015725,-0.011120,0.054097,0.030380,0.059546,-0.144010,0.007154,0.003085
-0.004914,0.003004,-0.022394,-0.036968,-0.019906,-0.003300,0.001364,-0.006168,-0.053673,0.018290,-0.013668,0.055390,0.029608,0.060344,-0.147195,0.010403,0.003600
-0.003216,0.005228,-0.022419,-0.036964,-0.020199,-0.004526,0.000201,-0.006706,-0.055464,0.021421,-0.013643,0.055869,0.028387,0.059576,-0.148151,0.012589,0.004057
-0.002332,0.008750,-0.020744,-0.038005,-0.020703,-0.005734,-0.000158,-0.006431,-0.056607,0.023203,-0.013844,0.053763,0.027692,0.057000,-0.146771,0.013189,0.004681
-0.001433,0.013234,-0.018815,-0.038039,-0.021496,-0.008584,-0.001190,-0.005576,-0.056773,0.023302,-0.013859,0.050794,0.025907,0.052997,-0.143434,0.014850,0.005934
-0.001991,0.014321,-0.016145,-0.038702,-0.021270,-0.007547,-0.003043,-0.004677,-0.055549,0.023523,-0.011851,0.046586,0.023937,0.047236,-0.137885,0.014905,0.006936
-0.001278,0.011753,-0.015470,-0.037370,-0.022106,-0.005466,-0.004480,-0.005345,-0.052834,0.025636,-0.006864,0.039125,0.021632,0.033685,-0.126779,0.012823,0.007449
-0.000824,0.009064,-0.014470,-0.036847,-0.022521,-0.003572,-0.005921,-0.006261,-0.049432,0.027271,-0.003388,0.033617,0.020031,0.021909,-0.115739,0.010071,0.007342
-0.000086,0.009448,-0.013933,-0.035708,-0.022829,-0.001960,-0.007815,-0.007022,-0.045943,0.029257,-0.001181,0.028090,0.018199,0.013342,-0.103819,0.007168,0.006929
0.000097,0.009714,-0.014906,-0.034040,-0.022962,-0.000792,-0.009827,-0.007754,-0.042140,0.030275,-0.000176,0.022455,0.017022,0.006837,-0.091008,0.004218,0.006544
0.000556,0.008522,-0.015623,-0.032182,-0.022652,-0.001300,-0.011807,-0.008292,-0.037723,0.031373,0.000049,0.016575,0.015683,0.002278,-0.077814,0.001970,0.005811
0.001105,0.006483,-0.015299,-0.029829,-0.021906,-0.002027,-0.013512,-0.008337,-0.032927,0.033006,0.000486,0.010697,0.014364,0.000147,-0.064695,0.000500,0.004583
0.001762,0.004440,-0.013980,-0.026355,-0.020757,-0.002596,-0.014089,-0.008153,-0.027774,0.034161,0.001350,0.005670,0.012803,-0.000628,-0.051436,-0.000001,0.003354
0.002488,0.002506,-0.012430,-0.022594,-0.019448,-0.003177,-0.014405,-0.008088,-0.022622,0.033176,0.002221,0.002303,0.010980,-0.004061,-0.039467,-0.001059,0.002175
0.003518,0.001499,-0.010843,-0.019172,-0.017956,-0.003749,-0.013905,-0.007812,-0.018062,0.031579,0.003237,0.000329,0.009148,-0.010702,-0.028005,-0.004753,0.000981
0.004826,0.000861,-0.009440,-0.016259,-0.016550,-0.003333,-0.013090,-0.007611,-0.014143,0.029461,0.003146,-0.000342,0.007650,-0.019660,-0.017438,-0.012580,0.000132
0.006257,0.000433,-0.008179,-0.013191,-0.016579,-0.002924,-0.012041,-0.007252,-0.011226,0.026865,0.003698,-0.003295,0.006698,-0.030174,-0.008724,-0.013229,-0.000043
0.007283,0.000768,-0.007050,-0.010309,-0.017642,-0.001041,-0.012344,-0.007177,-0.009526,0.022810,0.004209,-0.005880,0.005671,-0.031693,-0.003872,-0.013658,-0.000519
0.008084,0.001226,-0.006609,-0.007487,-0.018491,-0.000045,-0.012562,-0.007776,-0.007724,0.018842,0.004667,-0.007461,0.005484,-0.032706,-0.000935,-0.013862,-0.000624
0.008150,0.000950,-0.006030,-0.005941,-0.018487,0.000326,-0.012603,-0.008421,-0.005994,0.015601,0.004763,-0.008993,0.004893,-0.035091,0.000086,-0.014436,-0.000551
0.007702,0.000539,-0.005329,-0.005072,-0.017118,0.002268,-0.012118,-0.009120,-0.004272,0.013273,0.004762,-0.010567,0.004215,-0.037083,0.001129,-0.013219,-0.000464
0.007115,0.000309,-0.005162,-0.004146,-0.015492,0.007271,-0.011028,-0.010190,-0.002828,0.011118,0.004962,-0.011636,0.003468,-0.036959,0.003488,-0.013260,-0.000746
0.006543,0.000641,-0.005689,-0.002449,-0.013693,0.009212,-0.009261,-0.010725,-0.001641,0.009230,0.005083,-0.012350,0.003455,-0.034730,0.005432,-0.013343,-0.001231
0.005858,0.001135,-0.006178,-0.000978,-0.011730,0.009121,-0.007727,-0.009891,-0.000783,0.007762,0.005123,-0.012073,0.003382,-0.031692,0.006022,-0.013241,-0.001717
0.004786,0.000227,-0.005780,-0.000267,-0.010135,0.008461,-0.006122,-0.008898,-0.000250,0.006787,0.004208,-0.010436,0.003551,-0.028024,0.006572,-0.011636,-0.001830
0.003665,-0.000172,-0.005094,0.000002,-0.008544,0.007667,-0.004517,-0.007766,0.000000,0.005710,0.004400,-0.008601,0.003682,-0.023955,0.006631,-0.009870,-0.001577
0.003607,-0.001092,-0.004090,0.000016,-0.006931,0.006510,-0.003108,-0.006386,0.000345,0.004684,0.003677,-0.006709,0.003772,-0.019639,0.006596,-0.007989,-0.001325
0.003496,-0.001239,-0.003052,0.000045,-0.005272,0.005272,-0.001958,-0.004943,0.000912,0.003760,0.004682,-0.005426,0.003026,-0.015375,0.006469,-0.006007,-0.001057
0.003106,-0.000745,-0.002809,0.000338,-0.003730,0.003990,-0.001101,-0.004027,0.000727,0.002808,0.003837,-0.004108,0.002223,-0.010921,0.005389,-0.004083,-0.000783
0.002559,-0.000365,-0.002523,0.001033,-0.002320,0.002580,-0.000962,-0.003075,0.000538,0.002681,0.003080,-0.002789,0.001441,-0.006993,0.004049,-0.002655,-0.000536
0.001502,-0.000212,-0.001481,0.001049,-0.001268,0.001304,-0.000810,-0.001780,0.000295,0.001679,0.001924,-0.001579,0.000788,-0.003857,0.002460,-0.001466,-0.000310
0.000587,-0.000079,-0.000578,0.000393,-0.000458,0.000401,-0.000304,-0.000667,0.000111,0.000681,0.000771,-0.000555,0.000295,-0.001383,0.000922,-0.000478,-0.000116
