AU01,AU02,AU04,AU05,AU06,AU07,AU09,AU10,AU12,AU14,AU15,AU17,AU20,AU23,AU25,AU26,AU45
-0.014060,-0.015146,-0.000244,-0.011047,-0.001546,0.002734,0.000379,0.004056,-0.000205,-0.004426,-0.011025,-0.009507,-0.024922,-0.015995,-0.003654,-0.012014,-0.008019
-0.018573,-0.018565,-0.000485,-0.011162,-0.001987,0.002219,0.001554,0.005311,-0.000737,-0.004482,-0.009806,-0.007532,-0.025153,-0.014381,-0.003500,-0.011733,-0.008992
-0.023859,-0.021837,-0.000174,-0.010807,-0.002407,0.001728,0.003569,0.006528,-0.001498,-0.003156,-0.007497,-0.004805,-0.025650,-0.012573,-0.002372,-0.011286,-0.010065
-0.029041,-0.024398,-0.000028,-0.010293,-0.002795,0.001172,0.005924,0.007648,-0.002405,-0.002083,-0.005464,-0.002746,-0.025725,-0.010712,-0.002226,-0.011260,-0.011002
-0.033190,-0.025878,0.000000,-0.009629,-0.003086,0.000729,0.007560,0.008418,-0.003449,-0.001249,-0.004847,-0.001362,-0.025110,-0.008983,-0.002150,-0.011691,-0.011350
-0.036677,-0.025376,0.000029,-0.008416,-0.003217,0.000131,0.009121,0.009057,-0.004714,-0.000739,-0.004853,-0.001018,-0.023674,-0.007238,-0.002033,-0.012101,-0.011504
-0.036210,-0.022983,0.000091,-0.007813,-0.003410,-0.000009,0.009343,0.010059,-0.005720,-0.000380,-0.004729,-0.000691,-0.022313,-0.006386,-0.001828,-0.013047,-0.010940
-0.034571,-0.021777,0.000034,-0.008307,-0.003133,-0.000258,0.009169,0.010904,-0.006741,-0.000137,-0.004674,-0.000429,-0.020174,-0.005690,-0.001597,-0.014286,-0.010825
-0.031041,-0.019644,0.000000,-0.008573,-0.002834,-0.000199,0.008468,0.010920,-0.007593,-0.000011,-0.004557,-0.000208,-0.017653,-0.005239,-0.001348,-0.015500,-0.010452
-0.025267,-0.017234,-0.000062,-0.008649,-0.002031,-0.000158,0.007716,0.010399,-0.008333,0.000027,-0.004306,-0.000092,-0.013703,-0.005024,-0.001068,-0.016466,-0.009896
-0.019590,-0.012521,-0.000225,-0.008509,-0.001366,-0.000266,0.006545,0.009751,-0.008949,0.000143,-0.003912,-0.000015,-0.009299,-0.004592,-0.000791,-0.016007,-0.009169
-0.014311,-0.008098,-0.000187,-0.008132,-0.000994,-0.000405,0.005423,0.008808,-0.009429,0.000291,-0.003260,0.000026,-0.005841,-0.003789,-0.000530,-0.015251,-0.007898
-0.009205,-0.004095,-0.000142,-0.007876,-0.000671,-0.000530,0.004365,0.007768,-0.009878,0.000461,-0.002529,0.000225,-0.002221,-0.002779,-0.000303,-0.013967,-0.006853
-0.004308,-0.001264,-0.000002,-0.007435,-0.000261,-0.000679,0.003196,0.006568,-0.010173,0.000158,-0.001759,0.000676,-0.000397,-0.001714,-0.000124,-0.012517,-0.005624
-0.001128,0.000007,0.000067,-0.006767,-0.000034,-0.000657,0.002190,0.005439,-0.009608,0.000032,-0.001051,0.001213,0.000114,-0.000739,-0.000017,-0.010108,-0.004391
-0.000153,0.000737,0.000226,-0.005782,-0.000000,-0.002303,0.001107,0.004945,-0.008917,-0.000023,-0.001265,0.001374,0.001101,-0.001159,0.000000,-0.009917,-0.003838
0.000081,0.001680,0.000359,-0.004089,0.000084,-0.002016,0.000402,0.004685,-0.007040,-0.000185,-0.001753,0.000634,0.001546,-0.001828,0.000079,-0.010884,-0.003270
0.000665,0.002982,0.000430,-0.002940,0.001274,-0.002369,0.000049,0.004452,-0.003072,-0.000290,-0.001897,0.000001,0.002046,-0.003119,0.001333,-0.011649,-0.002137
0.001992,0.004319,0.000491,-0.003045,0.003577,-0.002295,-0.000008,0.005614,-0.000014,-0.000342,-0.001595,-0.000502,0.004078,-0.004194,0.003420,-0.012168,-0.001271
0.005176,0.008158,0.001309,-0.002237,0.005936,-0.001188,-0.000221,0.006932,0.001106,-0.000781,-0.001033,-0.001810,0.006401,-0.005471,0.005716,-0.012312,-0.000310
0.010290,0.012373,0.001885,-0.000978,0.008579,-0.000008,-0.000818,0.008954,0.004827,-0.001359,-0.000363,-0.003404,0.009133,-0.006204,0.007291,-0.013321,0.000002
0.016595,0.017180,0.003290,-0.000012,0.011928,0.002207,-0.001528,0.011446,0.010488,-0.001180,-0.000251,-0.005567,0.011183,-0.007445,0.008172,-0.014567,0.000635
0.024123,0.022129,0.004739,0.000742,0.016342,0.007042,-0.002321,0.015135,0.018223,-0.000564,-0.000225,-0.009327,0.012578,-0.009068,0.009270,-0.017327,0.002079
0.031248,0.027139,0.006347,0.002545,0.021344,0.013021,-0.002934,0.019685,0.026937,-0.000140,-0.000190,-0.014120,0.012800,-0.010650,0.010861,-0.020098,0.003795
0.038013,0.030804,0.006825,0.003408,0.027382,0.019581,-0.002989,0.023783,0.036447,-0.000004,-0.000079,-0.019200,0.012618,-0.012127,0.012074,-0.022772,0.005714
0.037913,0.031087,0.007015,0.003896,0.033555,0.026109,-0.002744,0.028135,0.046854,0.000047,-0.000165,-0.022700,0.012443,-0.011807,0.012936,-0.025497,0.007692
0.035609,0.030264,0.006263,0.003959,0.039214,0.031783,-0.001883,0.033211,0.056962,0.000279,-0.000387,-0.026241,0.013138,-0.010656,0.013818,-0.027828,0.009042
0.030417,0.030286,0.005785,0.006531,0.044962,0.037044,-0.001062,0.039830,0.066840,0.000626,-0.000216,-0.029796,0.014010,-0.008819,0.014413,-0.027301,0.009371
0.022883,0.026547,0.005216,0.009684,0.050754,0.041500,-0.000221,0.046390,0.076064,0.001156,0.000035,-0.031996,0.015241,-0.006756,0.015298,-0.026124,0.008784
0.016453,0.022234,0.005909,0.013246,0.055973,0.044281,0.000156,0.052453,0.084425,0.002453,0.001185,-0.033623,0.012499,-0.004948,0.016004,-0.024481,0.007730
0.010636,0.015850,0.006679,0.016218,0.060671,0.046112,0.002040,0.058039,0.092154,0.004039,0.004228,-0.035272,0.012149,-0.003554,0.015626,-0.021832,0.007535
0.005952,0.012300,0.007540,0.018202,0.065443,0.047225,0.004749,0.062711,0.099142,0.005463,0.006191,-0.036470,0.010753,-0.002268,0.014910,-0.020153,0.007644
0.002159,0.007785,0.008643,0.018688,0.070029,0.046606,0.009285,0.067397,0.104404,0.006778,0.007399,-0.038468,0.010483,-0.000981,0.014097,-0.018352,0.007289
0.000569,0.004124,0.009930,0.019642,0.073614,0.046885,0.013012,0.072576,0.108501,0.008090,0.008517,-0.039859,0.008700,-0.000281,0.013328,-0.017302,0.007271
0.000000,0.001070,0.010211,0.018115,0.077037,0.046917,0.016836,0.076991,0.111554,0.009374,0.009661,-0.041592,0.006967,-0.000029,0.012890,-0.017143,0.006238
-0.000376,-0.000031,0.010085,0.016377,0.080160,0.048295,0.020361,0.081021,0.113257,0.009540,0.010515,-0.042659,0.005289,0.000014,0.011633,-0.017524,0.005128
-0.001089,-0.002296,0.008534,0.013689,0.082511,0.048940,0.023741,0.083941,0.113178,0.009675,0.011182,-0.043011,0.004381,0.000254,0.009870,-0.018949,0.003724
-0.003533,-0.006240,0.006953,0.010986,0.084318,0.048828,0.026365,0.085774,0.111251,0.010467,0.011641,-0.042337,0.003449,0.000742,0.007572,-0.018707,0.002437
-0.009081,-0.011452,0.005796,0.010060,0.084690,0.047273,0.030334,0.086528,0.107898,0.010928,0.012103,-0.040703,0.002291,0.002233,0.005206,-0.018000,0.000666
-0.015975,-0.017064,0.004633,0.008572,0.084705,0.045021,0.034728,0.085900,0.102424,0.011136,0.012462,-0.038397,0.002319,0.004240,0.002695,-0.016476,-0.000014
-0.021986,-0.022953,0.003598,0.006574,0.083682,0.041983,0.038077,0.084548,0.095398,0.010652,0.012784,-0.036099,0.002204,0.006729,0.000844,-0.014658,-0.000847
-0.026410,-0.024499,0.001985,0.003889,0.081478,0.038671,0.040888,0.081107,0.087138,0.009922,0.013365,-0.033007,0.002118,0.009486,-0.000020,-0.011425,-0.002765
-0.029303,-0.025081,0.000898,0.001733,0.077962,0.034367,0.041856,0.076570,0.077793,0.008825,0.014626,-0.029751,0.001650,0.012616,-0.001781,-0.009665,-0.005245
-0.025311,-0.023965,0.000131,0.000192,0.074245,0.030523,0.039823,0.071165,0.068864,0.007511,0.015293,-0.026792,0.000869,0.014731,-0.006046,-0.008457,-0.007654
-0.012574,-0.014411,-0.000072,-0.001031,0.070386,0.026158,0.035252,0.063890,0.060874,0.006047,0.016193,-0.024291,0.000021,0.013610,-0.006354,-0.007058,-0.007774
-0.004643,-0.004259,-0.000553,-0.005064,0.065293,0.021567,0.030865,0.059379,0.053969,0.004593,0.014997,-0.022273,-0.000032,0.012381,-0.005666,-0.003843,-0.006940
-0.000562,-0.000387,-0.000632,-0.009935,0.058779,0.017319,0.026446,0.054281,0.046962,0.003142,0.014104,-0.020395,-0.000053,0.010340,-0.004000,-0.000979,-0.006157
0.000395,0.000101,-0.000379,-0.013765,0.053386,0.012720,0.022083,0.049818,0.040771,0.001604,0.013344,-0.019269,-0.000006,0.008770,-0.002702,-0.000037,-0.004790
0.003127,0.000851,-0.000164,-0.015146,0.048152,0.009896,0.017867,0.045275,0.035438,0.001194,0.012552,-0.016505,0.000000,0.006858,-0.002064,0.000011,-0.003025
0.007751,0.002124,0.000014,-0.014819,0.043956,0.008128,0.013426,0.039823,0.031235,0.001859,0.012920,-0.014427,0.000004,0.005026,-0.001458,-0.000081,-0.001404
0.012407,0.004154,0.000301,-0.013823,0.039999,0.010144,0.009576,0.034362,0.026916,0.002685,0.013025,-0.011906,-0.000020,0.003445,-0.001006,-0.000513,-0.000355
0.014277,0.005832,0.000537,-0.015767,0.036628,0.012711,0.007825,0.028922,0.023046,0.003347,0.011669,-0.009318,-0.000157,0.002012,-0.000555,-0.001143,-0.000001
0.012599,0.006115,0.001043,-0.019758,0.033787,0.015431,0.006045,0.024164,0.019851,0.003927,0.010177,-0.008487,-0.000419,0.001434,-0.000186,-0.001207,0.000300
0.011224,0.006375,0.001392,-0.022712,0.031366,0.018395,0.004219,0.019968,0.017417,0.005079,0.008653,-0.007650,-0.000241,0.000799,0.000001,-0.001367,0.000834
0.009910,0.007439,0.002288,-0.022093,0.029038,0.021335,0.002255,0.016940,0.015666,0.006173,0.007034,-0.006251,-0.000004,0.000306,0.000288,-0.001400,0.001642
0.009588,0.007353,0.003244,-0.020501,0.026564,0.021727,0.000507,0.014352,0.014465,0.007439,0.006136,-0.004201,0.000302,-0.000000,0.001002,-0.001635,0.002779
0.009744,0.007225,0.004729,-0.018215,0.024129,0.021631,-0.000058,0.011613,0.013690,0.008474,0.004734,-0.002909,0.000173,-0.000331,0.002230,-0.001802,0.004177
0.009984,0.004118,0.005640,-0.016212,0.022011,0.021071,-0.001176,0.008957,0.013125,0.009763,0.002467,-0.002224,0.000451,-0.001380,0.003692,-0.001412,0.006361
0.007469,0.002214,0.008040,-0.012806,0.020217,0.022149,-0.002616,0.006916,0.012203,0.010312,0.000715,-0.001600,0.000926,-0.002409,0.004695,-0.001035,0.008253
0.002415,0.000367,0.011440,-0.011010,0.018759,0.022961,-0.002393,0.005701,0.011231,0.011905,0.000061,-0.000355,0.002081,-0.002469,0.005820,-0.000867,0.008497
0.000040,-0.000188,0.015534,-0.008542,0.017270,0.025311,-0.001125,0.004887,0.010052,0.013684,-0.000113,0.000056,0.002978,-0.002307,0.007204,-0.000667,0.008723
-0.001003,-0.001820,0.020118,-0.006566,0.015949,0.027800,-0.000300,0.004645,0.009440,0.015617,-0.000484,0.000483,0.003721,-0.002409,0.009607,-0.000561,0.008340
-0.004101,-0.004997,0.024873,-0.004249,0.015543,0.029814,-0.000001,0.005256,0.008933,0.016234,-0.001089,0.001113,0.004375,-0.002692,0.011387,-0.000551,0.008257
-0.007834,-0.009220,0.028085,-0.002684,0.014896,0.031405,0.000178,0.005885,0.008010,0.016328,-0.001917,0.001921,0.004516,-0.002406,0.012501,-0.000715,0.008023
-0.012338,-0.015075,0.030929,-0.001935,0.014084,0.033382,0.000434,0.006349,0.006972,0.015357,-0.002985,0.002574,0.004121,-0.002244,0.012934,-0.000727,0.008768
-0.018673,-0.019284,0.033160,-0.000763,0.012792,0.033636,0.001551,0.006365,0.006350,0.014173,-0.004257,0.003612,0.003604,-0.001322,0.012811,-0.000741,0.007996
-0.027636,-0.024548,0.034913,-0.000065,0.012149,0.032024,0.004218,0.006813,0.005908,0.012794,-0.005589,0.004765,0.003829,-0.000576,0.011792,-0.001593,0.005724
-0.041670,-0.030600,0.036235,0.000182,0.011157,0.029969,0.008338,0.008238,0.004828,0.011724,-0.006208,0.005436,0.003811,-0.000172,0.010574,-0.002630,0.003492
-0.055214,-0.036169,0.036219,0.002115,0.010088,0.027116,0.014539,0.008612,0.003592,0.009265,-0.005123,0.006728,0.004773,0.000003,0.008428,-0.002740,0.001143
-0.068641,-0.040571,0.035583,0.006381,0.008917,0.023664,0.020387,0.008593,0.002204,0.006950,-0.003263,0.007523,0.005853,0.000439,0.006284,-0.003423,0.000037
-0.077457,-0.045200,0.034816,0.009927,0.008541,0.020141,0.024610,0.008443,0.001426,0.005833,-0.001566,0.008211,0.005945,0.001361,0.004953,-0.004028,-0.000509
-0.077523,-0.047276,0.033651,0.009054,0.008410,0.019375,0.026671,0.007240,0.001083,0.005549,-0.000417,0.008707,0.004423,0.001395,0.004206,-0.004685,-0.002293
-0.075527,-0.044956,0.033210,0.008029,0.007997,0.019392,0.027854,0.006517,0.000751,0.005078,-0.000152,0.010311,0.004070,0.001300,0.003719,-0.003139,-0.004101
-0.072037,-0.041223,0.033333,0.006745,0.006915,0.019276,0.028704,0.005731,0.000388,0.004187,-0.000019,0.011319,0.003960,0.001014,0.003668,-0.001456,-0.005895
-0.067354,-0.037705,0.033975,0.002803,0.006469,0.017712,0.030393,0.005866,0.000013,0.002726,-0.000055,0.011026,0.003688,0.000738,0.003490,-0.000421,-0.007062
-0.062786,-0.033324,0.034145,0.000538,0.005880,0.015903,0.031537,0.006750,-0.000026,0.001662,-0.000104,0.011693,0.002481,0.000513,0.003350,-0.000560,-0.007575
-0.057702,-0.028812,0.034016,0.000019,0.005271,0.013837,0.031157,0.006811,-0.000162,0.000993,0.000002,0.011168,0.000884,0.000197,0.003280,-0.000889,-0.007546
-0.053261,-0.023789,0.032385,0.000220,0.005021,0.013489,0.030221,0.006308,-0.000514,0.000487,0.000165,0.011326,0.000017,0.000051,0.003619,-0.001505,-0.007706
-0.051108,-0.019637,0.029599,0.000629,0.004540,0.012892,0.029920,0.004806,-0.000922,0.000114,0.000307,0.011314,-0.000269,-0.000010,0.003777,-0.002173,-0.007744
-0.046057,-0.014102,0.025387,0.000486,0.004252,0.011880,0.028923,0.003031,-0.001519,-0.000073,0.000314,0.009225,-0.001569,-0.000060,0.003819,-0.001343,-0.007183
-0.038215,-0.008903,0.021976,0.000979,0.004084,0.011205,0.025381,0.001479,-0.001642,-0.000794,0.000870,0.007083,-0.003220,-0.000288,0.003622,-0.001286,-0.005344
-0.029357,-0.004361,0.018184,0.001704,0.003815,0.010072,0.021916,0.000459,-0.001423,-0.001653,0.001334,0.005352,-0.004077,-0.000775,0.002838,-0.002009,-0.003411
-0.020475,-0.001583,0.014388,0.002205,0.002841,0.006682,0.017677,0.000324,-0.000655,-0.002687,0.002353,0.004165,-0.004623,-0.002186,0.001501,-0.003140,-0.001535
-0.012805,-0.000114,0.010519,0.002740,0.002082,0.004184,0.013225,0.000183,-0.000072,-0.004143,0.002665,0.002969,-0.005147,-0.004543,0.001188,-0.003725,-0.000328
-0.005955,0.000035,0.006113,0.003151,0.001863,0.001500,0.009166,0.000056,0.000147,-0.005792,0.001950,0.001087,-0.006472,-0.007553,0.001116,-0.004261,0.000008
-0.001329,0.000759,0.002906,0.003970,0.001611,0.000763,0.006290,-0.000001,0.000442,-0.006779,0.001237,0.000078,-0.006572,-0.008960,0.000754,-0.004591,0.000325
-0.000376,0.001533,0.001292,0.004789,0.001443,0.000292,0.004601,-0.000029,0.000784,-0.006024,0.000678,-0.000063,-0.007007,-0.008208,0.000453,-0.005358,0.000471
-0.000487,0.001691,0.000380,0.004677,0.001811,0.000321,0.004010,-0.000000,0.001136,-0.004322,0.000173,-0.000159,-0.006793,-0.006949,0.000083,-0.006058,0.000548
-0.000891,0.002176,0.000043,0.004514,0.002164,0.000310,0.002741,0.000191,0.001694,-0.002492,0.000001,-0.000176,-0.006425,-0.005822,0.000000,-0.008143,0.000275
-0.000473,0.003510,-0.000188,0.005423,0.003012,0.000442,0.001569,0.001118,0.002211,-0.001331,-0.000111,-0.000205,-0.005792,-0.004649,-0.000049,-0.010218,0.000107
-0.000030,0.005681,-0.001077,0.007515,0.003943,0.000376,0.000585,0.002209,0.002427,-0.000523,-0.000472,-0.000318,-0.005898,-0.003709,-0.000138,-0.009718,0.000070
0.000681,0.008116,-0.002501,0.008541,0.003891,0.000050,0.000019,0.002611,0.002515,-0.000534,-0.001243,-0.000797,-0.005416,-0.003330,-0.000111,-0.008500,0.000383
0.004868,0.014284,-0.003669,0.008611,0.003812,-0.000099,-0.000304,0.001503,0.002705,-0.000506,-0.002349,-0.001174,-0.004441,-0.002867,-0.000133,-0.007120,0.001087
0.012509,0.019493,-0.005134,0.008442,0.003571,-0.001074,-0.001601,0.000862,0.003414,-0.000461,-0.004160,-0.001745,-0.002669,-0.002350,-0.000212,-0.007689,0.001555
0.014540,0.022892,-0.004233,0.008092,0.003176,-0.001353,-0.003012,0.000397,0.003657,-0.000365,-0.005594,-0.002604,-0.001858,-0.002248,-0.000574,-0.008235,0.001942
0.016809,0.022959,-0.003546,0.009738,0.002768,-0.001960,-0.004237,0.000242,0.003972,-0.000648,-0.006322,-0.003638,-0.001617,-0.002128,-0.001134,-0.007377,0.001862
0.018508,0.023770,-0.004256,0.009992,0.002429,-0.003324,-0.005614,0.000176,0.004054,-0.002158,-0.006995,-0.005991,-0.001405,-0.001850,-0.001613,-0.005985,0.001717
0.018919,0.023795,-0.004613,0.010220,0.002088,-0.006167,-0.005613,0.000326,0.004421,-0.003293,-0.007448,-0.008782,-0.001261,-0.001519,-0.001533,-0.004626,0.001598
0.017002,0.018175,-0.005080,0.011000,0.001859,-0.006016,-0.005562,0.000474,0.004771,-0.003362,-0.007472,-0.011736,-0.000673,-0.001055,-0.001449,-0.003642,0.000812
0.016103,0.013656,-0.004406,0.011713,0.001799,-0.004025,-0.005912,0.000207,0.004830,-0.003323,-0.007204,-0.011187,-0.000020,-0.000614,-0.001169,-0.002444,0.000267
0.014958,0.009675,-0.003660,0.011876,0.001710,-0.002163,-0.006830,0.000039,0.004811,-0.002824,-0.006481,-0.010130,0.000361,-0.000362,-0.001004,-0.001339,0.000069
0.014924,0.006828,-0.002838,0.009647,0.001921,-0.001095,-0.007318,0.000046,0.004217,-0.001888,-0.006352,-0.008689,0.001876,-0.000127,-0.000655,-0.000412,0.000074
0.014507,0.005091,-0.001931,0.005956,0.001495,-0.000327,-0.007681,0.000040,0.003848,-0.001128,-0.006681,-0.007171,0.002994,0.000019,-0.000555,-0.000018,0.000192
0.012108,0.003748,-0.000339,0.002731,0.001087,-0.000019,-0.007729,0.000128,0.003085,-0.000821,-0.006871,-0.006575,0.003179,0.000197,-0.000327,0.000155,0.000176
0.007135,0.001433,0.000051,0.001355,0.000984,0.000369,-0.007081,0.000109,0.002142,-0.000546,-0.007915,-0.004945,0.003465,0.000475,-0.000031,0.000630,0.000061
0.003110,0.000590,0.000874,0.000378,0.000852,0.000759,-0.006652,0.000033,0.001281,-0.000314,-0.008022,-0.003855,0.004188,0.000453,0.000115,0.001292,0.000006
0.001910,0.000276,0.001929,-0.000188,0.000757,0.001135,-0.006502,-0.000035,0.000626,-0.000592,-0.008862,-0.002940,0.004508,0.000591,0.000958,0.002603,-0.000000
0.001326,0.000062,0.003313,-0.000712,0.000533,0.001265,-0.007359,-0.000293,0.000168,-0.001490,-0.008449,-0.002149,0.004735,0.000693,0.002599,0.002508,0.000083
0.001181,-0.000003,0.004282,-0.000995,0.000355,0.001176,-0.007459,-0.000770,0.000000,-0.001503,-0.007389,-0.001506,0.005376,0.000715,0.003655,0.001980,0.000320
0.000979,-0.000219,0.005306,-0.000500,0.000051,0.000413,-0.007497,-0.000558,-0.000030,-0.001381,-0.005662,-0.000947,0.006347,0.000659,0.003938,0.001475,0.000856
0.000811,-0.000854,0.006512,-0.000175,-0.000053,0.000011,-0.007452,-0.000436,-0.000104,-0.001103,-0.004220,-0.000440,0.007262,0.000598,0.003951,0.001601,0.001770
0.000563,-0.001597,0.007368,-0.000079,-0.000221,-0.000393,-0.007576,-0.000288,-0.000078,-0.000646,-0.001709,-0.000928,0.008195,0.000867,0.004387,0.001745,0.002284
0.000532,-0.001412,0.007088,-0.000144,-0.000541,-0.001633,-0.007356,-0.000337,-0.000064,-0.000135,-0.000353,-0.001544,0.008132,0.001429,0.005118,0.001497,0.002273
0.000123,-0.001286,0.006932,-0.000068,-0.001060,-0.004598,-0.006964,-0.000418,-0.000046,-0.000026,0.000000,-0.002526,0.006907,0.002040,0.005790,0.000630,0.002297
-0.000025,-0.002393,0.007115,-0.000145,-0.000896,-0.007230,-0.006649,-0.000329,-0.000006,0.000012,0.000025,-0.002703,0.005661,0.002697,0.005743,0.000175,0.003120
-0.000490,-0.002227,0.006437,-0.000919,-0.000726,-0.009543,-0.007558,-0.000201,0.000035,0.000101,0.000127,-0.002496,0.004895,0.003060,0.005982,-0.000188,0.003298
-0.000211,-0.001268,0.004622,-0.001784,-0.000693,-0.010726,-0.008893,-0.000004,0.000177,0.000169,0.000276,-0.002113,0.004648,0.003610,0.005320,-0.001644,0.003009
0.000003,-0.000004,0.002928,-0.001307,-0.000754,-0.012453,-0.010579,0.000143,0.000418,0.000433,0.000526,-0.001924,0.003979,0.003948,0.004368,-0.002335,0.002889
0.000556,0.001373,0.000878,-0.000865,-0.001495,-0.016062,-0.011671,0.000127,0.000609,0.000639,0.000750,-0.001791,0.002620,0.003481,0.004070,-0.002827,0.002777
0.002264,0.005732,0.000384,-0.001087,-0.001526,-0.017176,-0.011549,-0.000000,0.000746,0.000919,0.001658,-0.001983,0.001582,0.002865,0.003761,-0.002656,0.002664
0.003644,0.009073,0.000086,-0.001336,-0.001960,-0.022541,-0.010929,-0.000492,0.000669,0.001124,0.002347,-0.002307,0.001045,0.002251,0.004009,-0.002500,0.001457
0.002127,0.009667,0.000156,-0.001496,-0.002627,-0.021044,-0.010040,-0.001646,0.000716,0.001409,0.002258,-0.002881,0.000939,0.002231,0.003746,-0.002356,0.000584
0.000818,0.009630,0.000126,-0.000904,-0.003205,-0.020625,-0.009518,-0.002541,0.000841,0.001797,0.001382,-0.003725,0.000526,0.002268,0.003538,-0.001630,0.000211
0.000033,0.009466,-0.000000,-0.000594,-0.003594,-0.020150,-0.008786,-0.003264,0.001118,0.001005,0.000620,-0.005365,0.000170,0.002184,0.003667,-0.001003,0.000074
-0.000167,0.009419,-0.000167,-0.000440,-0.003587,-0.021258,-0.007754,-0.003171,0.001593,0.000410,0.000125,-0.007300,-0.000010,0.001832,0.004053,-0.000297,0.000014
-0.000814,0.008490,-0.000968,-0.000011,-0.003496,-0.021082,-0.006644,-0.002947,0.002139,0.000035,-0.000035,-0.009569,-0.000201,0.001565,0.004279,-0.000053,-0.000005
-0.001540,0.008119,-0.002080,0.000169,-0.003261,-0.019502,-0.005456,-0.002687,0.002464,-0.000249,-0.000422,-0.010685,-0.000581,0.001346,0.004501,-0.000031,-0.000181
-0.002074,0.007633,-0.003513,0.000840,-0.002585,-0.016275,-0.005208,-0.001515,0.003035,-0.000925,-0.000930,-0.011319,-0.001088,0.000620,0.004863,-0.000017,-0.000704
-0.001434,0.008591,-0.006540,0.001963,-0.001574,-0.011279,-0.006071,-0.000696,0.003842,-0.000779,-0.001308,-0.011522,-0.001804,0.000176,0.005921,0.000002,-0.001017
-0.000846,0.009365,-0.010893,0.001147,-0.001142,-0.008811,-0.007683,-0.000621,0.004686,-0.000145,-0.001738,-0.011475,-0.003454,0.000060,0.006550,0.000015,-0.001300
-0.000917,0.009455,-0.011339,0.000591,-0.000884,-0.004379,-0.006887,-0.000569,0.005148,0.000008,-0.001647,-0.010940,-0.005409,0.000053,0.007187,0.000052,-0.001946
-0.002847,0.004192,-0.009322,0.000369,-0.000658,-0.001245,-0.005907,-0.000700,0.005422,0.000224,-0.002201,-0.009073,-0.006343,0.000008,0.007664,0.000147,-0.002440
-0.006576,0.001506,-0.006995,0.000341,-0.000337,-0.000055,-0.004859,-0.000838,0.005696,0.000535,-0.002832,-0.007335,-0.007180,-0.000001,0.008421,0.000377,-0.003242
-0.007658,0.000367,-0.004836,-0.000000,-0.000079,0.000398,-0.004525,-0.001241,0.005907,0.000577,-0.004015,-0.004997,-0.008455,-0.000109,0.009427,0.001089,-0.003457
-0.006595,0.000186,-0.004012,-0.000518,-0.000060,0.001719,-0.004673,-0.001151,0.006002,0.000535,-0.005851,-0.003031,-0.010036,-0.000423,0.010583,0.002181,-0.003784
-0.004980,0.000065,-0.003883,-0.002739,-0.000048,0.003353,-0.005227,-0.000861,0.006097,0.000853,-0.006815,-0.000679,-0.010870,-0.001023,0.010541,0.003164,-0.004051
-0.003339,-0.000000,-0.003671,-0.003913,-0.000035,0.003954,-0.005678,-0.000267,0.006083,0.001436,-0.007525,0.000004,-0.009566,-0.001987,0.010327,0.004544,-0.004519
-0.001191,-0.000052,-0.002194,-0.004899,-0.000037,0.004015,-0.006513,-0.000023,0.006003,0.002096,-0.007334,0.000659,-0.008213,-0.003141,0.010428,0.005626,-0.004537
-0.000131,-0.000054,-0.000963,-0.006375,-0.000018,0.003598,-0.007443,0.000000,0.006423,0.002631,-0.005936,0.001514,-0.008286,-0.003497,0.011112,0.007068,-0.005129
0.000090,-0.000044,-0.000711,-0.004556,-0.000022,0.003200,-0.008258,-0.000014,0.006731,0.003224,-0.004984,0.002492,-0.008505,-0.002552,0.011784,0.007809,-0.005790
0.000276,-0.000104,-0.000518,-0.002252,-0.000030,0.001586,-0.008876,-0.000042,0.006536,0.002788,-0.004131,0.003703,-0.008920,-0.001322,0.012991,0.007962,-0.006753
0.000561,-0.001569,-0.000263,-0.000748,-0.000021,0.001005,-0.009555,-0.000061,0.006252,0.001618,-0.003244,0.006042,-0.008954,-0.000276,0.014465,0.007927,-0.006544
0.001531,-0.003478,-0.000695,-0.000168,-0.000008,0.000663,-0.011070,0.000014,0.006043,0.000623,-0.002361,0.008618,-0.006080,0.000000,0.016536,0.007722,-0.006026
0.003628,-0.004989,-0.001246,-0.000001,-0.000000,0.000176,-0.012927,0.000277,0.006050,0.000094,-0.001354,0.011358,-0.003395,0.000224,0.016119,0.008092,-0.005002
0.007101,-0.004168,-0.002098,0.000191,-0.000023,-0.000000,-0.014492,0.000611,0.006377,-0.000006,-0.000649,0.013132,-0.002045,0.000748,0.015021,0.008116,-0.003889
0.009542,-0.005357,-0.003943,0.000331,-0.000176,-0.000190,-0.015764,0.000710,0.006660,-0.000251,-0.000039,0.014392,-0.001701,0.000898,0.014334,0.008321,-0.002931
0.011237,-0.007250,-0.005125,0.000079,-0.000250,-0.000020,-0.015446,0.000945,0.006736,-0.000780,0.000410,0.013782,-0.001381,0.000975,0.014337,0.009085,-0.002090
0.010559,-0.008328,-0.005163,-0.000005,-0.000540,-0.000086,-0.014769,0.000658,0.006515,-0.001646,0.002213,0.013705,-0.001080,0.001020,0.014440,0.009681,-0.001942
0.009488,-0.008400,-0.005076,-0.000182,-0.001308,0.000000,-0.013841,0.000380,0.006642,-0.002961,0.004540,0.013270,-0.001054,0.001350,0.014928,0.010289,-0.001730
0.008317,-0.007470,-0.006084,-0.000011,-0.002376,-0.000033,-0.013400,0.000323,0.006666,-0.004810,0.006591,0.012646,-0.000918,0.001871,0.015265,0.010996,-0.001302
0.008126,-0.004565,-0.007124,0.000164,-0.003684,-0.000147,-0.013464,0.000250,0.006523,-0.006597,0.008521,0.011935,-0.000355,0.002509,0.015118,0.011864,-0.000702
0.008524,-0.001926,-0.007959,0.000453,-0.004663,-0.001039,-0.012508,0.000013,0.006016,-0.008379,0.010308,0.010696,-0.000080,0.002987,0.014830,0.014049,-0.000320
0.009590,-0.000475,-0.008861,0.000888,-0.005806,-0.002798,-0.012070,-0.000094,0.005272,-0.010542,0.010728,0.009005,0.000006,0.003738,0.014264,0.015212,-0.000005
0.009842,0.000078,-0.009717,0.001285,-0.007050,-0.005081,-0.011901,-0.000179,0.004490,-0.013760,0.010949,0.007463,0.000140,0.004519,0.013484,0.015334,0.000009
0.010328,0.001311,-0.009964,0.001795,-0.007715,-0.005846,-0.012077,-0.000043,0.004307,-0.017536,0.010960,0.006772,0.000439,0.004170,0.013227,0.015170,0.000137
0.011705,0.004633,-0.010326,0.003085,-0.007916,-0.004785,-0.011735,-0.000003,0.004537,-0.020418,0.010828,0.005185,0.001304,0.003752,0.013534,0.014767,0.000206
0.012836,0.009493,-0.010539,0.003218,-0.007753,-0.006018,-0.011679,-0.000000,0.004847,-0.021562,0.011569,0.004092,0.002145,0.003313,0.013610,0.012859,0.000277
0.013065,0.012844,-0.010946,0.003029,-0.007121,-0.004895,-0.010969,0.000001,0.005059,-0.020735,0.013201,0.002591,0.002436,0.002467,0.013574,0.010853,0.000346
0.010549,0.011780,-0.009668,0.002732,-0.006356,-0.003980,-0.008886,0.000037,0.005213,-0.019599,0.014156,0.001896,0.002613,0.001925,0.013287,0.009407,0.000398
0.008396,0.010095,-0.006932,0.002706,-0.005218,-0.002280,-0.007950,0.000042,0.005238,-0.018280,0.012733,0.001397,0.003095,0.001487,0.012020,0.008518,0.000339
0.006579,0.008845,-0.004209,0.002333,-0.004070,-0.001146,-0.006813,0.000004,0.004843,-0.016854,0.010214,0.001069,0.002829,0.001224,0.011001,0.008780,0.000701
0.005973,0.010258,-0.001765,0.003490,-0.003218,-0.000311,-0.005995,-0.000007,0.004388,-0.014826,0.008045,0.000120,0.002162,0.000856,0.011199,0.008951,0.000982
0.005691,0.011922,-0.000732,0.003490,-0.001413,-0.000086,-0.005643,-0.000048,0.003988,-0.011530,0.005551,0.000003,0.001487,0.000364,0.010964,0.009213,0.000991
0.005016,0.013455,-0.000333,0.002767,-0.000354,-0.000049,-0.004913,-0.000002,0.003540,-0.007935,0.003359,-0.000004,0.001787,0.000034,0.010484,0.010436,0.000732
0.005498,0.015062,-0.000015,0.002008,-0.000027,-0.000038,-0.005516,0.000087,0.003052,-0.004827,0.001628,-0.000041,0.002018,-0.000116,0.010660,0.011291,0.000727
0.005638,0.016478,0.000213,0.001188,0.000056,-0.000563,-0.006256,0.000146,0.003417,-0.003551,0.000496,-0.000148,0.001334,-0.000814,0.009798,0.012158,0.000699
0.005600,0.017834,0.000651,0.001774,0.000312,-0.001580,-0.007074,-0.000000,0.003722,-0.002382,-0.000002,-0.000254,0.000741,-0.001422,0.008942,0.011870,0.001213
0.005139,0.018584,0.001212,0.002601,0.000471,-0.002833,-0.007634,-0.000264,0.003501,-0.001102,-0.000659,-0.000155,0.000416,-0.001034,0.008057,0.012003,0.001169
0.004644,0.017795,0.002109,0.003260,0.000717,-0.001812,-0.007847,-0.000581,0.002735,-0.000199,-0.001922,-0.000008,0.000482,-0.000266,0.008140,0.011900,0.000964
0.005352,0.016640,0.002095,0.004921,0.001072,-0.000609,-0.007896,-0.000165,0.001931,0.000024,-0.003412,0.000005,0.001522,0.000010,0.008683,0.010785,0.000720
0.006061,0.014964,0.001893,0.005656,0.001534,-0.000601,-0.008037,-0.000248,0.001187,0.000626,-0.004470,0.000018,0.002895,0.000566,0.008371,0.010019,0.000803
0.006717,0.012320,0.001001,0.006266,0.001797,-0.000463,-0.007887,-0.000638,0.000702,0.001704,-0.005722,-0.000050,0.003536,0.001924,0.007863,0.008702,0.000871
0.005322,0.007549,0.000335,0.005572,0.002190,-0.001166,-0.006295,-0.000672,0.000336,0.003133,-0.006509,-0.000345,0.004308,0.002573,0.007018,0.005023,0.000773
0.002111,0.003432,0.000011,0.004242,0.002565,-0.001789,-0.004228,-0.000521,0.000134,0.005334,-0.007629,-0.001185,0.005000,0.003219,0.005979,0.002489,0.000601
-0.000007,0.000587,-0.000008,0.003461,0.002785,-0.001500,-0.001898,-0.000510,-0.000011,0.007778,-0.008189,-0.001830,0.005534,0.003842,0.004635,0.001162,0.000792
-0.001986,-0.000104,-0.000066,0.002603,0.002714,-0.001276,-0.000636,-0.000479,-0.000007,0.010458,-0.007876,-0.002452,0.004570,0.004322,0.003661,0.000387,0.001022
-0.005662,-0.000950,-0.000335,0.003429,0.002774,-0.001943,-0.000040,-0.000048,0.000008,0.013008,-0.006902,-0.002752,0.004369,0.004616,0.002837,0.000014,0.001242
-0.009542,-0.001632,-0.000876,0.004265,0.002780,-0.002707,0.000049,0.000162,0.000032,0.015490,-0.005433,-0.002971,0.005002,0.004861,0.001809,-0.000088,0.001522
-0.011310,-0.002588,-0.001600,0.004417,0.002783,-0.004062,0.000729,0.000253,0.000005,0.017602,-0.004096,-0.002589,0.005616,0.004629,0.001138,-0.000106,0.001551
-0.013425,-0.003720,-0.002046,0.004318,0.002578,-0.004853,0.002341,0.000407,-0.000039,0.019190,-0.003043,-0.001279,0.005965,0.005087,0.000313,-0.000345,0.001744
-0.015682,-0.003775,-0.002489,0.002291,0.002098,-0.005621,0.003819,0.000629,-0.000251,0.019573,-0.002093,-0.000438,0.005478,0.005585,-0.000000,-0.001251,0.001745
-0.017697,-0.003883,-0.003333,0.000842,0.001587,-0.005628,0.005290,0.000796,-0.000538,0.018199,-0.001408,-0.000036,0.004900,0.005486,-0.000218,-0.002888,0.001975
-0.016162,-0.003378,-0.004474,0.000291,0.000701,-0.005986,0.005912,0.000752,-0.000662,0.016147,-0.001057,0.000000,0.007161,0.005039,-0.000718,-0.004954,0.002174
-0.012921,-0.002356,-0.005491,0.000004,0.000398,-0.007012,0.005610,0.000779,-0.000538,0.014273,-0.000477,0.000289,0.009508,0.004518,-0.001127,-0.006736,0.002201
-0.010487,-0.001480,-0.007363,-0.000387,0.000315,-0.007974,0.004937,0.000982,-0.000364,0.012850,-0.000057,0.000668,0.010449,0.004298,-0.001416,-0.008352,0.002303
-0.009702,-0.002423,-0.008801,-0.002054,0.000236,-0.008115,0.006027,0.002030,-0.000235,0.011292,0.000174,0.001598,0.010782,0.004378,-0.001735,-0.008026,0.001775
-0.010364,-0.002688,-0.008804,-0.004709,0.000108,-0.006083,0.006119,0.003265,-0.000318,0.009711,0.000243,0.003175,0.011316,0.004361,-0.004353,-0.007179,0.001477
-0.011583,-0.003722,-0.008459,-0.008132,-0.000021,-0.004238,0.006829,0.004569,-0.000630,0.008262,0.000233,0.005437,0.011965,0.004687,-0.007894,-0.005424,0.000799
-0.011782,-0.002692,-0.008026,-0.007683,-0.000343,-0.002661,0.007145,0.005280,-0.000944,0.006983,0.000445,0.006734,0.011537,0.004865,-0.009951,-0.003914,0.000572
-0.008131,-0.000689,-0.007727,-0.006415,-0.000380,-0.002119,0.007123,0.005668,-0.001336,0.006315,0.000712,0.007939,0.010569,0.004561,-0.010580,-0.002222,0.000319
-0.005482,-0.000015,-0.007424,-0.005349,-0.000079,-0.001803,0.006326,0.006127,-0.001722,0.005607,0.001166,0.007349,0.009290,0.004167,-0.011018,-0.000654,0.000162
-0.002382,-0.000000,-0.005891,-0.003530,-0.000013,-0.001371,0.004429,0.006748,-0.002135,0.003057,0.001606,0.006608,0.007787,0.003662,-0.010445,-0.000027,0.000250
-0.000520,0.000018,-0.004371,-0.002050,0.000008,-0.001956,0.001832,0.006296,-0.001966,0.000388,0.002534,0.004827,0.004224,0.002616,-0.010022,0.000073,0.000378
0.000050,0.000372,-0.004098,-0.001613,0.000039,-0.002611,0.000109,0.005697,-0.001749,-0.000252,0.003349,0.003479,0.001665,0.001459,-0.008979,0.000390,0.000944
0.001598,0.001396,-0.003984,-0.002167,0.000030,-0.003254,-0.000433,0.005161,-0.001286,-0.001979,0.004160,0.002708,0.000366,0.000684,-0.007881,0.001188,0.001136
0.006363,0.003109,-0.003623,-0.003230,0.000017,-0.003764,-0.002272,0.005048,-0.000921,-0.003611,0.004799,0.002299,0.000012,-0.000000,-0.005835,0.003117,0.001299
0.013925,0.006616,-0.002763,-0.004527,0.000018,-0.003770,-0.004796,0.005165,-0.000421,-0.004614,0.006630,0.001609,-0.000242,-0.000368,-0.003622,0.005091,0.001408
0.021783,0.009009,-0.001923,-0.006676,0.000105,-0.003872,-0.007822,0.004408,-0.000128,-0.005479,0.007923,0.000968,-0.001725,-0.001102,-0.001607,0.006761,0.001590
0.029953,0.010341,-0.001597,-0.008662,0.000330,-0.003188,-0.011183,0.004017,-0.000010,-0.006299,0.009734,0.000160,-0.004257,-0.002207,-0.000302,0.008491,0.001777
0.038300,0.010449,-0.001511,-0.010227,0.000489,-0.003599,-0.013186,0.004309,0.000014,-0.007238,0.010467,-0.000041,-0.006411,-0.003520,0.000041,0.009528,0.001849
0.043948,0.011295,-0.001987,-0.011296,0.000636,-0.003900,-0.014660,0.004483,0.000108,-0.007197,0.010898,-0.000582,-0.008689,-0.004965,0.000539,0.010342,0.001855
0.045087,0.010935,-0.002791,-0.011287,0.000685,-0.002593,-0.015389,0.004357,0.000188,-0.007071,0.011486,-0.001701,-0.011405,-0.006244,0.001275,0.011053,0.002267
0.044801,0.010330,-0.002912,-0.011040,0.000575,-0.001531,-0.016610,0.003911,0.000359,-0.006852,0.012010,-0.003315,-0.014788,-0.007633,0.001953,0.011557,0.002640
0.045331,0.010206,-0.002838,-0.010169,0.000706,-0.000267,-0.017108,0.003850,0.000844,-0.005906,0.010813,-0.004884,-0.016633,-0.009020,0.002950,0.011491,0.003075
0.045134,0.009448,-0.002738,-0.007383,0.000836,-0.000106,-0.016847,0.003707,0.001543,-0.004903,0.009173,-0.006630,-0.017582,-0.010454,0.004004,0.011399,0.003635
0.043133,0.007627,-0.002921,-0.005320,0.000673,-0.000014,-0.016398,0.003480,0.002366,-0.003777,0.007611,-0.006543,-0.018220,-0.012238,0.004532,0.011482,0.004272
0.038113,0.007770,-0.003004,-0.002610,0.000522,0.000056,-0.014388,0.003690,0.002999,-0.003256,0.006927,-0.004556,-0.018467,-0.012674,0.003611,0.008668,0.004822
0.031054,0.007337,-0.002311,-0.002180,0.000403,0.000172,-0.010290,0.003968,0.003524,-0.002644,0.006571,-0.002673,-0.019346,-0.011644,0.002619,0.003701,0.004973
0.022447,0.006420,-0.001705,-0.001936,0.000471,0.000344,-0.005741,0.004261,0.002899,-0.001856,0.005981,-0.001929,-0.019347,-0.010492,0.001785,0.000419,0.004269
0.014615,0.005465,-0.001120,-0.001638,0.000304,0.000401,-0.001441,0.004401,0.002252,-0.001295,0.004856,-0.001433,-0.016351,-0.009592,0.001502,-0.000386,0.003739
0.009203,0.004773,-0.000567,-0.000807,0.000470,0.000499,-0.000075,0.004795,0.001865,-0.000887,0.003594,-0.001284,-0.013227,-0.008813,0.001660,-0.002099,0.002914
0.005229,0.004939,-0.000353,-0.000475,0.000253,0.001225,0.000193,0.004785,0.001636,-0.000615,0.002375,-0.001268,-0.010405,-0.007630,0.002616,-0.003244,0.002785
0.003487,0.004478,-0.000294,-0.000884,0.000286,0.002835,0.000980,0.005658,0.001714,-0.000261,0.001704,-0.001032,-0.007965,-0.006348,0.003730,-0.003324,0.001876
0.001549,0.004887,-0.000242,-0.001232,0.000103,0.005253,0.002588,0.006460,0.001729,0.000000,0.001106,-0.000319,-0.005305,-0.004986,0.002480,-0.003308,0.000751
0.000286,0.005164,-0.000171,-0.001771,0.000002,0.006214,0.005164,0.007228,0.001614,0.000391,0.000958,-0.000003,-0.003404,-0.003631,0.001309,-0.003254,0.000057
-0.000000,0.006070,-0.000234,-0.002084,-0.000159,0.007331,0.008302,0.007842,0.001525,0.001527,0.000725,0.000513,-0.001049,-0.002600,0.000722,-0.002631,-0.000024
-0.000013,0.008653,-0.001042,-0.002107,-0.000568,0.011080,0.010899,0.008050,0.001386,0.002089,0.000542,0.002588,0.000002,-0.001882,0.000355,-0.001363,0.000011
-0.000001,0.012248,-0.001768,-0.003047,-0.000021,0.014315,0.011324,0.008275,0.001712,0.002822,0.000132,0.003344,0.001134,-0.001992,0.000128,-0.000520,0.000410
0.000022,0.012749,-0.001804,-0.003996,0.000083,0.016755,0.011306,0.007558,0.002012,0.002172,0.000005,0.003770,0.004678,-0.001962,-0.000004,-0.000289,0.001251
0.000231,0.009074,-0.001730,-0.004714,0.000085,0.018966,0.009799,0.005260,0.002188,0.000821,0.000008,0.003409,0.007614,-0.001939,-0.000022,-0.000291,0.001899
0.000325,0.006846,-0.002129,-0.005864,0.000046,0.020088,0.007362,0.002768,0.001975,0.000034,0.000019,0.003232,0.011067,-0.001860,-0.000054,-0.000315,0.002109
0.000475,0.005306,-0.002813,-0.007982,0.000040,0.020440,0.005054,0.001034,0.001680,-0.000415,0.000033,0.003044,0.015047,-0.001765,-0.000041,-0.000226,0.002651
0.001102,0.004945,-0.002483,-0.009753,0.000014,0.018629,0.002991,0.000249,0.001479,-0.001192,0.000038,0.003059,0.017883,-0.002383,-0.000002,-0.000147,0.003044
0.002135,0.005836,-0.002849,-0.011446,-0.000000,0.015345,0.001441,-0.000000,0.001468,-0.001308,0.000352,0.003596,0.019865,-0.003069,0.000032,-0.000307,0.003359
0.003447,0.006691,-0.003092,-0.011868,-0.000010,0.010704,0.000416,-0.000592,0.001765,-0.001069,0.000189,0.003788,0.021193,-0.003475,0.000543,-0.000703,0.003648
0.005116,0.006238,-0.004069,-0.011228,-0.000061,0.006838,0.000002,-0.001820,0.002038,-0.000904,0.000251,0.003424,0.022111,-0.004175,0.001348,-0.000986,0.003447
0.007127,0.002636,-0.005301,-0.010515,-0.000246,0.003586,-0.000413,-0.003972,0.002231,-0.000821,0.000221,0.002873,0.022254,-0.005019,0.002979,-0.000250,0.003282
0.009286,0.001667,-0.007808,-0.011144,-0.000528,0.000770,-0.001567,-0.006448,0.002080,-0.001167,0.000401,0.002269,0.022065,-0.006039,0.005063,0.000033,0.002736
0.011136,0.000881,-0.010565,-0.011614,-0.000970,-0.000000,-0.003437,-0.008916,0.002128,-0.001041,0.000644,0.001709,0.020131,-0.006792,0.007074,0.000564,0.002327
0.012533,0.000581,-0.012078,-0.011747,-0.001508,-0.000599,-0.006129,-0.011689,0.001701,-0.000968,0.001093,0.000247,0.017413,-0.008304,0.009167,0.001746,0.001684
0.014317,0.000129,-0.013419,-0.010798,-0.001931,-0.001120,-0.009549,-0.014558,0.001314,-0.000820,0.000800,-0.000066,0.014483,-0.009771,0.011796,0.003527,0.001304
0.016810,-0.000127,-0.014903,-0.007121,-0.002692,-0.001730,-0.013322,-0.017212,0.001143,-0.001057,0.000322,-0.000713,0.011766,-0.011004,0.014832,0.007092,0.000985
0.018217,-0.001261,-0.016732,-0.005647,-0.003706,-0.002432,-0.017387,-0.019664,0.001114,-0.001955,0.000047,-0.001299,0.009004,-0.012172,0.016649,0.010142,0.000766
0.018143,-0.002079,-0.018376,-0.003582,-0.004782,-0.003359,-0.021655,-0.021197,0.001000,-0.003551,0.000096,-0.001477,0.006499,-0.012256,0.017537,0.010770,0.000373
0.015981,-0.003038,-0.018846,-0.002283,-0.005819,-0.005529,-0.023966,-0.022002,0.000747,-0.005174,0.000218,-0.001621,0.004227,-0.010628,0.017800,0.009498,0.000026
0.013336,-0.004154,-0.018687,-0.001347,-0.006470,-0.008102,-0.024877,-0.021998,0.000219,-0.005556,0.000274,-0.002561,0.002935,-0.008749,0.017270,0.007841,-0.000085
0.008819,-0.005451,-0.017239,-0.000991,-0.007011,-0.011014,-0.022558,-0.021634,0.000001,-0.005668,0.000251,-0.003621,0.001889,-0.006971,0.016850,0.005665,-0.000553
0.004316,-0.007750,-0.015414,-0.000264,-0.006034,-0.014183,-0.019997,-0.021146,-0.000083,-0.004548,0.000088,-0.005806,0.000288,-0.005575,0.016247,0.003924,-0.001456
0.000958,-0.010187,-0.013405,0.000014,-0.005976,-0.016449,-0.017579,-0.021265,-0.000253,-0.003415,0.000004,-0.009013,-0.000165,-0.004506,0.017101,0.003436,-0.002157
0.000003,-0.011998,-0.011750,0.000251,-0.005387,-0.017678,-0.015736,-0.020839,-0.000301,-0.002358,-0.000147,-0.011899,-0.001819,-0.003266,0.017699,0.002975,-0.003411
-0.000508,-0.014162,-0.010599,0.000880,-0.005599,-0.017618,-0.015107,-0.020490,-0.000292,-0.000938,-0.000053,-0.013034,-0.004546,-0.002039,0.016778,0.003342,-0.005722
-0.001378,-0.014836,-0.010250,0.002007,-0.005266,-0.019710,-0.014427,-0.019811,-0.000679,-0.000077,0.000012,-0.014148,-0.007544,-0.000917,0.015591,0.002828,-0.008688
-0.001758,-0.013565,-0.009746,0.003599,-0.005114,-0.021849,-0.013572,-0.018797,-0.001208,0.000219,0.000232,-0.015036,-0.009042,-0.000180,0.014705,0.003518,-0.011005
-0.001310,-0.012084,-0.007046,0.005056,-0.004370,-0.018258,-0.011811,-0.017349,-0.001646,0.000543,0.000799,-0.015702,-0.009007,0.000062,0.014527,0.004973,-0.010541
-0.000525,-0.009729,-0.004649,0.004282,-0.002701,-0.015276,-0.010761,-0.015598,-0.001351,0.000286,0.000766,-0.016359,-0.008902,0.000266,0.013328,0.006529,-0.008763
-0.000023,-0.007954,-0.002620,0.002825,-0.001235,-0.013846,-0.009276,-0.014033,-0.000981,0.000124,0.000857,-0.016409,-0.008602,0.000540,0.011224,0.007263,-0.006442
0.000876,-0.009002,-0.001079,0.001874,-0.000608,-0.012151,-0.008069,-0.012562,-0.000318,0.000301,0.001075,-0.016528,-0.008262,0.000359,0.008999,0.007532,-0.004754
0.002194,-0.009956,-0.000154,0.000753,-0.000125,-0.010642,-0.006994,-0.011395,-0.000077,0.000590,0.001359,-0.015872,-0.007798,0.000199,0.006635,0.007700,-0.003728
0.002913,-0.011063,0.000017,0.000140,0.000020,-0.008588,-0.006119,-0.009813,-0.000043,0.000907,0.001103,-0.014922,-0.007134,0.000097,0.003887,0.007981,-0.002521
0.003062,-0.011116,0.000518,0.000002,0.000510,-0.007013,-0.005160,-0.007800,-0.000018,0.001477,0.000561,-0.013044,-0.007505,0.000085,0.001788,0.008896,-0.001915
0.000908,-0.011648,0.000757,-0.000015,0.001434,-0.005264,-0.002739,-0.005567,-0.000006,0.001528,0.000059,-0.010458,-0.008284,0.000080,0.000392,0.008443,-0.001567
0.000036,-0.011912,0.001105,-0.000008,0.002093,-0.005581,-0.000996,-0.003904,-0.000002,0.001926,-0.000119,-0.007908,-0.008135,0.000233,0.000020,0.007797,-0.001193
-0.000248,-0.011436,0.000969,0.000133,0.002414,-0.003876,-0.000053,-0.001945,-0.000002,0.002533,-0.000768,-0.006103,-0.007770,0.000179,-0.000125,0.007102,-0.000949
-0.001679,-0.013786,0.000852,0.000652,0.002740,-0.001971,-0.000025,-0.001232,-0.000000,0.003395,-0.001694,-0.004372,-0.007796,0.000123,-0.000460,0.007088,-0.000677
-0.003910,-0.014022,0.000764,0.001427,0.002997,-0.001079,0.000013,-0.000689,0.000104,0.003523,-0.002476,-0.002713,-0.007608,0.000033,-0.000660,0.007213,-0.000575
-0.005731,-0.013688,0.000635,0.002229,0.002798,-0.001304,0.000037,-0.000299,0.000303,0.004283,-0.002075,-0.001437,-0.007543,0.000006,-0.001172,0.007201,-0.000244
-0.007563,-0.011298,0.001041,0.003103,0.002455,-0.001546,0.000231,0.000030,0.000442,0.005237,-0.001640,-0.000668,-0.007655,-0.000058,-0.001432,0.006609,-0.000058
-0.007484,-0.004662,0.002142,0.005214,0.002087,-0.001331,0.000349,0.000775,0.000571,0.006401,-0.001300,-0.000267,-0.007612,-0.000354,-0.001064,0.005983,0.000023
-0.005209,-0.001438,0.003203,0.008985,0.001275,-0.000473,0.000306,0.002154,0.000702,0.006820,-0.000759,0.000001,-0.007426,-0.000281,-0.000551,0.007640,0.000285
-0.003391,-0.000211,0.004241,0.011947,0.000723,-0.000031,0.000270,0.003488,0.001147,0.005959,-0.000369,0.000319,-0.007473,-0.000468,-0.000386,0.007618,0.000837
-0.003232,-0.000021,0.005220,0.015383,0.000647,0.000148,0.000396,0.005029,0.001211,0.004672,-0.000009,0.001146,-0.007611,-0.000401,-0.000325,0.007305,0.001281
-0.003543,0.000035,0.005962,0.018778,0.000771,0.000522,0.000587,0.006770,0.001577,0.003473,0.000115,0.002386,-0.006957,-0.000266,-0.000516,0.005562,0.001389
-0.003236,0.000338,0.006938,0.020933,0.000789,0.001433,0.000832,0.008569,0.001338,0.002855,0.000625,0.002517,-0.004655,-0.000042,-0.000967,0.004044,0.001687
-0.003394,0.000984,0.009180,0.021268,0.000471,0.001768,0.001539,0.010452,0.001291,0.002571,0.001444,0.003088,-0.002617,0.000004,-0.001491,0.002403,0.001824
-0.004837,0.001384,0.011657,0.021965,0.000634,0.002863,0.002380,0.011285,0.001369,0.002900,0.002144,0.003661,-0.002565,0.000039,-0.002355,0.001161,0.001318
-0.007977,0.001581,0.014021,0.022988,0.000849,0.003455,0.004223,0.012538,0.001791,0.003600,0.002350,0.003665,-0.003193,0.000071,-0.002979,0.000102,0.000769
-0.011807,0.001792,0.016263,0.023612,0.001039,0.003889,0.006176,0.013713,0.002273,0.003911,0.001519,0.003577,-0.004402,0.000159,-0.003520,-0.000202,0.000368
-0.015272,0.002177,0.016616,0.023693,0.000970,0.004742,0.006633,0.014593,0.002797,0.004329,0.001748,0.003815,-0.005898,0.000401,-0.002483,-0.000784,0.000025
-0.017532,0.002495,0.016565,0.024055,0.000666,0.006253,0.006276,0.014355,0.002166,0.004898,0.001822,0.004046,-0.005282,0.000867,-0.001575,-0.002420,-0.000069
-0.018342,0.003879,0.015404,0.023488,0.000288,0.010290,0.005569,0.013867,0.001324,0.005440,0.001514,0.004375,-0.004212,0.001537,-0.000881,-0.003182,-0.000127
-0.017914,0.005550,0.016728,0.024123,0.000020,0.014724,0.004731,0.013057,0.000734,0.005887,0.001611,0.005119,-0.002173,0.002425,-0.000238,-0.003963,-0.000156
-0.016070,0.008486,0.017909,0.024354,-0.000038,0.016441,0.003895,0.012083,0.000120,0.002847,0.001340,0.005153,-0.000652,0.004010,-0.000120,-0.004743,-0.000260
-0.013951,0.009435,0.018897,0.024442,-0.000313,0.015860,0.003213,0.010394,0.000008,0.000705,0.001264,0.005011,-0.000027,0.005800,-0.000176,-0.005526,-0.000239
-0.011594,0.009129,0.020129,0.022658,-0.000461,0.015025,0.002835,0.008685,-0.000019,0.000090,0.001351,0.004476,0.000034,0.006208,-0.000710,-0.006696,-0.000109
-0.010729,0.007987,0.021293,0.019017,-0.000593,0.013789,0.002443,0.007886,-0.000067,-0.000003,0.001454,0.003901,0.000163,0.006247,-0.001440,-0.008061,-0.000022
-0.010295,0.005576,0.022627,0.015334,-0.000685,0.012776,0.002002,0.007088,-0.000203,-0.000126,0.001124,0.003453,0.000372,0.006199,-0.002332,-0.010182,0.000003
-0.009239,0.002247,0.022264,0.011614,-0.000657,0.011055,0.001544,0.006388,-0.000369,-0.000060,0.000743,0.004570,0.000513,0.006424,-0.002994,-0.010294,-0.000000
-0.009208,0.000168,0.021080,0.007990,-0.000610,0.010896,0.001487,0.005337,-0.000587,-0.000186,0.000357,0.005748,0.000372,0.007105,-0.003668,-0.010194,-0.000025
-0.009063,-0.000508,0.019503,0.003814,-0.000747,0.009506,0.001463,0.004618,-0.001102,-0.000428,0.000092,0.007313,0.000293,0.007831,-0.004339,-0.010454,-0.000193
-0.009138,-0.001427,0.016869,0.000812,-0.000869,0.009596,0.001621,0.003710,-0.002131,-0.000508,-0.000005,0.008058,0.000650,0.007725,-0.004359,-0.011043,-0.000602
-0.010326,-0.002350,0.014056,-0.000240,-0.000809,0.008848,0.000719,0.002315,-0.002928,-0.000910,-0.000437,0.009082,0.000869,0.007565,-0.004344,-0.011438,-0.001325
-0.008179,-0.003225,0.011203,-0.001936,-0.000748,0.006457,0.000119,0.001118,-0.002943,-0.001424,-0.001574,0.010251,0.000950,0.007129,-0.003111,-0.012056,-0.002316
-0.005381,-0.003720,0.009103,-0.004786,-0.000891,0.004992,-0.000128,0.000446,-0.002901,-0.001981,-0.001680,0.010907,0.000505,0.006707,-0.002426,-0.012298,-0.002496
-0.004163,-0.003718,0.007508,-0.008029,-0.001616,0.003709,-0.000471,0.000378,-0.003107,-0.002405,-0.002331,0.011777,0.000244,0.006538,-0.001537,-0.012194,-0.002377
-0.002359,-0.002427,0.005679,-0.010679,-0.002573,0.002843,-0.000972,0.000622,-0.003427,-0.002621,-0.002998,0.012031,0.000085,0.006241,-0.000552,-0.011882,-0.001939
-0.000541,-0.001275,0.003840,-0.013635,-0.003631,0.002087,-0.001667,0.000664,-0.003966,-0.002346,-0.003122,0.012200,0.000000,0.006259,-0.000029,-0.010710,-0.001554
0.000446,-0.000393,0.002314,-0.014638,-0.004132,0.000872,-0.002666,0.000432,-0.003885,-0.002052,-0.002698,0.011771,-0.000155,0.005214,0.000086,-0.008425,-0.001164
0.002737,-0.000184,0.001312,-0.013925,-0.003131,0.000488,-0.003384,0.000216,-0.004116,-0.002245,-0.002226,0.009849,-0.000672,0.004206,0.000422,-0.006372,-0.000710
0.006677,-0.000062,0.000466,-0.013025,-0.001867,0.000025,-0.003781,0.000027,-0.003725,-0.002947,-0.002149,0.007880,-0.001013,0.002998,0.000770,-0.004984,-0.000305
0.012227,0.000002,0.000006,-0.013651,-0.000812,-0.000025,-0.003609,-0.000055,-0.003447,-0.003240,-0.002141,0.006590,-0.000444,0.001566,0.001393,-0.003438,-0.000033
0.018984,0.000264,-0.000528,-0.014589,-0.000421,-0.000849,-0.003782,-0.000479,-0.002324,-0.002641,-0.002020,0.006122,-0.000019,0.000543,0.002091,-0.002093,0.000072
0.023547,0.000517,-0.001465,-0.014474,-0.000157,-0.001668,-0.003848,-0.001141,-0.001359,-0.001588,-0.001809,0.005736,0.000044,0.000030,0.002343,-0.001012,0.000149
0.024564,0.000783,-0.002939,-0.012940,-0.000015,-0.002834,-0.002778,-0.000999,-0.000449,-0.000643,-0.000455,0.005180,0.000179,-0.000130,0.002604,-0.000464,0.000064
0.023594,0.000625,-0.004127,-0.011105,0.000074,-0.002438,-0.001709,-0.000725,-0.000024,-0.000271,-0.000017,0.004496,0.000116,-0.000784,0.002741,-0.000133,-0.000013
0.021372,0.001079,-0.005283,-0.009442,0.000483,-0.001644,-0.000662,-0.000293,0.000204,-0.000080,0.000003,0.004080,0.000002,-0.001608,0.003727,-0.000021,-0.000360
0.018210,0.001668,-0.004731,-0.007739,0.001134,-0.001146,-0.000137,-0.000243,0.000770,-0.000000,0.000026,0.004643,-0.000073,-0.001605,0.004802,0.000003,-0.001212
0.014663,0.002398,-0.004844,-0.006795,0.001755,-0.000089,0.000179,-0.000094,0.001244,0.000092,-0.000022,0.004455,-0.000345,-0.001672,0.006071,0.000069,-0.001585
0.009849,0.003228,-0.005022,-0.004526,0.002011,0.000292,0.000683,-0.000060,0.001364,0.000584,-0.000088,0.003506,-0.000210,-0.000908,0.006918,0.000238,-0.002292
0.008050,0.005527,-0.006239,-0.002974,0.002171,0.000633,0.001276,-0.000269,0.001049,0.000480,-0.000248,0.001866,-0.000015,-0.000615,0.007224,0.000113,-0.003411
0.004576,0.005901,-0.007272,-0.001636,0.001626,0.000272,0.002001,-0.000877,0.001114,0.000123,-0.000503,0.000490,0.000109,-0.000323,0.007115,0.000365,-0.004322
0.003811,0.005682,-0.007529,-0.000976,0.001529,0.000071,0.003207,-0.001728,0.000641,-0.000009,-0.000555,-0.000004,0.000004,-0.000210,0.005363,0.000867,-0.004701
0.001471,0.006432,-0.007362,-0.000142,0.001445,0.000087,0.004742,-0.001544,0.000289,-0.000245,-0.000690,-0.001018,-0.000027,-0.000187,0.004112,0.001696,-0.004988
0.000180,0.006515,-0.006126,0.000242,0.001420,0.000137,0.006738,-0.001550,0.000050,-0.000868,-0.000649,-0.003251,-0.000099,-0.000186,0.003275,0.003214,-0.004917
-0.000089,0.005115,-0.004911,0.001811,0.001367,0.000422,0.008809,-0.001441,-0.000006,-0.000701,-0.000460,-0.005093,-0.000234,-0.000057,0.002543,0.004326,-0.005028
-0.000858,0.002439,-0.003457,0.004539,0.001132,0.001258,0.009364,-0.001726,-0.000114,-0.000558,-0.000092,-0.006935,-0.000238,0.000016,0.001530,0.003710,-0.004476
-0.002212,0.001020,-0.002475,0.006887,0.000685,0.002739,0.008134,-0.001616,-0.000228,-0.000513,0.000075,-0.008446,-0.000222,0.000208,0.000680,0.002356,-0.003299
-0.004280,0.000188,-0.002957,0.008598,0.000316,0.004604,0.006837,-0.002242,-0.000407,-0.000525,0.000700,-0.010132,-0.000013,0.000504,0.000350,0.001175,-0.002588
-0.006610,0.000103,-0.003362,0.009004,0.000162,0.005561,0.005602,-0.003308,-0.000448,-0.000757,0.000918,-0.010393,0.000075,0.000834,0.000079,0.000737,-0.002227
-0.006409,0.000004,-0.002845,0.008930,0.000154,0.005276,0.003999,-0.003726,-0.000692,-0.000922,0.000771,-0.009981,0.000288,0.001223,0.000055,0.000419,-0.002426
-0.006416,0.000001,-0.001932,0.008621,0.000166,0.006070,0.003310,-0.003543,-0.000987,-0.001046,0.000499,-0.008573,0.000053,0.001688,-0.000048,0.000207,-0.001666
-0.007922,0.000000,-0.001128,0.008594,0.000030,0.006993,0.002998,-0.003357,-0.001809,-0.001483,0.000112,-0.007470,-0.000005,0.002620,-0.000415,0.000139,-0.001020
-0.008684,-0.000034,-0.000772,0.007018,-0.000022,0.005423,0.002728,-0.003252,-0.002556,-0.002234,0.000008,-0.005988,-0.000002,0.003667,-0.001108,0.000059,-0.000375
-0.007371,-0.000175,-0.000503,0.005432,-0.000314,0.004109,0.002414,-0.003246,-0.003579,-0.002639,-0.000022,-0.004154,0.000036,0.003837,-0.001760,-0.000006,0.000003
-0.003850,-0.000660,-0.000206,0.002991,-0.000528,0.001895,0.001774,-0.002761,-0.004524,-0.002970,-0.000053,-0.002248,0.000147,0.002956,-0.001889,-0.000026,0.000526
-0.001293,-0.001069,-0.000006,0.001727,-0.000234,0.001250,0.000799,-0.002043,-0.005539,-0.003849,-0.000074,-0.001327,0.000283,0.001945,-0.001997,-0.000062,0.001573
-0.000102,-0.001139,0.000149,0.000975,-0.000615,0.000231,0.000129,-0.001761,-0.006575,-0.005924,-0.000054,-0.001028,0.000191,0.000996,-0.002163,-0.000646,0.002923
0.000374,-0.000112,0.000738,0.000553,-0.000814,-0.000264,-0.000002,-0.001694,-0.007362,-0.007828,-0.000131,-0.000906,0.000025,0.000281,-0.001820,-0.001389,0.004131
0.002294,0.000346,0.000679,0.000180,-0.001215,-0.002089,-0.000320,-0.001863,-0.007549,-0.008748,-0.000170,-0.000637,0.000005,-0.000004,-0.000816,-0.001545,0.005435
0.005028,0.001150,0.000561,0.000009,-0.001651,-0.003911,-0.001432,-0.001839,-0.007519,-0.008449,-0.000181,-0.000295,0.000071,-0.000357,-0.000217,-0.001529,0.007049
0.008184,0.001359,0.000197,-0.000008,-0.002438,-0.008063,-0.003151,-0.002116,-0.007243,-0.007999,0.000040,-0.000060,0.000450,-0.001176,0.000093,-0.000819,0.008619
0.011049,0.000665,-0.000028,-0.000014,-0.003195,-0.010162,-0.004876,-0.002968,-0.006963,-0.007753,0.000985,0.000200,0.000863,-0.002405,0.000687,-0.000301,0.009336
0.013684,0.000226,-0.000066,-0.000000,-0.003858,-0.007811,-0.005923,-0.003752,-0.006401,-0.007627,0.002006,0.000805,0.001644,-0.003389,0.000913,-0.000225,0.009645
0.015734,0.000022,-0.000029,0.000010,-0.004230,-0.005619,-0.007815,-0.004496,-0.005850,-0.006846,0.003152,0.002598,0.002492,-0.003566,0.000815,-0.000196,0.009701
0.016501,-0.000022,0.000004,0.000012,-0.004771,-0.004534,-0.008661,-0.004834,-0.005336,-0.005730,0.003561,0.004609,0.003195,-0.004409,0.000687,-0.000510,0.009058
0.015744,-0.000025,0.000240,0.000005,-0.005083,-0.004493,-0.009187,-0.005067,-0.005155,-0.003596,0.003731,0.004492,0.003741,-0.004446,0.000581,-0.000631,0.007671
0.015700,-0.000110,0.000452,-0.000418,-0.005299,-0.002274,-0.009754,-0.006119,-0.005001,-0.001858,0.003783,0.004389,0.004690,-0.004480,0.000458,-0.001445,0.006576
0.013424,-0.001204,0.000655,-0.002146,-0.005875,-0.003159,-0.009684,-0.007151,-0.004809,-0.001156,0.002332,0.004125,0.005666,-0.004184,0.000265,-0.001613,0.005927
0.013689,-0.003141,0.000953,-0.004837,-0.006502,-0.003618,-0.008976,-0.008420,-0.004745,-0.000616,0.001556,0.004148,0.005201,-0.003887,0.000045,-0.001773,0.005260
0.012075,-0.003823,0.000649,-0.005020,-0.006792,-0.003170,-0.007586,-0.008899,-0.004820,-0.000045,0.000894,0.003601,0.004215,-0.003572,0.000002,-0.001358,0.004507
0.010396,-0.002369,0.000343,-0.004200,-0.006966,-0.002490,-0.005357,-0.009983,-0.004995,0.000104,0.000570,0.003001,0.002832,-0.003510,-0.000214,-0.000513,0.003656
0.008576,-0.001347,0.000168,-0.003880,-0.007015,-0.001297,-0.002476,-0.011151,-0.005357,0.000218,0.000329,0.002122,0.001116,-0.002891,-0.000718,-0.000290,0.001995
0.007033,-0.001267,0.000203,-0.004213,-0.007425,-0.000632,-0.001069,-0.012306,-0.005636,0.000211,0.000385,0.001378,0.000767,-0.001900,-0.001383,-0.000664,0.000834
0.006252,-0.000240,0.000155,-0.004320,-0.008294,-0.000508,-0.000640,-0.013027,-0.005515,0.000150,0.000696,0.000908,0.000255,-0.001045,-0.001715,-0.000835,0.000500
0.005524,-0.000019,-0.000070,-0.004077,-0.009464,-0.000523,-0.000699,-0.014468,-0.005135,0.000036,0.001560,0.000375,0.000199,-0.000662,-0.002155,-0.000894,0.000438
0.005668,0.000151,-0.001229,-0.003014,-0.010514,-0.000462,-0.000744,-0.016028,-0.004498,0.000025,0.001974,0.000132,0.000009,-0.000427,-0.002682,-0.000518,0.000305
0.004453,0.000332,-0.002325,-0.002051,-0.010650,-0.000076,-0.000240,-0.016350,-0.004120,0.000012,0.001483,0.000000,-0.000005,-0.000389,-0.003148,-0.000082,0.000044
0.003062,0.000677,-0.003378,-0.001209,-0.010515,0.000036,0.000018,-0.016193,-0.003958,0.000021,0.000837,-0.000019,-0.000143,-0.000294,-0.004150,0.000005,-0.000000
0.001502,0.001074,-0.003920,-0.000486,-0.010098,0.000394,0.000862,-0.014494,-0.004579,0.000005,0.000341,-0.000068,-0.000510,-0.000116,-0.005234,0.000294,-0.000146
0.000747,0.001846,-0.004430,-0.000108,-0.008851,0.000382,0.001753,-0.013209,-0.004559,0.000020,0.000113,-0.000005,-0.000378,0.000002,-0.006207,0.000909,-0.000369
0.001124,0.001669,-0.005334,0.000002,-0.007514,0.000349,0.003049,-0.011837,-0.004657,0.000044,0.000003,0.000203,-0.000022,0.000019,-0.006736,0.001583,-0.000351
0.001582,0.000675,-0.006471,0.000016,-0.006314,0.000300,0.003849,-0.010359,-0.003894,0.000003,-0.000114,0.001200,0.000096,0.000010,-0.007018,0.002852,-0.000233
0.001731,0.000130,-0.007640,0.000029,-0.005151,0.000172,0.004140,-0.008007,-0.003189,-0.000076,-0.000303,0.002933,0.000639,-0.000059,-0.007655,0.004321,-0.000175
0.000786,-0.000040,-0.008601,0.000059,-0.004851,0.000037,0.004978,-0.006306,-0.002986,-0.000578,-0.000807,0.003725,0.001080,-0.000402,-0.009401,0.003761,-0.000151
0.001275,-0.000069,-0.008005,0.000170,-0.004432,-0.000313,0.005848,-0.004712,-0.002981,-0.001216,-0.001430,0.003687,0.000556,-0.001029,-0.011007,0.001634,-0.000409
0.001324,-0.000026,-0.007081,0.000171,-0.004005,-0.001964,0.006274,-0.003633,-0.003208,-0.001999,-0.001981,0.003469,0.000125,-0.002254,-0.012026,0.000767,-0.000721
0.001447,0.000051,-0.006130,0.000007,-0.003691,-0.003455,0.005672,-0.002903,-0.003714,-0.001891,-0.002208,0.004475,0.000031,-0.004086,-0.012985,0.000293,-0.000707
0.001360,0.000097,-0.005753,-0.000292,-0.003666,-0.005437,0.005010,-0.002247,-0.004472,-0.002488,-0.001761,0.005761,0.000097,-0.006414,-0.013264,0.000428,-0.000473
0.001418,0.000401,-0.005987,-0.001116,-0.004277,-0.007351,0.004738,-0.001541,-0.005563,-0.002286,-0.000434,0.008741,0.000266,-0.008972,-0.014572,0.000400,-0.000311
0.001377,0.000696,-0.006228,-0.001776,-0.004922,-0.006314,0.005203,-0.001248,-0.006745,-0.002365,-0.000001,0.009976,0.001059,-0.010650,-0.014486,0.000173,-0.000223
0.001340,0.000948,-0.007228,-0.001969,-0.005588,-0.004112,0.005606,-0.000927,-0.008276,-0.002092,0.000225,0.011054,0.002366,-0.012273,-0.015833,0.000001,-0.000146
0.001746,0.001457,-0.006924,-0.002038,-0.007065,-0.002318,0.005031,-0.000817,-0.010072,-0.002100,0.000879,0.011912,0.004584,-0.014311,-0.017227,-0.000301,-0.000227
0.002400,0.002630,-0.006037,-0.001979,-0.008353,-0.001488,0.004464,-0.000607,-0.012183,-0.001656,0.001940,0.012136,0.006487,-0.016184,-0.018353,-0.001183,-0.000372
0.002833,0.003952,-0.004588,-0.001374,-0.009531,-0.000010,0.003804,-0.000784,-0.014720,-0.000399,0.003414,0.012472,0.007933,-0.017543,-0.019177,-0.002199,-0.000482
0.003435,0.003316,-0.003011,-0.000944,-0.010470,0.000426,0.003673,-0.000959,-0.017243,0.000003,0.003523,0.013212,0.009256,-0.018463,-0.019000,-0.002964,-0.000547
0.003916,0.001706,-0.001572,-0.000583,-0.011200,0.002532,0.003529,-0.002507,-0.020201,0.000332,0.004016,0.014354,0.009300,-0.019328,-0.018253,-0.003740,-0.000691
0.004378,0.000514,-0.001021,-0.000027,-0.011790,0.005964,0.003122,-0.003827,-0.023029,0.001277,0.004449,0.015267,0.008751,-0.021293,-0.013086,-0.003854,-0.000879
0.004946,0.000610,-0.000833,0.000308,-0.012765,0.011448,0.002846,-0.006208,-0.025698,0.002518,0.005132,0.015172,0.007746,-0.023636,-0.009723,-0.004560,-0.000991
0.005359,0.000990,-0.000149,0.001364,-0.013647,0.017938,0.003244,-0.008341,-0.028249,0.002487,0.005733,0.015634,0.006890,-0.025980,-0.006924,-0.007041,-0.001825
0.005926,0.002417,0.000232,0.002405,-0.014530,0.023580,0.003135,-0.010403,-0.030393,0.002057,0.006622,0.015567,0.006890,-0.027844,-0.004897,-0.009708,-0.002733
0.006997,0.005278,0.001477,0.002956,-0.015643,0.026469,0.003350,-0.011778,-0.031887,0.001678,0.007438,0.016134,0.006241,-0.029287,-0.003387,-0.010340,-0.003148
0.006963,0.007231,0.002529,0.003322,-0.016997,0.028040,0.002719,-0.013004,-0.032717,0.000499,0.008504,0.015886,0.006866,-0.030611,-0.002393,-0.010753,-0.002863
0.007561,0.008193,0.002643,0.004007,-0.018118,0.028801,0.002179,-0.014080,-0.032961,0.000048,0.009862,0.014839,0.006429,-0.031462,-0.001929,-0.011721,-0.002649
0.007094,0.008784,0.001577,0.004949,-0.018723,0.030163,0.002502,-0.015477,-0.033147,-0.000092,0.009460,0.013462,0.005508,-0.032353,-0.002124,-0.011951,-0.002443
0.006666,0.011025,0.000899,0.006173,-0.018798,0.031111,0.003365,-0.016436,-0.033727,-0.000295,0.008946,0.013277,0.003767,-0.031634,-0.002259,-0.010990,-0.002178
0.004746,0.013360,0.000542,0.007930,-0.018807,0.030778,0.005203,-0.017094,-0.034597,-0.000416,0.006581,0.013573,0.002207,-0.028581,-0.002236,-0.007494,-0.002032
0.003896,0.013473,0.000433,0.009892,-0.018549,0.029997,0.005607,-0.018519,-0.035939,-0.000213,0.003855,0.013647,0.000911,-0.023908,-0.002607,-0.002953,-0.001589
0.003646,0.011343,0.000197,0.011809,-0.018299,0.029834,0.003922,-0.019941,-0.037166,-0.000022,0.001322,0.014087,0.000538,-0.018611,-0.003809,-0.000605,-0.000997
0.005108,0.009335,0.000014,0.014322,-0.018402,0.030161,0.002109,-0.021977,-0.038127,-0.000003,0.000140,0.014252,0.000282,-0.013536,-0.005517,0.000000,-0.000343
0.005851,0.008283,-0.000050,0.015412,-0.018556,0.029327,0.000655,-0.023815,-0.038461,0.000003,-0.000032,0.015189,0.000646,-0.009394,-0.008214,0.000650,-0.000064
0.005194,0.006405,-0.000405,0.015341,-0.018606,0.028745,0.000123,-0.026212,-0.038507,0.000015,-0.000815,0.015525,0.001521,-0.004919,-0.012377,0.001712,0.000001
0.005065,0.004206,-0.000594,0.013051,-0.019261,0.028020,-0.000027,-0.028373,-0.037965,0.000009,-0.002178,0.015844,0.001919,-0.001749,-0.016538,0.001688,0.000024
0.004220,0.002627,-0.000686,0.010477,-0.019695,0.026735,-0.000433,-0.030860,-0.036790,-0.000000,-0.004414,0.015840,0.002104,-0.000174,-0.021258,0.001668,0.000062
0.003474,0.001708,-0.000848,0.009127,-0.019980,0.024914,-0.001328,-0.033524,-0.035801,0.000076,-0.006741,0.017761,0.002049,0.000110,-0.026163,0.001742,0.000161
0.002558,0.001333,-0.001289,0.007231,-0.020062,0.020866,-0.002495,-0.036301,-0.034781,0.000106,-0.008374,0.020154,0.001872,0.000904,-0.030919,0.002155,0.000437
0.001981,0.001370,-0.001841,0.004919,-0.020953,0.016705,-0.003355,-0.037840,-0.033788,0.000348,-0.008692,0.022341,0.001871,0.002515,-0.036842,0.002469,0.000835
0.001380,0.001360,-0.002505,0.002770,-0.021490,0.010615,-0.003779,-0.038714,-0.033275,0.000480,-0.009099,0.023565,0.002395,0.004905,-0.040571,0.002624,0.001411
0.000378,0.000677,-0.004185,0.000992,-0.021564,0.006027,-0.003099,-0.037811,-0.032830,0.000446,-0.009830,0.022156,0.002982,0.008110,-0.045809,0.003152,0.001447
0.000018,0.000079,-0.002693,0.000391,-0.022081,0.002937,-0.003842,-0.037715,-0.031645,0.000133,-0.012620,0.020008,0.004142,0.011821,-0.049039,0.002388,0.002444
-0.000038,-0.000027,-0.001681,0.000018,-0.022236,0.000730,-0.004472,-0.036780,-0.030269,0.000004,-0.015340,0.017754,0.005357,0.015836,-0.051843,0.001412,0.003477
-0.000243,-0.000290,-0.000957,0.000021,-0.022013,-0.000004,-0.005065,-0.035943,-0.029027,0.000039,-0.017720,0.015599,0.006159,0.020044,-0.054066,0.000699,0.004314
-0.000396,-0.001121,-0.000434,0.000013,-0.021429,-0.000610,-0.004953,-0.034482,-0.027467,0.000251,-0.019705,0.014031,0.006735,0.024358,-0.054125,0.000378,0.004929
-0.000551,-0.003219,-0.000137,0.000002,-0.020485,-0.001839,-0.004730,-0.034354,-0.026352,0.000533,-0.020558,0.012321,0.006210,0.028162,-0.053197,0.000176,0.005143
-0.000692,-0.006279,-0.000026,0.000014,-0.019424,-0.003386,-0.004694,-0.033675,-0.024818,0.000577,-0.021018,0.010499,0.005527,0.028728,-0.048294,0.000052,0.005107
-0.000695,-0.008882,0.000000,0.000136,-0.018809,-0.003003,-0.004845,-0.033235,-0.023075,0.000387,-0.020538,0.008328,0.004877,0.028273,-0.042649,-0.000019,0.005044
-0.000657,-0.010474,0.000203,0.000567,-0.018076,-0.002520,-0.005020,-0.031428,-0.021040,0.000192,-0.019616,0.006868,0.004972,0.026929,-0.036465,-0.000456,0.004886
-0.000570,-0.009513,0.001248,0.001282,-0.017059,-0.002350,-0.005127,-0.029035,-0.018691,0.000059,-0.018397,0.005111,0.005192,0.024807,-0.030340,-0.001533,0.004798
-0.000461,-0.008291,0.003309,0.001567,-0.015750,-0.002445,-0.004796,-0.025918,-0.016058,0.000003,-0.016808,0.003813,0.005452,0.022335,-0.024564,-0.002603,0.004624
-0.000736,-0.008566,0.005707,0.001730,-0.014203,-0.002501,-0.004384,-0.022437,-0.013252,-0.000205,-0.015340,0.002277,0.006449,0.019674,-0.018643,-0.003948,0.004403
-0.001135,-0.010131,0.008173,0.001838,-0.012455,-0.002714,-0.003770,-0.018474,-0.010433,-0.001065,-0.013417,0.000837,0.007475,0.016959,-0.013150,-0.006409,0.003988
-0.001608,-0.011659,0.008793,0.002184,-0.010641,-0.003453,-0.003073,-0.014641,-0.007812,-0.002893,-0.011792,0.000040,0.007159,0.014305,-0.008654,-0.009596,0.003483
-0.002147,-0.011303,0.009288,0.002985,-0.008611,-0.004258,-0.001868,-0.010926,-0.005610,-0.004241,-0.010030,-0.000096,0.006081,0.012096,-0.004799,-0.011277,0.002927
-0.003897,-0.010717,0.009141,0.004812,-0.006680,-0.005335,-0.000705,-0.007923,-0.003830,-0.004926,-0.008976,-0.000343,0.004919,0.010386,-0.001604,-0.010940,0.002343
-0.005415,-0.012241,0.009235,0.006242,-0.005022,-0.006523,-0.000012,-0.005537,-0.002570,-0.005445,-0.008299,-0.001126,0.003404,0.008958,-0.000044,-0.009040,0.001791
-0.007226,-0.013740,0.009119,0.007842,-0.003588,-0.006656,0.000025,-0.003786,-0.001628,-0.005310,-0.008442,-0.002290,0.002158,0.007734,0.000687,-0.007167,0.001394
-0.006332,-0.014060,0.008920,0.009606,-0.002481,-0.006318,0.000160,-0.002499,-0.001397,-0.005093,-0.008461,-0.004016,0.001093,0.006442,0.002790,-0.005764,0.001253
-0.005284,-0.012902,0.008521,0.009636,-0.001571,-0.005453,0.000207,-0.001678,-0.001157,-0.004461,-0.008208,-0.004319,0.000692,0.005140,0.003689,-0.004392,0.001114
-0.004252,-0.011252,0.007698,0.008564,-0.000966,-0.004005,0.000170,-0.001192,-0.000901,-0.003766,-0.007827,-0.004475,0.000893,0.004334,0.003692,-0.003570,0.000956
-0.003472,-0.009706,0.006754,0.006265,-0.000712,-0.002368,0.000031,-0.000725,-0.000581,-0.003229,-0.006825,-0.004109,0.001129,0.003622,0.003629,-0.003250,0.000891
-0.002662,-0.007712,0.005711,0.004196,-0.000463,-0.000946,-0.000010,-0.000370,-0.000176,-0.002650,-0.005862,-0.003679,0.001387,0.002743,0.003522,-0.002878,0.000811
-0.001852,-0.005830,0.004407,0.002970,-0.000237,-0.000065,-0.000176,-0.000095,0.000001,-0.001896,-0.004472,-0.002927,0.001263,0.001890,0.003091,-0.002283,0.000697
-0.001139,-0.003566,0.003096,0.002126,-0.000061,0.000056,-0.000616,-0.000129,0.000162,-0.001169,-0.003037,-0.002079,0.000710,0.001101,0.002419,-0.001675,0.000555
-0.000506,-0.001853,0.001799,0.001312,-0.000062,0.000572,-0.000601,-0.000194,0.000461,-0.000534,-0.001692,-0.000878,0.000279,0.000545,0.001433,-0.000903,0.000428
-0.000077,-0.000504,0.000674,0.000592,-0.000063,0.000214,-0.000281,-0.000277,0.000198,-0.000139,-0.000634,-0.000097,0.000105,0.000151,0.000537,-0.000491,0.000288
