AU01,AU02,AU04,AU05,AU06,AU07,AU09,AU10,AU12,AU14,AU15,AU17,AU20,AU23,AU25,AU26,AU45
-0.045104,-0.013042,0.008945,-0.007685,-0.000379,-0.028562,-0.023008,-0.003507,0.000868,0.031848,0.012868,-0.015786,-0.017318,0.000256,-0.024538,0.014263,-0.002163
-0.042521,-0.021810,0.017707,-0.032056,0.004620,-0.023406,-0.019478,0.003942,0.000679,0.031360,0.008146,-0.007279,-0.021402,-0.002683,-0.031524,0.011420,-0.001722
-0.035944,-0.027179,0.025120,-0.049639,0.009512,-0.026303,-0.014922,0.011912,0.000462,0.028049,0.003703,0.001716,-0.022831,-0.005775,-0.029081,0.005394,-0.003652
-0.021881,-0.027155,0.037922,-0.054915,0.014279,-0.027544,-0.020305,0.018193,0.002660,0.022236,0.003058,0.009269,-0.022385,-0.008289,-0.017419,0.001368,-0.006475
-0.004697,-0.024228,0.045694,-0.047796,0.017423,-0.024856,-0.021921,0.025373,0.004464,0.016251,0.002258,0.021584,-0.019913,-0.009433,-0.004043,-0.007024,-0.008484
0.005150,-0.039123,0.042131,-0.033222,0.018763,-0.021303,-0.018962,0.030217,0.006729,0.007182,0.000748,0.024573,-0.016585,-0.007537,0.013864,-0.014922,-0.009167
-0.003083,-0.051175,0.031828,-0.017586,0.016096,-0.017021,-0.014981,0.023913,0.012113,-0.003805,-0.004074,0.016844,-0.015401,-0.004314,0.017597,-0.022325,-0.014999
-0.011452,-0.048907,0.017488,-0.006273,0.005957,-0.018775,-0.005929,0.022149,0.016507,-0.001197,-0.009102,0.001297,-0.002028,0.001397,0.020076,-0.016036,-0.017844
-0.005963,-0.038575,0.008027,-0.002780,-0.002498,-0.018493,-0.002940,0.011984,0.018687,-0.005065,-0.001373,-0.010408,0.008188,0.008104,0.021300,-0.007254,-0.018944
0.001854,-0.021455,0.008093,0.002135,-0.004967,-0.031676,-0.006430,0.003148,0.018676,-0.011282,0.007254,-0.021516,0.018907,0.013112,0.026417,-0.004642,-0.017615
0.008247,-0.010407,0.008446,-0.016531,-0.004480,-0.029182,-0.000810,-0.002671,0.016442,-0.015502,0.006894,-0.026421,0.024688,0.014321,0.027562,0.008479,-0.013396
0.003770,-0.019459,-0.004305,-0.041448,-0.004360,-0.031754,0.006926,-0.005885,0.013271,-0.014725,0.001946,-0.029784,0.028061,0.018933,0.028607,0.016724,-0.005683
0.004597,-0.020025,-0.008923,-0.056827,-0.002676,-0.027475,0.001778,-0.008872,0.010822,-0.013584,0.000716,-0.035564,0.028047,0.020201,0.032276,0.020112,0.000215
0.005468,-0.004405,-0.011660,-0.055775,-0.000340,-0.016587,-0.003964,-0.015133,0.006960,-0.020562,-0.000729,-0.031583,0.019606,0.018917,0.031637,0.012285,0.004732
-0.007045,-0.010618,-0.017568,-0.045135,0.002298,-0.004702,-0.008627,-0.019564,0.003412,-0.028304,-0.001618,-0.032317,0.018661,0.016418,0.035023,0.001221,0.009074
-0.019866,-0.022052,-0.025134,-0.032251,0.010945,0.009114,-0.006766,-0.027630,0.003504,-0.029650,0.000409,-0.027294,0.003080,0.014489,0.029315,-0.006001,0.011407
-0.032711,-0.024460,-0.032864,-0.025156,0.012776,0.037608,0.004255,-0.032307,0.003684,-0.019352,0.001123,-0.024887,0.002890,0.013638,0.025546,-0.009678,0.008403
-0.030051,-0.016057,-0.037714,-0.023137,0.011619,0.064482,0.014871,-0.034385,0.003581,-0.014827,0.004495,-0.018649,-0.000467,0.012402,0.016775,-0.008526,0.004543
-0.013339,0.012493,-0.029173,-0.021972,0.015660,0.071307,0.015420,-0.034510,0.003153,-0.008144,0.006488,-0.010125,-0.015109,0.010815,0.012923,-0.008830,-0.000985
0.004729,0.040439,-0.024840,-0.017978,0.017269,0.069927,0.014899,-0.026585,0.007144,0.005943,0.007914,0.003606,-0.026865,0.006983,0.011944,0.001426,-0.007706
0.003758,0.032187,-0.027992,-0.028016,0.017766,0.066299,0.018261,-0.014351,0.015068,0.023174,0.003607,0.014597,-0.036160,0.010132,0.003744,0.008462,-0.009124
0.001493,0.020485,-0.023612,-0.034453,0.018038,0.059190,0.017694,-0.000070,0.017475,0.044100,-0.001223,0.012956,-0.041719,0.011958,0.002647,0.007293,-0.009327
-0.007454,0.021723,-0.018782,-0.032688,0.018690,0.038979,0.005734,0.010734,0.021070,0.048895,-0.013635,0.009666,-0.048788,0.017612,0.000620,0.000720,-0.003981
-0.012885,0.020864,-0.014936,-0.016304,0.012957,0.018075,-0.006466,0.022367,0.026401,0.021224,-0.024363,0.008677,-0.039309,0.019468,0.000912,-0.011833,0.001712
-0.017792,0.010689,-0.011762,-0.014399,0.014591,0.009032,-0.011139,0.030216,0.032252,-0.006812,-0.024171,0.007397,-0.035078,0.020415,-0.001809,-0.005035,0.008580
-0.018537,-0.003361,-0.007502,-0.013429,0.012446,0.012378,-0.009378,0.033343,0.036845,-0.012873,-0.021676,0.007413,-0.034097,0.016677,0.001232,0.003194,0.013394
-0.016661,-0.012816,-0.001966,-0.010075,0.011608,0.025377,-0.006557,0.024496,0.039297,-0.017992,-0.017078,0.009404,-0.028896,0.006946,0.008302,0.021516,0.016476
-0.002553,-0.011721,0.002451,-0.004782,0.010762,0.031834,-0.006522,0.008582,0.039582,-0.017437,-0.012582,0.009168,-0.034774,-0.005734,0.015113,0.036610,0.013077
0.015783,-0.009857,-0.013445,0.001886,0.007897,0.034042,-0.000372,-0.002473,0.040303,-0.010967,-0.006490,0.011987,-0.040637,-0.017121,0.018303,0.048267,0.006482
0.024142,-0.020034,-0.027087,-0.007882,0.005442,0.039448,0.010478,0.000315,0.046683,-0.003620,-0.001394,0.005838,-0.056049,-0.022115,0.014122,0.054958,-0.000154
0.034422,-0.027952,-0.028402,-0.016165,0.005605,0.049804,0.015920,0.004679,0.046056,0.011767,0.005861,-0.005784,-0.064950,-0.022883,-0.000504,0.051399,-0.004822
0.036706,-0.016623,-0.020859,-0.001086,0.013567,0.057180,0.010966,0.005387,0.042114,0.025683,0.007719,-0.015121,-0.064830,-0.014676,0.002342,0.041606,-0.001383
0.044806,-0.003252,-0.022024,0.029395,0.016002,0.053906,-0.001417,0.010165,0.038604,0.009436,0.024526,-0.015087,-0.069243,-0.005305,-0.008355,0.011460,0.003155
0.046138,0.010197,-0.015395,0.041676,0.019626,0.062783,-0.012858,0.008076,0.034103,-0.026072,0.044267,-0.018537,-0.064081,0.005229,-0.017365,-0.003744,0.011436
0.045738,0.020889,-0.021694,0.052616,0.017681,0.042734,-0.026353,0.004730,0.029486,-0.058142,0.057541,-0.014232,-0.064198,0.016628,-0.027988,-0.016817,0.023674
0.032243,0.012881,-0.013844,0.061932,0.017639,0.046002,-0.036254,-0.005706,0.025294,-0.081682,0.056782,-0.012578,-0.058106,0.026975,-0.031306,-0.017612,0.032827
0.012731,-0.005791,-0.005671,0.070649,0.020981,0.024381,-0.029530,-0.019281,0.019234,-0.098966,0.049949,0.008131,-0.050994,0.028759,-0.030185,-0.015568,0.033590
-0.004332,-0.029528,-0.005946,0.078526,0.025637,-0.001224,-0.014536,-0.030664,0.010828,-0.105220,0.042075,0.019055,-0.047186,0.026491,-0.025549,-0.013078,0.029184
-0.018710,-0.053054,-0.006729,0.060625,0.026348,-0.027620,0.004050,-0.020658,0.006713,-0.100445,0.028945,0.024690,-0.050791,0.023925,-0.013446,0.004829,0.018139
-0.026226,-0.072460,-0.008295,0.039467,0.025517,-0.044133,0.027163,-0.003729,0.009531,-0.080345,0.010769,0.021482,-0.048635,0.022847,-0.018722,0.022541,0.006629
-0.029867,-0.073279,-0.008856,0.034644,0.029615,-0.038662,0.044002,0.013712,0.010538,-0.053234,-0.016481,0.029691,-0.032719,0.020774,-0.006000,0.038715,-0.002432
-0.023218,-0.059640,-0.021689,0.032731,0.029102,-0.033307,0.052592,0.033835,0.011800,-0.008975,-0.031696,0.039496,-0.024673,0.016262,-0.019166,0.044263,-0.010566
-0.006421,-0.019995,-0.020000,0.026990,0.026669,0.004453,0.053065,0.034943,0.011924,0.019090,-0.042478,0.049221,-0.006965,0.008166,-0.029706,0.039851,-0.015885
0.013909,0.022126,-0.036711,0.029874,0.028235,0.003934,0.039482,0.025670,0.012624,0.030661,-0.046286,0.061383,0.013906,-0.006049,-0.039203,0.031056,-0.014637
0.021945,0.031285,-0.044270,0.030635,0.025467,0.021924,0.020218,0.008986,0.013900,0.030664,-0.051365,0.057278,0.031292,-0.014736,-0.044346,0.022348,-0.009288
0.016597,0.031190,-0.046983,0.017543,0.020187,0.020408,0.011736,-0.008319,0.011163,0.029274,-0.051336,0.050114,0.029919,-0.020660,-0.039240,-0.000175,-0.003229
0.010006,0.032242,-0.027416,0.009802,0.017108,0.014609,0.000983,-0.023147,0.006379,0.024535,-0.041929,0.033111,0.019162,-0.024412,-0.025353,-0.022388,0.003082
0.020585,0.029713,-0.006119,-0.005386,0.012576,0.007081,-0.008953,-0.018218,0.000266,0.016716,-0.027560,0.010120,-0.003004,-0.019840,-0.002148,-0.031207,0.000940
0.027014,0.027900,0.005792,-0.013296,0.009504,-0.012741,-0.007597,-0.011891,0.001028,0.009220,-0.012958,-0.019373,-0.017305,-0.012767,0.018533,-0.036553,-0.002097
0.028236,0.017602,0.003167,-0.032210,0.009659,-0.026573,-0.001983,-0.000190,0.001750,0.004929,-0.002917,-0.042929,-0.024871,-0.008312,0.039136,-0.038504,-0.003930
0.021120,0.008829,-0.012678,-0.047031,0.006438,-0.040309,-0.000598,0.010052,0.003287,0.012647,0.003768,-0.053442,-0.029624,-0.001923,0.043880,-0.030069,0.001042
0.019190,0.016971,-0.021508,-0.058281,-0.000427,-0.027374,0.002086,0.015412,0.003932,0.013455,0.003403,-0.057797,-0.021225,0.012740,0.048082,-0.016202,0.005331
0.016882,0.019853,-0.025447,-0.049690,-0.001184,-0.045819,-0.004589,0.005859,0.005564,0.013714,-0.004603,-0.058166,-0.004839,0.018269,0.045766,0.016967,0.010508
0.013688,0.007357,-0.032058,-0.039416,-0.002824,-0.060006,-0.007577,-0.005090,0.009708,0.014760,-0.010294,-0.056853,0.013303,0.016440,0.036932,0.029157,0.017044
0.002134,-0.007141,-0.036292,-0.032466,-0.007780,-0.066758,-0.010970,-0.002042,0.014019,0.025195,-0.014253,-0.060335,-0.000015,0.013220,0.024604,0.040774,0.021603
-0.019300,-0.006691,-0.021905,-0.017095,-0.010070,-0.046195,-0.013725,-0.002483,0.017219,0.032576,-0.010307,-0.059190,-0.015028,0.008133,0.011111,0.043429,0.027624
-0.022935,-0.005448,-0.003391,0.011984,-0.006165,-0.022051,-0.015355,0.005636,0.016548,0.035393,-0.005743,-0.051195,-0.044017,0.007944,-0.002068,0.041789,0.025961
-0.011647,0.001521,0.009467,0.026532,-0.000644,-0.003892,-0.015859,0.007692,0.014215,0.034434,-0.004625,-0.047588,-0.062348,0.007250,-0.014198,0.027378,0.022203
0.004069,0.014774,0.015132,0.033846,0.006519,0.013569,-0.007573,0.006820,0.009134,0.035626,-0.003414,-0.045130,-0.071556,0.005066,-0.021674,0.007923,0.015486
0.011361,0.018831,0.012803,0.029645,0.013058,0.033076,-0.007161,0.004663,0.002809,0.034021,-0.003617,-0.028541,-0.062871,0.006095,-0.023626,-0.009832,0.011345
0.017469,0.022131,-0.009682,0.023210,0.015909,0.049369,0.001911,0.007527,-0.004603,0.018677,-0.001666,-0.014331,-0.040821,0.013459,-0.008508,-0.020032,0.006938
0.020966,0.016707,-0.023546,0.015094,0.018477,0.041013,0.008517,0.008695,-0.011474,-0.006213,-0.009022,0.007624,-0.014088,0.019385,0.006282,-0.002262,0.004296
0.022135,0.009981,-0.021469,-0.011475,0.019512,0.042669,0.016314,0.004752,-0.014084,-0.021019,-0.016189,0.008059,0.010904,0.024856,0.018101,-0.011904,0.002091
0.017595,-0.002680,-0.008679,-0.067393,0.018047,0.044047,0.020476,0.015452,-0.010222,-0.027862,-0.025244,0.011207,0.019593,0.027221,0.022827,-0.007468,0.025321
-0.019778,-0.011274,0.032476,-0.128280,0.054298,0.110268,0.047307,0.028265,-0.004026,-0.034807,-0.026435,0.008731,0.038950,0.011173,-0.004550,-0.012956,0.170765
-0.059094,-0.028733,0.064764,-0.164009,0.098613,0.176822,0.065684,0.039246,0.014350,-0.032592,-0.024397,0.015893,0.044609,-0.047917,-0.032772,-0.006074,0.356549
-0.079901,-0.049993,0.068329,-0.192296,0.134626,0.223568,0.072580,0.040857,0.034620,-0.020032,-0.008813,0.010144,0.039100,-0.100653,-0.053043,-0.006013,0.493645
-0.089268,-0.063740,0.067604,-0.178191,0.154098,0.236040,0.068060,0.043345,0.049606,-0.007251,-0.000769,0.002667,0.026310,-0.147019,-0.064022,-0.008906,0.575688
-0.089295,-0.065980,0.059185,-0.151340,0.156347,0.219419,0.050810,0.042477,0.055326,0.006519,0.003155,-0.013508,0.024069,-0.170463,-0.069373,-0.007456,0.591016
-0.067825,-0.059836,0.027395,-0.114013,0.123056,0.167294,0.032093,0.040811,0.040184,0.016659,0.006795,-0.028443,0.025010,-0.142528,-0.057523,-0.004440,0.506566
-0.039021,-0.039603,-0.002262,-0.072129,0.081026,0.087714,0.024746,0.044682,0.019325,0.022730,0.007552,-0.024361,0.025060,-0.092523,-0.041350,0.007143,0.346745
-0.007344,-0.007557,-0.023739,-0.027594,0.032173,0.014264,0.013495,0.042687,-0.004543,0.026865,0.011613,-0.030503,0.016333,-0.017029,-0.019748,0.001322,0.124245
0.022208,0.020221,-0.038998,-0.012526,-0.025351,-0.059667,-0.004314,0.035904,-0.025221,0.026662,0.010429,-0.020796,0.003401,0.064391,-0.002171,-0.006849,-0.122563
0.027653,0.029593,-0.024902,-0.021397,-0.039385,-0.072081,0.000828,0.028424,-0.039897,0.017639,0.002396,-0.019872,0.000629,0.135049,-0.013422,-0.026872,-0.245837
0.028823,0.029138,-0.004060,-0.047079,-0.037450,-0.067178,0.007163,0.015217,-0.039387,0.008792,-0.016678,-0.023930,-0.000863,0.148694,-0.022978,-0.048920,-0.275593
0.027772,0.020051,-0.014567,-0.058622,-0.031085,-0.052091,0.013269,-0.000736,-0.028576,0.005583,-0.019193,-0.024927,-0.003458,0.142371,-0.019570,-0.063302,-0.267798
0.019884,0.015122,-0.024817,-0.049430,-0.019250,-0.040476,0.020457,-0.003416,-0.009474,0.002119,-0.024277,-0.024354,-0.019552,0.107648,-0.007899,-0.059407,-0.230962
0.010090,0.014390,-0.037442,-0.028807,-0.003127,-0.029671,0.019692,-0.002765,0.011469,0.002527,-0.025048,-0.028927,-0.028554,0.055899,0.001931,-0.048772,-0.171998
0.006249,0.013037,-0.042306,0.006219,-0.004705,-0.032462,0.012806,0.004748,0.017071,0.004977,-0.024803,-0.030749,-0.027575,0.035338,0.012644,-0.033934,-0.129672
0.002755,0.005644,-0.035874,0.037422,-0.008899,-0.042484,0.012138,0.010239,0.021935,0.022405,-0.025896,-0.027629,-0.022914,0.020742,0.021440,-0.014035,-0.097941
-0.001621,0.021572,-0.032814,0.059491,-0.011943,-0.053700,0.011751,0.013705,0.024075,0.037149,-0.020317,-0.019212,-0.015517,0.014127,0.030335,0.001017,-0.072246
-0.000046,0.036837,-0.024330,0.072544,-0.014578,-0.057980,0.007965,0.011654,0.022165,0.047094,-0.010816,0.001930,-0.006358,0.005762,0.039623,0.024471,-0.062795
0.002609,0.031166,-0.014019,0.078476,-0.015473,-0.052402,0.001001,0.009531,0.022002,0.048139,0.006655,0.007238,0.003484,0.002937,0.036160,0.044338,-0.053710
0.007218,0.014360,-0.000667,0.064606,-0.015092,-0.068554,-0.008939,0.002957,0.019282,0.043232,0.016301,-0.004139,0.007347,0.000162,0.027364,0.043846,-0.051950
0.006061,-0.012356,-0.009268,0.053468,-0.019160,-0.075966,-0.012313,-0.002682,0.014319,0.030338,0.027760,-0.009373,0.018230,-0.000012,0.018965,0.014708,-0.049255
0.004214,-0.018028,-0.017657,0.014496,-0.023222,-0.075748,-0.007995,-0.003782,0.010653,0.017360,0.039704,-0.014791,0.012691,-0.004386,0.014201,-0.004291,-0.046604
0.005674,-0.021050,-0.022848,-0.024463,-0.025241,-0.068971,-0.000956,-0.005326,0.005545,0.009280,0.053620,-0.017886,0.011196,-0.005434,0.008240,-0.020760,-0.049169
0.008403,-0.004252,-0.019588,-0.043240,-0.021216,-0.059793,0.007640,0.000622,-0.002441,0.000847,0.061642,-0.018801,0.014398,0.000879,0.014394,-0.031727,-0.044503
0.007371,0.012807,-0.012719,-0.041039,-0.016468,-0.049062,0.013256,0.005641,-0.004070,0.002687,0.059878,-0.017534,0.025970,0.008152,0.018068,-0.040526,-0.040198
0.012592,0.028356,-0.006900,-0.042089,-0.009478,-0.041921,0.014192,0.006286,-0.001600,0.006079,0.050258,-0.006974,0.026582,0.010907,0.019741,-0.043476,-0.028711
0.024601,0.051418,-0.001597,-0.032776,-0.003051,-0.028348,0.006880,-0.000430,0.003837,0.011800,0.034211,0.005610,0.023640,0.008144,0.028324,-0.032780,-0.024301
0.048437,0.069565,0.007808,-0.017993,-0.001339,-0.008519,-0.001612,-0.006499,0.007114,0.012078,0.032582,0.015578,0.004708,-0.001506,0.032397,-0.019905,-0.018297
0.066530,0.084172,0.016138,0.005531,-0.003533,-0.004444,-0.017272,-0.005189,0.009928,0.011011,0.029759,0.014206,-0.024051,-0.011284,0.039835,-0.000679,-0.012352
0.066189,0.081306,0.014749,0.025179,-0.005575,-0.001500,-0.026497,-0.002561,0.008575,0.004722,0.027677,0.010387,-0.041744,-0.015407,0.044933,-0.002813,-0.010742
0.046259,0.043634,0.006761,0.017784,-0.010489,0.012947,-0.025861,-0.003194,0.006547,-0.006811,0.020376,0.005828,-0.051816,-0.017924,0.042304,-0.009938,-0.011568
0.024103,0.001998,-0.000424,0.005453,-0.012451,0.028100,-0.022374,-0.004930,0.003157,-0.012214,0.014599,0.000170,-0.045751,-0.015527,0.024275,-0.019373,-0.022127
0.010715,-0.015166,-0.003748,-0.004297,-0.015376,0.041044,-0.014174,-0.002233,-0.002154,-0.012152,0.006777,-0.003804,-0.034207,-0.008835,0.016535,-0.022567,-0.030313
-0.005226,-0.014507,-0.007029,0.001118,-0.017293,0.047690,-0.003627,0.000674,-0.005679,-0.011110,-0.006158,-0.020230,-0.007069,-0.000497,0.007791,-0.011420,-0.040405
-0.010095,-0.013722,-0.004619,0.000139,-0.018723,0.036507,0.007035,-0.003162,-0.008770,-0.009840,-0.014287,-0.031366,0.015975,0.012019,-0.011276,0.002077,-0.049094
-0.014288,-0.004123,-0.000772,0.005239,-0.022837,0.010848,0.012067,-0.012314,-0.009033,-0.008537,-0.024265,-0.042299,0.044610,0.022479,-0.029931,0.015112,-0.057112
-0.005107,0.004347,0.007197,0.015265,-0.025909,-0.028969,0.014646,-0.020527,-0.008092,-0.006074,-0.022397,-0.031957,0.048959,0.023937,-0.039725,0.024044,-0.058380
0.004655,0.017882,0.012597,0.029405,-0.031322,-0.062918,0.006146,-0.014971,-0.003013,-0.005690,-0.024694,-0.008985,0.041132,0.022937,-0.040312,0.021292,-0.053798
0.012211,0.018432,0.012073,0.035042,-0.032896,-0.088508,-0.005551,-0.005109,-0.000895,0.000093,-0.022582,0.008300,0.028010,0.020903,-0.030774,0.015206,-0.044530
0.010444,-0.006838,0.004246,0.030472,-0.033282,-0.094527,-0.008703,0.002937,-0.002628,-0.000722,-0.004353,0.024309,0.018508,0.018544,-0.009798,0.006468,-0.033156
0.007896,-0.034845,-0.008178,0.022642,-0.032418,-0.090541,-0.007907,0.006826,-0.004552,-0.000060,0.011381,0.043724,0.012028,0.014217,0.003107,-0.010269,-0.024422
0.007945,-0.050921,-0.015485,0.008629,-0.031138,-0.087131,-0.007818,0.014320,-0.007209,0.003164,0.026757,0.064743,0.007247,0.010338,0.016384,-0.020269,-0.013951
0.002993,-0.066430,-0.025561,0.003201,-0.026429,-0.070091,-0.007334,0.023152,-0.009318,0.008115,0.030563,0.066054,0.011367,0.002763,0.029233,-0.018355,-0.005381
-0.000367,-0.069945,-0.046003,-0.004261,-0.018438,-0.038312,-0.004138,0.026513,-0.010931,0.008234,0.041078,0.059978,0.019260,-0.000076,0.033997,-0.004129,-0.008923
-0.003101,-0.058686,-0.061785,-0.000832,-0.012321,-0.013395,0.000588,0.017029,-0.014773,0.003712,0.045031,0.041146,0.027695,-0.002048,0.033519,0.010088,-0.017152
-0.003843,-0.025090,-0.065567,0.007614,-0.006180,-0.004181,0.005768,0.004670,-0.017880,-0.003182,0.044759,0.028817,0.031447,-0.004109,0.025695,0.027408,-0.022493
-0.005732,0.006662,-0.052013,0.034277,-0.000365,-0.007942,0.007404,-0.004408,-0.017601,-0.017483,0.024696,0.023761,0.031294,-0.005721,0.015778,0.036042,-0.025352
-0.007623,0.025761,-0.035778,0.056402,0.005858,0.002659,0.005906,-0.010064,-0.014658,-0.026060,-0.000836,0.011913,0.024978,-0.007581,0.008953,0.037879,-0.027514
-0.008479,0.036627,-0.018973,0.067361,0.010758,0.014144,-0.005113,-0.007641,-0.012896,-0.023620,-0.014263,-0.006972,0.008099,-0.008689,0.008907,0.034671,-0.026005
-0.001023,0.040050,-0.004479,0.073696,0.010962,0.041188,-0.012677,-0.007600,-0.009497,-0.010050,-0.026383,-0.017859,-0.009951,-0.009221,0.009210,0.018152,-0.023330
0.006518,0.038780,0.018600,0.069551,0.010726,0.048364,-0.020831,-0.006343,-0.006270,0.003375,-0.032058,-0.022088,-0.022427,-0.007921,0.010128,0.000825,-0.019143
0.009721,0.036026,0.042295,0.059495,0.008745,0.025467,-0.028012,-0.004184,-0.002901,0.012895,-0.035330,-0.034689,-0.025793,-0.008517,0.008099,-0.024527,-0.011829
0.010153,0.021075,0.047308,0.032592,0.007350,0.015198,-0.032909,0.002920,-0.000155,0.017589,-0.027512,-0.041807,-0.022395,-0.006512,0.011052,-0.040585,-0.008469
-0.008720,0.006383,0.044222,0.012323,0.005281,-0.003074,-0.033538,0.003102,0.000617,0.024406,-0.019479,-0.044208,-0.016321,-0.003811,0.014311,-0.053182,-0.006615
-0.022590,0.000919,0.032696,-0.004010,0.001063,-0.016164,-0.030331,0.001670,0.000616,0.027928,-0.008126,-0.041722,-0.008494,-0.000413,0.007958,-0.059989,-0.004942
-0.025663,-0.004876,0.028646,-0.001907,-0.001546,-0.039657,-0.022848,-0.007467,-0.004988,0.025029,-0.002984,-0.026996,0.001950,0.002502,-0.004739,-0.045774,-0.004016
-0.026894,-0.009249,0.015106,-0.004052,-0.005854,-0.063503,-0.013292,-0.015687,-0.009597,0.017622,0.000291,-0.012145,0.007865,0.002567,-0.011466,-0.028004,-0.002557
-0.027798,-0.020068,0.000739,-0.003969,-0.009615,-0.073200,-0.017716,-0.014925,-0.010062,0.007350,-0.001772,-0.001523,0.001240,0.003163,-0.004257,-0.008080,0.003750
-0.022204,-0.030107,-0.014454,-0.003306,-0.012955,-0.057463,-0.019563,-0.010106,-0.008241,0.004536,-0.007211,-0.000090,-0.005830,0.002475,0.004066,0.006121,0.008619
-0.015832,-0.037542,-0.020934,-0.001521,-0.013030,-0.028078,-0.013292,-0.007731,-0.006818,0.002654,-0.012174,0.003550,-0.006422,0.001689,0.011113,0.013909,0.009307
-0.008001,-0.027074,-0.010660,-0.000544,-0.012090,-0.004567,-0.004745,-0.007024,-0.008388,-0.001924,-0.007874,-0.003175,-0.006277,0.000110,0.014286,0.013785,0.025509
-0.001350,-0.034840,0.033350,-0.025641,0.026740,0.099332,0.010972,0.012085,-0.009409,-0.005109,0.008466,-0.009712,-0.007173,-0.000464,0.013385,0.015121,0.135375
-0.022250,-0.051975,0.069367,-0.078151,0.067361,0.181450,0.023804,0.028110,0.018854,-0.003881,0.020832,-0.008175,-0.004797,-0.067663,0.004637,0.019108,0.310566
-0.040415,-0.063943,0.085740,-0.111566,0.100053,0.227521,0.033101,0.039087,0.041792,-0.001616,0.036122,-0.001772,0.004859,-0.121807,-0.003654,0.023486,0.449719
-0.046499,-0.063960,0.093031,-0.126451,0.120689,0.251965,0.039297,0.037004,0.047104,-0.000275,0.040386,0.012554,0.014643,-0.157499,-0.017963,0.029846,0.530847
-0.041072,-0.057837,0.082323,-0.119631,0.113358,0.219320,0.041031,0.026954,0.042502,0.002617,0.029920,0.033194,0.021503,-0.148770,-0.033720,0.038409,0.507484
-0.026860,-0.022584,0.063642,-0.094061,0.089492,0.167703,0.026928,0.001430,0.028671,-0.001022,0.018201,0.050746,0.023341,-0.098667,-0.038472,0.036333,0.407819
-0.011031,0.011755,0.042941,-0.060880,0.048195,0.103337,0.013464,-0.019707,0.011344,-0.011127,0.009046,0.026771,0.021300,-0.034181,-0.043853,0.031043,0.251246
0.004184,0.043071,0.022255,-0.020340,0.000093,0.030720,0.004468,-0.038007,-0.007153,-0.019129,-0.003172,0.001363,0.017325,0.031206,-0.044020,0.012540,0.036680
0.018783,0.085693,0.001922,0.027158,-0.052136,-0.043585,0.002820,-0.048863,-0.029732,-0.016669,-0.013896,-0.022631,0.007444,0.098656,-0.035503,-0.000218,-0.183348
0.029754,0.094688,0.005706,0.048318,-0.057621,-0.033730,0.012473,-0.037642,-0.051221,0.001062,-0.014358,-0.048150,0.000694,0.165884,-0.023981,-0.012725,-0.310443
0.027311,0.079956,0.011744,0.021416,-0.048737,-0.022081,0.020110,-0.021515,-0.036942,0.022391,0.001059,-0.054691,-0.004412,0.147860,-0.017393,-0.015800,-0.324545
0.020483,0.054504,0.011107,-0.010071,-0.034428,-0.018174,0.020009,-0.005031,-0.016460,0.039155,0.021676,-0.050930,0.002025,0.108747,-0.010241,-0.010687,-0.289546
0.005880,0.023954,0.005370,-0.040062,-0.014041,-0.007474,0.018140,0.010938,-0.000075,0.041843,0.033401,-0.034117,0.015490,0.051409,-0.001549,-0.007838,-0.215118
-0.002695,-0.008338,0.002353,-0.058187,-0.003819,-0.048909,0.020719,0.020324,0.004981,0.040824,0.032130,-0.005982,0.026047,0.010785,0.006272,0.001141,-0.163252
0.000258,-0.011533,-0.003699,-0.060848,0.005322,-0.095642,0.016080,0.012917,0.002500,0.031168,0.027295,0.028118,0.035018,-0.002336,0.025578,-0.003151,-0.123918
0.003892,-0.012130,-0.004586,-0.056499,0.006789,-0.121773,0.010635,0.003765,-0.004874,0.008581,0.025594,0.033331,0.038677,-0.004214,0.035310,-0.003139,-0.088607
0.005541,-0.011827,-0.007531,-0.031871,0.005725,-0.135124,0.001333,-0.003199,-0.010709,-0.015890,0.018238,0.033301,0.038597,-0.009455,0.037853,-0.009813,-0.069862
0.004120,-0.005727,-0.006644,-0.002590,0.003961,-0.129828,-0.006602,-0.002422,-0.016438,-0.031819,0.002360,0.028371,0.028500,-0.011420,0.041511,-0.000687,-0.053626
0.003335,-0.007510,-0.017585,0.019265,0.004708,-0.111557,-0.013804,0.000578,-0.019177,-0.031585,-0.031586,0.012416,0.019372,-0.011288,0.041136,0.003476,-0.042642
0.003052,-0.011173,-0.026301,0.026034,0.000063,-0.092661,-0.018043,0.002513,-0.017474,-0.018927,-0.045975,-0.002622,0.007506,-0.010289,0.042744,0.006573,-0.039955
-0.003555,-0.022434,-0.037788,0.030376,-0.010603,-0.068955,-0.024825,0.000514,-0.012251,-0.001549,-0.049246,-0.017315,-0.012815,-0.008460,0.037783,0.006518,-0.041297
-0.015596,-0.037364,-0.051955,0.031383,-0.022919,-0.034339,-0.028986,0.000252,-0.006521,0.009664,-0.046482,-0.025014,-0.022391,-0.007495,0.029039,0.008490,-0.039888
-0.024693,-0.041030,-0.054419,0.023632,-0.038149,-0.029326,-0.021385,-0.002948,-0.007717,0.018447,-0.035354,-0.024005,-0.027159,-0.007991,0.014705,0.010749,-0.044391
-0.020808,-0.039171,-0.049913,0.003419,-0.041804,-0.021328,-0.011201,-0.004795,-0.008364,0.015142,-0.018827,-0.018522,-0.027753,-0.007195,0.014642,-0.003161,-0.043822
-0.012977,-0.029728,-0.038631,-0.018076,-0.043125,-0.010637,-0.002345,-0.006653,-0.010563,0.006763,-0.002150,-0.009641,-0.022218,-0.004907,0.014730,-0.011956,-0.038301
-0.004640,-0.016093,-0.040603,-0.017879,-0.039330,-0.012062,0.007871,-0.007870,-0.012400,-0.008381,0.007723,-0.001130,-0.014554,-0.007013,0.011189,-0.019489,-0.034309
0.001569,-0.000963,-0.036883,0.008095,-0.030420,-0.013035,0.013748,-0.006908,-0.015266,-0.030477,0.014572,-0.004328,-0.007066,-0.009008,0.003217,-0.010722,-0.034224
0.004964,0.007479,-0.020453,0.029440,-0.019894,-0.018195,0.013384,-0.003206,-0.016542,-0.046301,0.003612,-0.008506,0.003736,-0.013473,-0.008153,0.007722,-0.032521
0.009149,0.013185,-0.001753,0.043609,-0.012937,-0.026055,0.009698,-0.000801,-0.015962,-0.047404,-0.003739,-0.012218,0.015523,-0.014614,-0.009470,0.014029,-0.030532
0.006519,0.029425,0.010385,0.052376,-0.009815,-0.036026,0.002124,0.006222,-0.011184,-0.040540,0.006593,-0.015241,0.016273,-0.011969,-0.004009,0.018810,-0.027121
0.003819,0.032948,0.013856,0.056582,-0.007094,-0.043705,-0.005142,0.016000,-0.007192,-0.028575,0.024195,-0.023374,0.014677,-0.006963,0.001346,0.018071,-0.021479
0.005405,0.036967,0.016082,0.056008,-0.004543,-0.058186,-0.008201,0.022735,-0.000987,-0.013268,0.041412,-0.025119,0.015492,-0.002628,0.004960,0.017298,-0.018620
0.012445,0.042641,0.017362,0.041447,0.000451,-0.061934,-0.007341,0.027443,0.007360,0.002321,0.052436,-0.024094,0.020031,0.000326,0.008216,-0.003184,-0.019100
0.018792,0.048813,0.015189,0.019863,-0.003558,-0.057278,-0.006462,0.024521,0.017847,0.023398,0.047977,-0.015964,0.025144,0.004141,0.005735,-0.026660,-0.015696
0.023063,0.050559,0.004218,-0.001411,-0.006947,-0.039490,-0.007103,0.020628,0.025311,0.036393,0.034753,-0.007978,0.026850,0.006769,0.005838,-0.047370,-0.017188
0.034455,0.048807,-0.011958,-0.003697,-0.009643,-0.020571,-0.006263,0.008311,0.027846,0.031690,0.010842,0.001341,0.018676,0.010906,0.002576,-0.061781,-0.018817
0.041221,0.034604,-0.015106,0.009304,-0.011214,-0.002579,-0.003664,-0.005852,0.026846,0.023120,-0.016210,0.008206,0.011374,0.007981,0.000931,-0.051459,-0.019508
0.044082,0.017929,-0.006270,0.017064,-0.011086,0.009991,-0.001964,-0.030981,0.019303,0.019408,-0.038989,0.030872,0.003079,0.000970,0.002962,-0.043988,-0.016975
0.041095,0.018341,0.002546,0.022514,-0.009680,0.023182,-0.002853,-0.043414,0.009914,0.014541,-0.044923,0.048922,-0.004948,-0.004660,0.009979,-0.030855,-0.012726
0.038361,0.007260,0.008983,0.031221,-0.008307,0.038852,-0.005551,-0.038538,0.001455,0.008876,-0.036113,0.055558,-0.015582,-0.007987,0.016639,-0.018073,-0.007707
0.030693,-0.004130,0.015534,0.035546,-0.001974,0.042541,-0.001347,-0.030261,-0.007932,0.002817,-0.022737,0.041758,-0.022708,-0.012171,0.020693,-0.007195,-0.001412
0.014943,-0.007032,0.019458,0.021638,0.002746,0.043342,-0.000127,-0.025559,-0.016321,-0.008419,-0.009484,0.024311,-0.006127,-0.015986,0.023524,-0.003227,-0.000350
-0.001513,-0.007837,0.019342,0.007802,0.001964,0.037167,0.004047,-0.022326,-0.019311,-0.012238,-0.004511,0.006033,0.016786,-0.016779,0.021367,-0.005985,0.005484
-0.017170,-0.010987,0.017245,-0.004149,0.001798,0.043064,0.002024,-0.009658,-0.018584,-0.011193,0.009043,-0.007343,0.036827,-0.015933,0.018430,-0.007556,0.010364
-0.018520,-0.014663,0.011932,-0.017474,0.001261,0.046771,-0.005053,0.001310,-0.016098,-0.012236,0.007742,-0.009929,0.045537,-0.007948,0.012375,-0.006880,0.009080
-0.016853,-0.014142,0.003506,-0.010072,-0.000747,0.045982,-0.010395,0.011066,-0.011228,-0.015617,0.003547,-0.013044,0.045733,0.003243,0.008790,-0.000887,0.004399
-0.016068,-0.006977,0.003681,0.002996,-0.003272,0.039214,-0.014350,0.007785,-0.008243,-0.023218,-0.000507,-0.000055,0.042318,0.010338,-0.000439,-0.001916,-0.002472
-0.013062,0.003112,-0.000319,0.014342,-0.004100,0.038374,-0.015402,-0.002263,-0.005856,-0.028696,0.003337,0.013914,0.033646,0.015619,-0.010401,-0.001206,-0.009607
0.005709,0.003456,-0.004494,0.025625,-0.003938,0.039601,-0.013462,-0.004426,-0.000921,-0.032840,0.007006,0.025077,0.017053,0.019369,-0.022140,0.005828,-0.015574
0.019570,-0.003691,-0.003134,0.037350,-0.003001,0.039657,-0.003403,-0.004733,0.001943,-0.031796,0.009043,0.015730,-0.003867,0.018502,-0.030963,0.006440,-0.020768
0.022713,-0.006826,-0.000612,0.023326,-0.005015,0.044198,0.000565,-0.011035,-0.001119,-0.025727,0.011633,0.009407,-0.007900,0.016716,-0.032788,0.004481,-0.025201
0.022958,-0.005124,0.001158,0.016312,-0.006558,0.042919,0.006921,-0.018136,-0.005515,-0.017161,0.014039,0.004798,-0.000798,0.013305,-0.028539,0.000880,-0.022110
0.021857,-0.004308,0.004206,-0.001860,-0.007991,0.032486,0.004492,-0.021723,-0.008742,-0.004730,0.023221,0.011001,0.006431,0.008087,-0.020667,-0.004558,-0.012687
0.014350,-0.009920,0.006721,-0.009855,-0.006569,0.009217,-0.002428,-0.021772,-0.011463,0.002267,0.022442,0.014858,0.013234,0.004469,-0.013526,0.000033,-0.004140
0.006848,-0.011679,0.011762,-0.012263,-0.001644,-0.012411,-0.006158,-0.017538,-0.012258,0.003648,0.014106,0.016356,0.014708,0.002123,-0.004399,0.011698,-0.000363
-0.005164,-0.011278,0.014081,-0.005899,0.003311,-0.036785,-0.009946,-0.011411,-0.014422,-0.000167,0.001304,0.009292,0.016436,-0.000006,-0.005488,0.016440,-0.002614
-0.015045,-0.010068,0.009873,0.001894,-0.003105,-0.057298,-0.012811,-0.011256,-0.014709,-0.006084,-0.001074,0.003152,0.016342,-0.001473,-0.010464,0.021887,-0.003973
-0.013585,-0.006617,0.003992,0.004232,-0.010534,-0.074528,-0.012930,-0.011069,-0.012825,-0.021207,-0.005010,0.004641,0.008872,-0.002956,-0.018540,0.032870,-0.004743
-0.012920,-0.009289,0.000951,0.006611,-0.015442,-0.084451,-0.012369,-0.009434,-0.008449,-0.034801,-0.008775,-0.000916,-0.003540,-0.003698,-0.024910,0.039595,-0.002795
-0.014233,-0.021872,0.000029,-0.008889,-0.019294,-0.079371,-0.010175,-0.005059,-0.007716,-0.028623,-0.031584,-0.006146,-0.013722,-0.002831,-0.024257,0.038209,-0.002294
-0.015693,-0.027098,-0.011983,-0.011998,-0.022459,-0.070694,-0.006566,0.008170,-0.007656,-0.018227,-0.046029,-0.011090,-0.018251,-0.000332,-0.012792,0.026526,-0.002290
-0.013500,-0.024209,-0.018911,-0.018339,-0.025023,-0.059521,-0.004566,0.015212,-0.008323,-0.005184,-0.053776,-0.010243,-0.019831,0.002344,0.000030,0.012222,0.000634
-0.010995,-0.018145,-0.024985,-0.017356,-0.016296,-0.048420,-0.003105,0.015900,-0.007825,0.010220,-0.059396,-0.003650,-0.018403,0.000192,-0.003684,0.002597,0.001672
-0.007135,-0.011100,-0.018626,-0.023601,-0.003542,-0.032054,0.006826,0.011640,-0.005298,0.020775,-0.067894,0.002753,-0.003443,-0.003974,-0.005490,-0.003301,0.000109
-0.002755,-0.003075,-0.012812,-0.026314,0.008561,-0.013934,0.011174,0.004181,-0.007480,0.033843,-0.071995,0.000135,0.012029,-0.004205,-0.008793,-0.009592,-0.003210
0.006372,0.003310,-0.004411,-0.020388,0.009574,0.004628,0.018714,-0.004898,-0.009705,0.042350,-0.065009,-0.004734,0.017072,-0.003907,-0.017919,-0.013888,-0.004950
0.016532,0.014446,-0.000141,-0.006234,0.007557,0.015710,0.024994,-0.011802,-0.013067,0.039158,-0.048897,0.001593,0.017762,-0.007844,-0.023907,-0.014673,-0.005937
0.023842,0.020666,0.005442,0.009495,0.005972,0.039122,0.026235,-0.018558,-0.014395,0.030112,-0.017589,0.006963,0.013983,-0.015497,-0.030805,-0.022123,-0.004625
0.017885,0.014030,0.007774,0.028066,0.003468,0.056564,0.017860,-0.024691,-0.016143,0.024550,-0.007156,0.015810,0.010884,-0.020450,-0.039055,-0.029803,-0.003506
0.006717,0.005281,-0.001030,0.040858,-0.006771,0.060002,0.005062,-0.019844,-0.018693,0.015979,0.001606,0.016825,0.005677,-0.022251,-0.036225,-0.040550,-0.002504
-0.005689,0.015163,0.003865,0.053796,-0.017182,0.061225,-0.005644,-0.020447,-0.028001,-0.001298,0.011535,0.016024,0.011664,-0.020645,-0.026916,-0.045614,-0.005637
-0.012775,0.025757,0.006222,0.054858,-0.030037,0.061665,-0.015700,-0.021167,-0.042919,-0.011486,0.019507,0.024930,0.014226,-0.023615,-0.025504,-0.039487,-0.015299
-0.017093,0.012235,0.014893,0.036972,-0.041437,0.050499,-0.016041,-0.023046,-0.063018,-0.020058,0.029057,0.033226,0.034432,-0.029454,-0.020805,-0.028768,-0.022502
-0.020203,-0.000077,0.039713,0.002209,-0.053045,0.034765,-0.014283,-0.027243,-0.085618,-0.022186,0.051351,0.036475,0.052376,-0.032054,-0.015601,0.002396,-0.025100
-0.020130,-0.010223,0.062225,-0.026430,-0.064862,0.014544,0.007957,-0.038491,-0.105937,-0.023239,0.063994,0.036406,0.060980,-0.034697,-0.021609,0.028619,-0.025124
-0.015868,-0.013961,0.077273,-0.017452,-0.080212,0.001735,0.029880,-0.046689,-0.132694,-0.031583,0.075129,0.045900,0.069899,-0.038165,-0.021674,0.046823,-0.021799
-0.008939,-0.021040,0.093913,-0.012224,-0.086247,-0.002627,0.041960,-0.049581,-0.148989,-0.036101,0.099422,0.046840,0.069848,-0.044948,-0.020530,0.048646,-0.018900
0.002653,-0.027427,0.097834,-0.020286,-0.084534,-0.006818,0.039563,-0.047902,-0.155162,-0.035815,0.111484,0.048332,0.064271,-0.049396,-0.019839,0.038012,-0.009749
0.012011,-0.016626,0.090813,-0.025805,-0.084642,-0.015772,0.031995,-0.052863,-0.144576,-0.034048,0.107425,0.053573,0.060722,-0.049361,-0.014143,0.020490,-0.001831
0.015438,0.010544,0.087170,-0.020720,-0.074851,-0.028183,0.010687,-0.059336,-0.123983,-0.036101,0.090833,0.051214,0.061219,-0.043028,-0.002431,0.003738,0.003000
0.014157,0.025568,0.072983,-0.017388,-0.068213,-0.039952,-0.011372,-0.057137,-0.098437,-0.035026,0.065253,0.037395,0.053747,-0.032787,0.009952,-0.025998,0.000957
0.012270,0.019229,0.049899,-0.001315,-0.058217,-0.051016,-0.031875,-0.047601,-0.073118,-0.029352,0.048379,0.024710,0.048379,-0.022661,0.021234,-0.054977,-0.001081
0.009770,0.024336,0.040266,-0.003109,-0.043928,-0.057418,-0.045551,-0.033357,-0.047626,-0.017197,0.043410,0.008074,0.038518,-0.011868,0.023845,-0.063055,-0.000732
0.005469,0.032561,0.026638,-0.009466,-0.027779,-0.063681,-0.037905,-0.026897,-0.022854,-0.003970,0.031585,-0.005919,0.029388,-0.005106,0.006706,-0.062981,-0.000382
-0.000145,0.035320,0.008237,0.016530,-0.019424,-0.069176,-0.025071,-0.021737,-0.011015,-0.000283,0.016472,-0.008556,0.016352,0.000432,-0.001042,-0.028782,-0.000030
-0.009801,0.019659,-0.000927,0.033148,-0.011844,-0.070774,-0.025584,-0.014298,-0.001622,0.001474,0.011941,0.000084,-0.000982,0.003914,-0.009953,0.009917,-0.002107
-0.007561,-0.006080,-0.005792,0.023072,-0.005535,-0.062222,-0.026262,-0.004285,0.000710,0.004133,0.007014,0.008466,-0.018722,0.004249,-0.018319,0.043826,0.000639
-0.003595,-0.015431,-0.015921,0.000508,-0.004377,-0.048562,-0.021893,-0.005962,0.001787,0.003537,0.001721,0.023359,-0.019703,0.007384,-0.023443,0.068366,0.001371
-0.001934,-0.020060,-0.023706,-0.012692,-0.003422,-0.035064,-0.017879,-0.007284,0.002869,0.000229,-0.004570,0.033006,-0.019378,0.010931,-0.019310,0.080757,0.002176
-0.002185,-0.036217,-0.028599,-0.020015,-0.001420,-0.021915,-0.013013,-0.005583,0.009884,-0.003627,-0.015689,0.015810,-0.022996,0.011363,-0.007421,0.074941,0.001276
0.009345,-0.050837,-0.013258,-0.007113,0.000107,-0.001475,-0.008638,-0.002650,0.014895,-0.005618,-0.018654,-0.001178,-0.024867,0.010855,0.004917,0.064725,-0.000249
0.019598,-0.042618,0.002562,0.001585,0.002737,0.011739,-0.004101,0.000419,0.016013,-0.009137,-0.018772,-0.018458,-0.021823,0.009974,0.010505,0.041309,-0.000635
0.022092,-0.020730,0.011684,-0.007980,0.004987,0.014862,0.000006,-0.000090,0.010854,-0.010746,-0.024875,-0.031772,-0.008578,0.004924,0.017703,0.022455,0.000214
0.016051,0.001984,0.008886,-0.011457,0.006133,0.002206,0.005995,-0.001201,0.005485,-0.006403,-0.029977,-0.043611,0.002515,-0.000823,0.029691,0.026966,0.000841
0.009272,0.015314,0.008216,-0.024258,0.003655,0.011217,0.001143,0.000554,0.005702,-0.004257,-0.029064,-0.032654,0.010017,-0.006536,0.035773,0.033183,0.001563
-0.003239,0.025799,0.001681,-0.009251,0.007131,0.024231,0.006839,0.002016,0.006324,0.003829,-0.017742,-0.011572,0.022826,-0.007750,0.027315,0.047385,-0.001358
-0.015127,0.029073,-0.012649,-0.004285,0.009416,0.032380,0.010460,0.003051,0.004392,0.010516,-0.004511,0.008303,0.036273,-0.005244,0.013738,0.056841,-0.003808
-0.024749,0.028882,-0.026912,0.004430,0.010885,0.041405,0.018020,0.003771,0.000915,0.015970,0.009279,0.023730,0.046539,-0.000590,-0.001047,0.053155,-0.005590
-0.033420,0.025111,-0.040671,0.018546,0.011975,0.047957,0.023819,0.004085,0.003650,0.020058,0.017907,0.025748,0.046630,0.003165,-0.011411,0.043044,-0.006703
-0.026263,0.017983,-0.033051,0.036790,0.012676,0.057477,0.026174,0.004535,0.006391,0.022780,0.023231,0.025377,0.038671,0.007043,-0.020636,0.030428,-0.007576
-0.015179,0.014616,-0.020752,0.050249,0.012526,0.056500,0.025221,0.004688,0.008731,0.017840,0.027427,0.021409,0.025439,0.009585,-0.029699,0.014393,-0.007865
-0.006906,0.012883,-0.011111,0.039119,0.010906,0.036312,0.019616,0.002688,0.005620,0.010275,0.019456,0.014121,0.014638,0.007656,-0.022285,0.010772,-0.006114
-0.005085,0.006107,-0.006865,0.022354,0.006918,0.008671,0.011209,0.000020,0.001359,0.005871,0.008149,0.004066,0.007555,0.004375,-0.011447,0.006155,-0.003489
