AU01,AU02,AU04,AU05,AU06,AU07,AU09,AU10,AU12,AU14,AU15,AU17,AU20,AU23,AU25,AU26,AU45
-0.002077,0.006785,0.008762,-0.006316,-0.000044,0.000857,-0.002340,-0.005425,0.005349,-0.000285,0.011213,0.002139,-0.007076,-0.005607,-0.011353,0.015678,-0.001903
-0.001520,0.006159,0.008513,-0.006343,-0.000192,0.001895,-0.002457,-0.006021,0.005373,0.000279,0.012399,0.003443,-0.006924,-0.006037,-0.012214,0.016460,-0.001525
-0.001362,0.006162,0.008190,-0.007619,-0.000223,0.003752,-0.002442,-0.006458,0.005337,0.000593,0.013386,0.004641,-0.006700,-0.006405,-0.012682,0.017244,-0.001148
-0.000643,0.006637,0.007892,-0.009192,-0.000049,0.005457,-0.002165,-0.006810,0.005350,0.000878,0.014527,0.005734,-0.006036,-0.006684,-0.012978,0.018348,-0.000775
0.000049,0.007622,0.007513,-0.010574,0.000341,0.007467,-0.001889,-0.006602,0.005746,0.001135,0.014686,0.006191,-0.005005,-0.006603,-0.012983,0.019439,-0.000399
0.000713,0.008850,0.006883,-0.012037,0.001155,0.009289,-0.001670,-0.006343,0.006945,0.002547,0.014677,0.007180,-0.003328,-0.006270,-0.012729,0.020197,-0.000026
0.000471,0.009897,0.004882,-0.012706,0.002394,0.010925,-0.001823,-0.005408,0.009623,0.004962,0.013075,0.007384,-0.001661,-0.004967,-0.010908,0.020684,0.000738
0.000269,0.010763,0.002431,-0.012893,0.004475,0.012624,-0.001566,-0.004415,0.013592,0.007287,0.010452,0.006740,-0.000025,-0.003028,-0.009040,0.019273,0.001491
-0.000394,0.010711,0.000049,-0.012718,0.007113,0.018921,-0.000295,-0.001999,0.019006,0.010158,0.007525,0.006080,0.001851,-0.000840,-0.007193,0.017108,0.002286
-0.001406,0.011025,-0.002235,-0.012231,0.010939,0.024642,0.000990,0.000691,0.024044,0.013353,0.004638,0.005442,0.003761,0.001258,-0.005576,0.015143,0.003203
-0.002308,0.011176,-0.003468,-0.011632,0.014471,0.029449,0.003695,0.003934,0.029682,0.016941,0.001543,0.006388,0.005612,0.003273,-0.004219,0.013055,0.004177
-0.001928,0.011812,-0.004583,-0.011252,0.018409,0.033522,0.006364,0.007720,0.034846,0.020203,-0.001508,0.007672,0.006235,0.005252,-0.002764,0.010892,0.005089
-0.001272,0.012913,-0.005656,-0.011452,0.022099,0.037059,0.009156,0.011885,0.040467,0.023087,-0.004710,0.008801,0.006890,0.007356,-0.001263,0.008601,0.005399
-0.000614,0.013073,-0.006506,-0.011689,0.025920,0.040512,0.011787,0.015749,0.046295,0.025937,-0.007835,0.012124,0.008499,0.009505,-0.000105,0.006183,0.005689
0.000249,0.012979,-0.007644,-0.013267,0.030155,0.043776,0.014341,0.021499,0.053190,0.029188,-0.009125,0.015955,0.010121,0.011664,0.001634,0.003037,0.005958
0.000675,0.011417,-0.009252,-0.014515,0.034185,0.046441,0.016990,0.027566,0.060861,0.032910,-0.010141,0.021560,0.010975,0.013505,0.001473,0.001341,0.004675
0.002009,0.009719,-0.009626,-0.016353,0.038131,0.050470,0.019547,0.034584,0.069196,0.036937,-0.009621,0.027300,0.011670,0.015912,0.001146,-0.000313,0.003387
0.003072,0.006710,-0.009591,-0.016248,0.042720,0.054638,0.022893,0.044194,0.077125,0.041697,-0.008452,0.034312,0.011941,0.018242,0.000750,-0.000823,0.001304
0.004016,0.003733,-0.008908,-0.017646,0.047633,0.057904,0.025828,0.055002,0.086186,0.047755,-0.006910,0.043628,0.012231,0.021108,0.000013,0.001030,-0.000764
0.004841,0.000872,-0.008099,-0.019363,0.051982,0.061695,0.028353,0.065288,0.093894,0.053817,-0.004270,0.053217,0.012687,0.023761,-0.000108,0.003708,-0.002773
0.005520,-0.001786,-0.007166,-0.021887,0.055660,0.065762,0.030102,0.074828,0.100504,0.059312,-0.001334,0.062664,0.013539,0.026452,-0.000285,0.006512,-0.004560
0.005694,-0.004022,-0.006274,-0.024172,0.060112,0.068086,0.031874,0.084978,0.106113,0.063845,0.002703,0.072427,0.014107,0.029060,-0.000325,0.009180,-0.006544
0.005792,-0.006073,-0.005408,-0.026094,0.063773,0.068870,0.033353,0.093753,0.110691,0.067236,0.006266,0.081686,0.014617,0.031505,-0.000860,0.011488,-0.008768
0.005723,-0.008399,-0.004804,-0.028519,0.066647,0.066625,0.035226,0.101084,0.113642,0.068916,0.009528,0.089248,0.014095,0.034275,-0.001103,0.013578,-0.010542
0.005939,-0.009625,-0.004030,-0.031274,0.068410,0.063837,0.036738,0.107195,0.114786,0.070226,0.012489,0.095679,0.013442,0.036514,-0.000363,0.016062,-0.012202
0.005538,-0.011914,-0.003007,-0.033733,0.069509,0.060899,0.037828,0.112628,0.114456,0.070595,0.016804,0.100794,0.012658,0.038221,0.000459,0.018234,-0.013589
0.005165,-0.013959,-0.001869,-0.035187,0.069403,0.059697,0.038709,0.116555,0.112680,0.070268,0.021640,0.104819,0.010497,0.039024,0.000066,0.018837,-0.014712
0.004898,-0.016983,-0.000641,-0.035676,0.069001,0.058250,0.038584,0.119613,0.109221,0.069849,0.027494,0.108887,0.006940,0.039063,-0.000434,0.018985,-0.016082
0.005510,-0.019268,-0.000058,-0.035619,0.067639,0.055324,0.038234,0.120979,0.103991,0.068307,0.033364,0.111340,0.003510,0.038506,-0.001682,0.019193,-0.017426
0.005868,-0.020799,0.000518,-0.035966,0.065259,0.051039,0.036928,0.120861,0.097385,0.065202,0.039755,0.113779,0.000106,0.037514,-0.002739,0.020829,-0.018421
0.006784,-0.021602,0.001279,-0.036390,0.061540,0.045529,0.035553,0.119809,0.089530,0.059754,0.046032,0.116323,-0.003016,0.035981,-0.004059,0.022778,-0.019261
0.008181,-0.021595,0.003705,-0.036980,0.057432,0.038952,0.033708,0.117650,0.080803,0.053322,0.051496,0.117029,-0.005926,0.034045,-0.005774,0.023876,-0.019881
0.009487,-0.020966,0.005913,-0.038268,0.052932,0.031852,0.031944,0.113910,0.071667,0.047426,0.056646,0.116669,-0.008054,0.031176,-0.007329,0.024779,-0.020341
0.009868,-0.019862,0.006025,-0.038469,0.048657,0.026510,0.029394,0.109177,0.063062,0.043001,0.059433,0.114152,-0.010008,0.028847,-0.006670,0.026540,-0.020160
0.009203,-0.019476,0.005118,-0.037004,0.044638,0.021095,0.026688,0.103202,0.055065,0.038071,0.059856,0.109276,-0.011289,0.026965,-0.005888,0.026371,-0.019705
0.007935,-0.019253,0.003826,-0.034837,0.040533,0.019791,0.023769,0.096836,0.048078,0.033312,0.059168,0.103089,-0.012163,0.025110,-0.005124,0.025671,-0.018880
0.006027,-0.018658,0.002073,-0.033179,0.036528,0.017620,0.020369,0.088916,0.040311,0.027629,0.057766,0.095762,-0.012798,0.022943,-0.004672,0.024870,-0.017627
0.003707,-0.017729,0.001281,-0.030933,0.032015,0.014500,0.018121,0.080402,0.032981,0.022330,0.055758,0.088516,-0.013292,0.020218,-0.004467,0.022307,-0.015105
0.002441,-0.015999,0.000655,-0.027550,0.028023,0.010912,0.015168,0.071255,0.025358,0.016645,0.052972,0.080261,-0.014904,0.017201,-0.004171,0.018509,-0.012125
0.001442,-0.013193,0.001189,-0.023826,0.023808,0.007043,0.012378,0.061503,0.018219,0.010310,0.049196,0.071026,-0.015974,0.013472,-0.003846,0.014493,-0.009541
0.000797,-0.010752,0.002375,-0.019958,0.019663,0.003392,0.009349,0.050604,0.011297,0.003988,0.044767,0.062477,-0.015427,0.009437,-0.003715,0.009869,-0.006864
0.000298,-0.008042,0.003245,-0.017386,0.016049,-0.000096,0.006343,0.041396,0.005710,-0.001796,0.041444,0.054341,-0.014323,0.005628,-0.003313,0.004360,-0.004277
0.000276,-0.005212,0.004010,-0.014883,0.012792,-0.003511,0.003292,0.032696,0.001785,-0.006689,0.037842,0.047369,-0.012745,0.001904,-0.003021,0.000597,-0.002184
0.000205,-0.004247,0.004628,-0.013600,0.009518,-0.004734,0.000785,0.025030,-0.001294,-0.010320,0.033945,0.042108,-0.010877,-0.000990,-0.001366,-0.002949,-0.000226
-0.000042,-0.005321,0.004945,-0.010607,0.006604,-0.004565,-0.000709,0.020177,-0.004170,-0.012606,0.029714,0.038992,-0.008296,-0.003422,0.000461,-0.007685,0.000966
-0.000226,-0.006435,0.004919,-0.008459,0.004703,-0.003114,-0.002054,0.016778,-0.005090,-0.012639,0.024501,0.038035,-0.005537,-0.005077,0.001522,-0.010877,0.001554
-0.000222,-0.006319,0.004039,-0.006837,0.002710,-0.001760,-0.003166,0.013430,-0.005937,-0.012035,0.019809,0.036508,-0.002340,-0.005938,0.002521,-0.012447,0.000951
0.000770,-0.005250,0.003140,-0.005610,0.000448,-0.001196,-0.004668,0.010821,-0.006202,-0.011337,0.015150,0.033804,0.001566,-0.006437,0.002833,-0.013554,0.000447
0.001300,-0.003880,0.002747,-0.004193,-0.000540,-0.000503,-0.005902,0.009518,-0.005977,-0.010142,0.011939,0.031981,0.005538,-0.007300,0.002872,-0.014480,0.000289
-0.000840,-0.003030,0.002201,-0.002670,-0.001002,0.002224,-0.006885,0.008134,-0.005022,-0.008555,0.009991,0.030745,0.008153,-0.007827,0.002281,-0.014560,-0.000059
-0.002840,-0.002137,0.001685,-0.001694,-0.001332,0.003455,-0.007240,0.006605,-0.003919,-0.007774,0.008220,0.030226,0.009555,-0.007290,0.001326,-0.014555,-0.000086
-0.004449,-0.001265,0.002096,-0.000611,-0.001644,0.006258,-0.007062,0.005000,-0.003114,-0.006399,0.006067,0.029222,0.011652,-0.006647,0.001863,-0.013649,0.000135
-0.005626,-0.001619,0.004322,0.000365,-0.002005,0.009525,-0.006383,0.003768,-0.002746,-0.005070,0.005526,0.027165,0.014744,-0.006165,0.003344,-0.012571,0.000556
-0.006793,-0.001968,0.006325,0.000962,-0.002367,0.012185,-0.005244,0.002468,-0.002425,-0.003514,0.005212,0.023793,0.016772,-0.006016,0.004348,-0.012109,0.001241
-0.007763,-0.000632,0.007327,0.001436,-0.002206,0.015179,-0.004547,0.002043,-0.002304,0.000108,0.005874,0.020568,0.017528,-0.005807,0.005086,-0.011411,0.001709
-0.008084,0.001250,0.007888,0.001829,-0.002137,0.017007,-0.003645,0.001673,-0.002725,0.003516,0.005699,0.016588,0.017994,-0.006072,0.005918,-0.010745,0.002276
-0.008131,0.003048,0.007942,0.002279,-0.002265,0.018596,-0.003772,-0.000040,-0.003472,0.006183,0.005513,0.013903,0.018190,-0.006048,0.006738,-0.010250,0.002940
-0.007909,0.004983,0.007828,0.003236,-0.003021,0.019331,-0.003899,-0.001904,-0.004422,0.006363,0.004016,0.012581,0.018029,-0.005858,0.007203,-0.009611,0.003439
-0.007050,0.006825,0.009545,0.005166,-0.003498,0.019257,-0.004762,-0.003633,-0.005429,0.006638,0.003090,0.011303,0.016678,-0.005856,0.006992,-0.009896,0.003626
-0.005746,0.008688,0.011192,0.006236,-0.003674,0.018809,-0.004824,-0.006179,-0.006406,0.006299,0.002888,0.008577,0.014548,-0.007257,0.007569,-0.010032,0.003619
-0.003952,0.011245,0.012290,0.006962,-0.003250,0.021205,-0.003725,-0.008555,-0.007309,0.007378,0.002514,0.005795,0.012252,-0.008528,0.008952,-0.008067,0.003514
-0.003328,0.012150,0.012821,0.007379,-0.003326,0.023683,-0.002491,-0.010432,-0.008066,0.008645,0.000265,0.002199,0.013241,-0.009627,0.010138,-0.005905,0.003318
-0.003739,0.013097,0.012883,0.006583,-0.004179,0.022357,-0.002271,-0.013548,-0.009166,0.009827,-0.003419,-0.001838,0.013881,-0.010980,0.010617,-0.003992,0.003111
-0.004082,0.012806,0.011594,0.004548,-0.006831,0.020373,-0.003424,-0.017348,-0.010776,0.009879,-0.007646,-0.005355,0.013227,-0.012180,0.010786,-0.001813,0.002845
-0.004548,0.013176,0.010053,0.002400,-0.009425,0.017947,-0.004632,-0.021954,-0.012507,0.009355,-0.011181,-0.008824,0.011665,-0.013326,0.010987,0.000187,0.003748
-0.004749,0.013256,0.008381,0.002190,-0.012237,0.013895,-0.006444,-0.028805,-0.015137,0.007640,-0.014400,-0.012853,0.008991,-0.014300,0.011198,0.001208,0.005058
-0.004810,0.015158,0.007643,0.002598,-0.015263,0.008941,-0.008645,-0.037038,-0.018618,0.004769,-0.017452,-0.019077,0.007576,-0.015557,0.011200,0.000987,0.006314
-0.004070,0.018041,0.006445,0.003123,-0.018733,0.003482,-0.010815,-0.045541,-0.023435,0.001905,-0.020734,-0.026354,0.006253,-0.016228,0.011739,0.000450,0.007260
-0.003086,0.020541,0.005038,0.004304,-0.022183,-0.002267,-0.012862,-0.053071,-0.028400,-0.001606,-0.024255,-0.033247,0.005413,-0.016525,0.011539,-0.000004,0.007905
-0.002362,0.022636,0.004076,0.005076,-0.026209,-0.009713,-0.015322,-0.061031,-0.033325,-0.005058,-0.028265,-0.041920,0.004393,-0.016751,0.011516,-0.000393,0.009210
-0.002162,0.022038,0.003235,0.006142,-0.030134,-0.017573,-0.017814,-0.067769,-0.038100,-0.008411,-0.032530,-0.050076,0.003664,-0.017509,0.012544,-0.000716,0.010200
-0.002546,0.020194,0.002396,0.008720,-0.033771,-0.025013,-0.020012,-0.074430,-0.042329,-0.011534,-0.036260,-0.057672,0.004137,-0.018491,0.012789,-0.002221,0.011095
-0.002704,0.018054,0.001180,0.011344,-0.036532,-0.030199,-0.021662,-0.079891,-0.046228,-0.014216,-0.039246,-0.064826,0.004559,-0.019801,0.012749,-0.003447,0.011636
-0.002526,0.016996,-0.001543,0.014178,-0.038761,-0.034519,-0.022545,-0.084680,-0.049614,-0.017158,-0.041880,-0.072751,0.004692,-0.020127,0.011415,-0.003943,0.011014
-0.000839,0.016684,-0.004048,0.016254,-0.040581,-0.040768,-0.023301,-0.088456,-0.053285,-0.020297,-0.045282,-0.080234,0.004358,-0.019226,0.009591,-0.004489,0.010187
0.000962,0.016158,-0.006564,0.016898,-0.042092,-0.045586,-0.024029,-0.092214,-0.056342,-0.022961,-0.048330,-0.087159,0.003353,-0.018743,0.007734,-0.005876,0.009742
0.000072,0.014815,-0.008795,0.016631,-0.043094,-0.047662,-0.024529,-0.094905,-0.058822,-0.025261,-0.049792,-0.093164,0.000871,-0.018162,0.005347,-0.006184,0.009324
-0.000612,0.013869,-0.010938,0.016607,-0.043663,-0.048564,-0.025323,-0.096691,-0.060440,-0.027703,-0.050150,-0.096681,-0.001668,-0.017341,0.002508,-0.006864,0.009003
0.000148,0.014640,-0.012846,0.019255,-0.044113,-0.046704,-0.025492,-0.097663,-0.062751,-0.030915,-0.049397,-0.100995,-0.003280,-0.017082,-0.000642,-0.008685,0.007999
0.001652,0.015040,-0.012255,0.021647,-0.043914,-0.044380,-0.024912,-0.097571,-0.064557,-0.033967,-0.047400,-0.104410,-0.003883,-0.016885,-0.002986,-0.010299,0.007027
0.003034,0.015095,-0.011468,0.022960,-0.043164,-0.042943,-0.023833,-0.096202,-0.065461,-0.036658,-0.044600,-0.107534,-0.004083,-0.016382,-0.004881,-0.011094,0.006253
0.004295,0.016261,-0.011322,0.023838,-0.042015,-0.041138,-0.022411,-0.093232,-0.065465,-0.036889,-0.041110,-0.109568,-0.004340,-0.015621,-0.006636,-0.011082,0.005605
0.005530,0.017141,-0.011062,0.024311,-0.040487,-0.039698,-0.020772,-0.088962,-0.064819,-0.036608,-0.037596,-0.109946,-0.004507,-0.015184,-0.008185,-0.010778,0.005403
0.006651,0.017733,-0.010928,0.023985,-0.038520,-0.036449,-0.019338,-0.084817,-0.063695,-0.036089,-0.034361,-0.108614,-0.004645,-0.014485,-0.009617,-0.011936,0.005228
0.007804,0.018227,-0.010679,0.023767,-0.036062,-0.032777,-0.017830,-0.080443,-0.062033,-0.036036,-0.031927,-0.105801,-0.004693,-0.013525,-0.011000,-0.012988,0.005007
0.008852,0.018448,-0.009992,0.024855,-0.033084,-0.028153,-0.016917,-0.074993,-0.059723,-0.035126,-0.029013,-0.101575,-0.005459,-0.012506,-0.012335,-0.014058,0.004527
0.010163,0.018518,-0.009166,0.025891,-0.029300,-0.023029,-0.015787,-0.069499,-0.056625,-0.034309,-0.025239,-0.097114,-0.006833,-0.012209,-0.012616,-0.014978,0.003943
0.011706,0.018893,-0.007970,0.026567,-0.024976,-0.016580,-0.013552,-0.062955,-0.052766,-0.032530,-0.020958,-0.091325,-0.008246,-0.011801,-0.012405,-0.014803,0.003296
0.012882,0.018474,-0.006619,0.025943,-0.020814,-0.009606,-0.011037,-0.055364,-0.048094,-0.030055,-0.017511,-0.085000,-0.006582,-0.011382,-0.012047,-0.014411,0.002592
0.012801,0.017594,-0.005112,0.023770,-0.017018,-0.005502,-0.008585,-0.047904,-0.043117,-0.027108,-0.015243,-0.078179,-0.004734,-0.011332,-0.012013,-0.014784,0.001874
0.012558,0.015632,-0.004230,0.021217,-0.014092,-0.001115,-0.007255,-0.039909,-0.037943,-0.023678,-0.013510,-0.070142,-0.003734,-0.011269,-0.011866,-0.015011,0.001141
0.012187,0.014049,-0.003286,0.018210,-0.010990,0.003555,-0.005925,-0.032172,-0.032376,-0.020315,-0.011538,-0.060932,-0.003306,-0.011018,-0.011378,-0.013995,0.000694
0.011911,0.012181,-0.002207,0.015902,-0.008346,0.006891,-0.004578,-0.026249,-0.027579,-0.017639,-0.009329,-0.051212,-0.003770,-0.010646,-0.010547,-0.012754,0.000425
0.011519,0.012107,-0.001066,0.013286,-0.006133,0.009430,-0.003675,-0.021685,-0.023465,-0.015521,-0.007045,-0.043411,-0.003287,-0.009934,-0.009571,-0.012634,0.000139
0.011318,0.013262,-0.000724,0.010488,-0.004561,0.011442,-0.002675,-0.017666,-0.020536,-0.013138,-0.005282,-0.035837,-0.003148,-0.008332,-0.007884,-0.012384,-0.000381
0.011189,0.014377,-0.000588,0.008108,-0.003339,0.013079,-0.001642,-0.013574,-0.017774,-0.011198,-0.004025,-0.028412,-0.002872,-0.006539,-0.006277,-0.011942,-0.000932
0.010769,0.014282,-0.000503,0.005481,-0.002870,0.012425,-0.000834,-0.010750,-0.015420,-0.009221,-0.003664,-0.022754,-0.002661,-0.004921,-0.004340,-0.011366,-0.001019
0.009659,0.013742,-0.000340,0.003606,-0.002449,0.010551,-0.000861,-0.007858,-0.013106,-0.007685,-0.003252,-0.018594,-0.002313,-0.003916,-0.002388,-0.010656,-0.001102
0.008224,0.012166,-0.000228,0.003394,-0.002195,0.008458,-0.000883,-0.005889,-0.010940,-0.006065,-0.002707,-0.014950,-0.001362,-0.003420,-0.001362,-0.009497,-0.001182
0.006786,0.010381,0.000074,0.003234,-0.001905,0.006639,-0.000858,-0.003962,-0.008577,-0.004451,-0.001220,-0.011228,-0.000332,-0.003505,-0.000542,-0.007808,-0.001130
0.005341,0.008600,-0.000335,0.003600,-0.001580,0.005047,-0.000679,-0.002403,-0.006155,-0.003235,0.000387,-0.008763,0.000443,-0.003572,-0.000578,-0.005937,-0.001066
0.004108,0.006624,-0.000543,0.003969,-0.001220,0.002890,-0.000341,-0.001281,-0.004492,-0.002444,0.000908,-0.006252,0.000873,-0.002691,-0.000613,-0.003899,-0.000990
0.002754,0.004395,-0.000763,0.003211,-0.000825,0.001723,-0.000117,-0.000705,-0.002829,-0.001728,0.000823,-0.004124,0.000606,-0.001725,-0.000425,-0.002548,-0.000856
0.001279,0.001967,-0.000475,0.001815,-0.000394,0.000513,0.000143,-0.000303,-0.001471,-0.000946,0.000428,-0.002144,0.000315,-0.000836,-0.000221,-0.001079,-0.000585
