AU01,AU02,AU04,AU05,AU06,AU07,AU09,AU10,AU12,AU14,AU15,AU17,AU20,AU23,AU25,AU26,AU45
0.037120,0.023395,-0.004112,-0.021528,0.019612,-0.008702,0.010537,0.017266,0.032572,0.018011,0.004145,-0.019078,-0.008823,-0.051487,0.083655,0.001441,-0.014456
0.043908,0.035623,-0.006349,-0.025475,0.020375,0.010196,0.014906,0.021348,0.037330,0.006166,0.014438,-0.016039,-0.014045,-0.082365,0.105605,0.003418,-0.009531
0.047391,0.043505,-0.009086,-0.036538,0.016378,0.025656,0.017636,0.021100,0.033786,-0.004421,0.022391,-0.002169,-0.017034,-0.102156,0.120585,0.006082,-0.002384
0.041996,0.047919,-0.011661,-0.042124,0.014512,0.037679,0.022591,0.019598,0.027566,-0.014859,0.039225,0.010174,-0.011713,-0.118380,0.114126,0.004305,0.005599
0.036598,0.047767,-0.015658,-0.042235,0.013154,0.049200,0.026728,0.020563,0.026005,-0.023246,0.052926,0.020991,0.001442,-0.121639,0.096823,-0.004201,0.011808
0.027926,0.041612,-0.017490,-0.035406,0.011908,0.056549,0.026029,0.021795,0.021366,-0.028997,0.060976,0.040163,0.016993,-0.111931,0.068412,-0.029153,0.020094
0.014256,0.017483,-0.019840,-0.026741,0.005461,0.047036,0.019711,0.011045,0.011859,-0.037618,0.052195,0.056237,0.026313,-0.102189,0.032632,-0.067626,0.017874
0.006901,-0.010863,-0.012940,-0.007401,0.004134,0.020116,0.009914,-0.003184,0.010789,-0.039265,0.032395,0.061755,0.050170,-0.080383,0.012521,-0.099680,0.013278
0.003800,-0.022064,-0.007936,0.013418,0.009893,-0.007118,0.015231,0.000997,0.020923,-0.031728,0.010848,0.008650,0.073392,-0.065008,0.001952,-0.113896,0.006608
-0.004782,-0.032780,-0.002085,0.035528,0.015818,-0.011309,0.018492,0.007913,0.032413,-0.012740,-0.010506,-0.026836,0.087418,-0.077880,0.016044,-0.115726,-0.003868
-0.011762,-0.042789,0.004483,0.053815,0.026444,-0.014825,0.023284,0.016308,0.041430,-0.011236,-0.025219,-0.058314,0.077998,-0.089097,0.042170,-0.105788,-0.008640
-0.021122,-0.063088,0.009405,0.043437,0.029673,-0.020288,0.024254,0.023249,0.044848,-0.008498,-0.036170,-0.076769,0.052151,-0.096631,0.071557,-0.071376,-0.013316
-0.033754,-0.073116,0.015284,0.026482,0.032100,-0.023004,0.026033,0.025990,0.042599,-0.004021,-0.036138,-0.090370,0.027564,-0.099823,0.083209,-0.032281,-0.015367
-0.040531,-0.059790,0.016393,0.010562,0.035857,-0.014845,0.031359,0.029179,0.041772,-0.000034,-0.036474,-0.093580,0.008453,-0.089965,0.082696,0.006057,-0.016897
-0.047314,-0.042359,0.022971,-0.009250,0.043496,-0.003300,0.034124,0.041189,0.035799,0.003315,-0.038713,-0.080115,-0.005721,-0.054063,0.042809,0.012969,-0.013655
-0.049445,-0.033030,0.022455,-0.029842,0.042899,-0.002764,0.036700,0.046911,0.025971,0.006018,-0.035837,-0.053721,-0.018390,-0.022279,0.006658,0.000971,-0.011735
-0.054213,-0.021729,0.021132,-0.039396,0.035976,-0.002743,0.033977,0.056844,0.017941,0.007410,-0.038483,-0.027997,-0.021354,0.018403,-0.019750,0.000372,-0.012635
-0.054896,-0.007570,0.015802,-0.040626,0.026285,0.025699,0.035116,0.058315,0.013707,0.000701,-0.044968,-0.033749,-0.019538,0.048259,-0.042964,-0.000438,-0.012912
-0.059842,0.001710,0.009064,-0.024140,0.013499,0.052642,0.031903,0.049724,0.011198,-0.009485,-0.047477,-0.038753,-0.016022,0.078088,-0.052144,-0.002533,-0.013522
-0.060980,0.001479,0.001362,-0.004166,0.008951,0.068086,0.032353,0.042856,0.014272,-0.026978,-0.043653,-0.038539,-0.031437,0.093148,-0.041559,0.000519,-0.014743
-0.060064,-0.014283,-0.006726,0.003596,0.003641,0.058318,0.028880,0.035939,0.020178,-0.040966,-0.034447,-0.037449,-0.051785,0.088043,-0.010971,0.018081,-0.017648
-0.053512,-0.019320,-0.012703,0.008006,-0.006264,0.039075,0.021287,0.020379,0.025032,-0.046924,-0.027240,-0.038579,-0.073250,0.072595,0.021804,0.033947,-0.018869
-0.042060,-0.008115,-0.019907,0.015367,-0.009019,0.021963,0.014942,-0.002554,0.028473,-0.039996,-0.021519,-0.031934,-0.086023,0.048430,0.050867,0.047462,-0.017174
-0.031753,0.007641,-0.017075,0.014451,-0.005451,0.009129,0.008310,-0.018122,0.026839,-0.030596,-0.019647,-0.023716,-0.087180,0.033493,0.043470,0.037570,-0.013239
-0.013190,0.018034,-0.009820,0.004208,-0.000999,0.016099,-0.002085,-0.035005,0.025693,-0.020145,-0.014889,-0.020662,-0.079990,0.017224,0.031099,0.011830,-0.002755
-0.000674,0.027722,-0.005853,-0.011092,0.006733,0.017189,-0.011201,-0.046952,0.033310,-0.008533,-0.023069,-0.023718,-0.063763,0.015839,0.031458,-0.003296,0.004910
0.025490,0.034819,-0.012293,-0.022396,0.012879,0.036977,-0.009641,-0.051781,0.044960,0.014184,-0.034950,-0.028567,-0.047677,0.014421,0.035462,-0.021830,0.011440
0.044487,0.044291,-0.021389,-0.027746,0.018706,0.073181,-0.008324,-0.056472,0.070372,0.033078,-0.044600,-0.032951,-0.047385,0.002742,0.083311,-0.059587,0.017745
0.053393,0.039710,-0.028354,-0.035313,0.038685,0.131232,-0.000016,-0.046419,0.103153,0.049379,-0.050204,-0.017525,-0.056873,-0.012710,0.131099,-0.081483,0.028896
0.055095,-0.000829,-0.024902,-0.040409,0.075881,0.174735,0.007640,-0.020642,0.146321,0.066388,-0.054953,-0.002206,-0.059868,-0.027454,0.175425,-0.093092,0.035953
0.042246,-0.027707,-0.012485,-0.039409,0.116094,0.189800,0.015996,0.008042,0.185929,0.075862,-0.055355,0.008747,-0.064553,-0.037831,0.220723,-0.101843,0.039062
0.024156,-0.047801,-0.002274,-0.021556,0.149043,0.197582,0.024093,0.045951,0.217649,0.084149,-0.052666,0.013417,-0.061164,-0.044598,0.239141,-0.104834,0.041299
0.001325,-0.048969,0.014444,-0.004031,0.182767,0.171287,0.029656,0.094093,0.243104,0.084981,-0.043101,0.012305,-0.055600,-0.033352,0.249297,-0.102472,0.040832
-0.043737,-0.047300,0.031159,0.007927,0.210658,0.169932,0.024718,0.138247,0.252227,0.069622,-0.032921,0.006926,-0.052403,-0.001392,0.235296,-0.098074,0.042091
-0.096628,-0.057246,0.045947,0.002995,0.233968,0.168191,0.024141,0.162127,0.248552,0.046053,-0.027884,-0.000088,-0.042749,0.035482,0.196312,-0.080839,0.042433
-0.129088,-0.059162,0.049704,0.000095,0.235928,0.173018,0.035435,0.167417,0.228029,0.024209,-0.034113,-0.037444,-0.026115,0.066465,0.136484,-0.047968,0.038470
-0.145675,-0.042075,0.035937,-0.023989,0.224550,0.164494,0.041718,0.162874,0.208314,-0.004721,-0.043043,-0.085795,-0.025590,0.073818,0.111734,-0.002465,0.041026
-0.145445,-0.011040,0.017556,-0.047525,0.207178,0.151764,0.053150,0.146506,0.176370,-0.022760,-0.048790,-0.111507,-0.025983,0.061073,0.097594,0.054479,0.056147
-0.132304,0.001379,0.001982,-0.046706,0.189308,0.140887,0.057872,0.128502,0.146595,-0.028320,-0.058656,-0.127585,-0.015345,0.039632,0.077655,0.124895,0.068207
-0.113525,0.014386,-0.006952,-0.039790,0.170540,0.121147,0.059619,0.106305,0.114890,-0.028265,-0.073503,-0.131696,0.002115,0.012922,0.068246,0.172369,0.073061
-0.085495,0.024186,-0.015196,-0.016035,0.135196,0.109544,0.055678,0.087493,0.082061,-0.022872,-0.080073,-0.122388,0.012362,-0.018025,0.049982,0.193936,0.072359
-0.044983,0.045231,-0.014920,0.021652,0.101255,0.063325,0.045869,0.076260,0.059823,-0.013007,-0.070066,-0.110380,0.023930,-0.031973,0.041393,0.185758,0.056290
-0.012238,0.069942,-0.011282,0.065444,0.069118,0.019999,0.023969,0.067407,0.044338,-0.007314,-0.039715,-0.084536,0.022879,-0.013256,0.025953,0.134803,0.032575
0.008762,0.069074,-0.006655,0.098293,0.042215,-0.013599,0.006996,0.052473,0.034711,-0.000363,-0.008583,-0.045151,0.019372,0.007742,0.004026,0.060470,-0.000297
0.021042,0.058442,0.001081,0.121336,0.020517,-0.025638,0.002754,0.030141,0.026477,0.006546,0.022811,-0.018495,0.010260,0.025076,-0.014359,-0.013434,-0.034192
0.025737,0.039863,-0.006181,0.123464,0.010695,-0.037864,-0.002108,0.010565,0.026805,0.008020,0.046302,-0.004167,-0.001995,0.037488,-0.021531,-0.058980,-0.065926
0.027990,0.019091,-0.026216,0.116639,0.006216,-0.049451,-0.001332,-0.004089,0.027974,0.008189,0.068343,0.005021,-0.015231,0.037590,-0.020186,-0.085175,-0.086152
0.026259,0.003304,-0.042534,0.115158,0.000753,-0.058236,-0.008957,-0.014483,0.026832,0.012648,0.083174,0.000750,-0.009969,0.032269,-0.012946,-0.077938,-0.095433
0.018878,-0.012129,-0.067250,0.099691,-0.001450,-0.053206,-0.020431,-0.016428,0.023492,0.014960,0.074849,-0.006327,0.004006,0.030114,0.003245,-0.057084,-0.098429
0.005450,-0.027096,-0.086589,0.076036,-0.008954,-0.037675,-0.033049,-0.013154,0.018137,0.017324,0.074695,-0.006109,-0.002576,0.025873,0.021253,-0.028646,-0.092692
-0.011645,-0.051618,-0.095830,0.060397,-0.014412,-0.021376,-0.043668,-0.006687,0.011751,0.013710,0.066779,-0.009150,-0.004232,0.024349,0.041530,-0.005684,-0.085150
-0.016206,-0.062312,-0.087543,0.049486,-0.020011,-0.000168,-0.054672,0.007214,0.011859,0.009389,0.054355,-0.011479,-0.017966,0.030866,0.046543,-0.009501,-0.073742
-0.013786,-0.064181,-0.066372,0.039469,-0.022491,0.021336,-0.059815,0.015558,0.014848,0.006798,0.040645,-0.005956,-0.027106,0.035648,0.035509,-0.013378,-0.065533
-0.007511,-0.044595,-0.037832,0.021584,-0.018304,0.026941,-0.052362,0.022191,0.015147,0.001982,0.038696,0.006453,-0.028710,0.041000,0.018417,-0.023252,-0.053970
-0.001706,-0.039193,-0.020792,0.015198,-0.013146,0.012781,-0.040532,0.022259,0.014762,-0.001547,0.031122,0.015052,-0.015759,0.042464,0.006792,-0.044877,-0.049899
0.004077,-0.023724,-0.014010,0.018705,-0.007132,0.005281,-0.020913,0.024834,0.014127,-0.005632,0.020095,0.017663,-0.005008,0.035364,0.000374,-0.057701,-0.048470
0.010095,-0.009295,-0.000174,0.027530,-0.001438,-0.001474,-0.000178,0.024076,0.008130,0.001897,0.002529,0.011042,0.003001,0.022508,-0.007325,-0.057224,-0.043532
0.012263,0.002721,0.002126,0.019309,0.005019,-0.006210,0.012635,0.021446,0.006192,0.009091,-0.015062,0.004497,0.011556,0.014875,-0.008354,-0.047318,-0.034228
0.017921,0.008426,0.003111,-0.003915,0.003935,-0.019614,0.013579,0.026219,0.004341,0.015220,-0.011811,0.014438,0.010618,0.012448,-0.007501,-0.042596,-0.026491
0.019396,-0.001140,0.001921,-0.017050,0.002348,-0.030452,0.010073,0.028659,0.002562,0.014452,-0.004282,0.021614,0.009933,0.014906,0.000936,-0.043072,-0.025302
0.023397,-0.000925,-0.000484,-0.022678,0.004083,-0.031222,0.007716,0.032564,0.004739,0.020149,-0.002200,0.024074,-0.001292,0.018447,0.000212,-0.045076,-0.021994
0.023774,-0.003291,0.002238,-0.020834,0.006712,-0.028574,0.004931,0.029641,0.010298,0.016190,-0.002492,0.031104,-0.008752,0.023773,-0.007860,-0.023365,-0.018980
0.029142,0.036607,0.007476,0.003791,0.003385,-0.021472,0.002977,0.025061,0.014073,0.007579,0.005244,0.039588,-0.007655,0.029303,-0.016774,-0.005615,-0.018461
0.042592,0.056076,0.002800,0.023680,-0.002707,-0.021458,-0.004395,0.021869,0.012753,-0.002050,0.008593,0.041260,0.015642,0.028285,-0.023004,-0.024323,-0.025491
0.055418,0.085849,-0.005651,0.041560,-0.010750,-0.022008,-0.009747,0.016310,0.010670,-0.019678,0.007301,0.032489,0.037856,0.024303,-0.020930,-0.039875,-0.041070
0.067962,0.110221,-0.011074,0.093953,-0.017185,-0.036295,-0.007835,0.011238,0.000585,-0.024912,-0.000861,0.019152,0.046598,0.023529,0.001251,-0.046815,-0.055675
0.082332,0.139039,-0.020071,0.148004,-0.023644,-0.042653,-0.004647,-0.005558,-0.006578,-0.027723,-0.011605,0.002408,0.056916,0.023800,0.020943,-0.045858,-0.070536
0.094886,0.145388,-0.023780,0.182463,-0.028969,-0.048073,-0.006327,-0.013163,-0.018581,-0.022430,-0.019564,-0.002432,0.063170,0.030922,0.032347,-0.037813,-0.076881
0.109874,0.133569,-0.024124,0.193311,-0.031613,-0.043201,-0.012959,-0.017255,-0.026692,-0.016896,-0.032935,-0.005804,0.058644,0.037825,0.039353,-0.031095,-0.089708
0.112876,0.116146,-0.028856,0.234677,-0.031918,-0.034811,-0.016292,-0.019320,-0.030636,-0.010024,-0.034120,-0.010171,0.050507,0.039831,0.030437,-0.023176,-0.102123
0.100905,0.088841,-0.042872,0.273647,-0.030533,-0.025081,-0.017727,-0.022498,-0.031049,-0.009214,-0.030860,-0.018287,0.044495,0.040596,0.014989,0.000558,-0.114663
0.081756,0.084414,-0.061070,0.350512,-0.034552,-0.019973,-0.019246,-0.025272,-0.033806,-0.010137,-0.020760,-0.024850,0.036725,0.036310,-0.000346,0.038963,-0.120855
0.063368,0.080604,-0.069826,0.378266,-0.036184,-0.010951,-0.026873,-0.023593,-0.036424,-0.008842,-0.006480,-0.033056,0.031425,0.024843,-0.020949,0.050890,-0.117762
0.049352,0.075813,-0.072555,0.358101,-0.035726,-0.005609,-0.030769,-0.020546,-0.034099,-0.018437,0.003566,-0.037004,0.019692,0.009480,-0.040291,0.055599,-0.108196
0.034522,0.064685,-0.079127,0.360470,-0.031662,-0.017851,-0.020555,-0.013202,-0.027394,-0.024402,0.013443,-0.036941,-0.000141,-0.001892,-0.038002,0.048774,-0.092541
0.025305,0.062703,-0.081295,0.344847,-0.026338,-0.032835,-0.009605,-0.014685,-0.016059,-0.031928,0.022235,-0.033357,-0.017813,-0.012953,-0.030559,0.036351,-0.079333
0.023840,0.069679,-0.070186,0.294317,-0.014614,-0.036838,0.002400,-0.013063,-0.009104,-0.029060,0.032034,-0.028742,-0.020719,-0.014574,-0.023443,0.037834,-0.056538
0.033545,0.067296,-0.049285,0.205153,-0.003591,-0.037666,0.008610,-0.011184,-0.001973,-0.008908,0.025032,-0.021370,-0.031589,-0.007687,-0.014292,0.034263,-0.032209
0.036321,0.051686,-0.023108,0.127205,0.004009,-0.026913,0.013544,-0.007455,0.004383,0.000670,0.007720,-0.011985,-0.035038,-0.001596,-0.005190,0.014819,-0.018378
0.033083,0.019972,-0.004703,0.059377,0.008474,-0.013753,0.017421,-0.004735,0.010340,0.009167,-0.009606,-0.017499,-0.032206,-0.002309,0.006603,-0.004301,-0.012035
0.024269,-0.012164,0.004906,0.035668,0.007661,-0.006497,0.012295,-0.004083,0.014977,0.013541,-0.030326,-0.033791,-0.025649,-0.004283,0.017772,-0.013626,-0.009701
0.007319,-0.029437,0.014481,-0.004239,0.006747,0.001218,0.002563,-0.001253,0.016345,0.022676,-0.041318,-0.048606,-0.015070,-0.006851,0.019754,-0.032283,-0.006814
-0.012695,-0.047196,0.024022,-0.062062,0.010538,0.017040,-0.008891,0.001476,0.016776,0.026247,-0.041574,-0.044648,-0.003537,-0.008835,0.016347,-0.046406,0.001163
-0.035278,-0.065191,0.030271,-0.129090,0.023348,0.029465,-0.002864,0.009445,0.026266,0.035541,-0.037214,-0.037942,0.007301,-0.009215,0.004871,-0.054935,0.019887
-0.067445,-0.090771,0.035050,-0.202821,0.032450,0.026500,0.006139,0.017830,0.036225,0.042150,-0.025605,-0.029283,0.007328,-0.009529,-0.000103,-0.054905,0.035548
-0.083134,-0.099438,0.042268,-0.278207,0.051021,0.026038,0.016632,0.028124,0.043118,0.040811,-0.010039,-0.009514,0.016854,-0.009980,-0.009868,-0.044208,0.055444
-0.093443,-0.094272,0.044997,-0.336410,0.060516,0.034720,0.030311,0.037405,0.052505,0.052526,0.016104,0.017724,0.018411,-0.013190,-0.016610,-0.023590,0.072120
-0.094104,-0.090160,0.046117,-0.374594,0.064084,0.046301,0.040114,0.044166,0.055985,0.051369,0.031120,0.046761,0.021265,-0.016448,-0.022357,-0.012862,0.077913
-0.101140,-0.089648,0.045501,-0.399331,0.056312,0.047976,0.045576,0.045485,0.051848,0.044535,0.034368,0.059164,0.021599,-0.024617,-0.020800,0.000034,0.087692
-0.102425,-0.094077,0.042752,-0.387871,0.039774,0.023473,0.035821,0.031934,0.041714,0.029787,0.025964,0.052749,0.019415,-0.029668,-0.024034,0.004769,0.096469
-0.099340,-0.101998,0.034356,-0.358837,0.019984,-0.005108,0.024747,0.024791,0.026607,0.016852,0.014229,0.041363,0.017580,-0.036110,-0.023544,-0.001557,0.100833
-0.097758,-0.098978,0.021073,-0.298022,0.004894,-0.014367,0.013884,0.016592,0.009585,0.002684,0.002646,0.040886,0.010255,-0.042328,-0.022980,-0.001393,0.094572
-0.090371,-0.090627,0.021985,-0.260970,-0.001815,-0.021262,0.008194,0.014527,0.000634,-0.003419,-0.008365,0.041666,0.006713,-0.043918,-0.026625,0.008106,0.092272
-0.083912,-0.076758,0.025710,-0.230686,-0.009337,-0.024145,0.005648,0.016794,-0.005388,-0.005472,-0.021460,0.045413,-0.005498,-0.034992,-0.022379,0.016545,0.088867
-0.067921,-0.077246,0.027909,-0.207518,-0.007666,-0.029067,0.002572,0.019190,-0.012781,-0.007815,-0.035037,0.049653,-0.016089,-0.021118,-0.021360,0.015148,0.081979
-0.038511,-0.059981,0.022891,-0.181297,-0.008168,-0.007884,0.005293,0.022587,-0.010307,-0.001607,-0.029394,0.053486,-0.023791,-0.018625,-0.015772,0.014110,0.068896
-0.009856,-0.054147,0.014261,-0.138418,-0.005678,0.017129,0.003994,0.029071,-0.009386,0.007742,-0.016046,0.053645,-0.024509,-0.016298,-0.008249,0.011790,0.048740
0.006157,-0.039477,0.008621,-0.107928,-0.004871,0.041240,0.002696,0.033147,-0.006208,0.022459,-0.008942,0.034236,-0.023236,-0.015281,0.000185,0.008140,0.032083
0.015836,-0.026117,0.001915,-0.064760,-0.000928,0.041851,-0.003581,0.018318,-0.006523,0.033414,-0.003340,0.016219,-0.022120,-0.011512,-0.002180,-0.000062,0.018745
0.021160,-0.023039,-0.006381,-0.033040,0.001862,0.034467,-0.013182,0.010554,-0.006603,0.040205,-0.001072,-0.003792,-0.017898,-0.009098,-0.005370,-0.013914,0.013306
0.020924,-0.006320,-0.017011,-0.001810,0.008683,0.031674,-0.017726,0.005268,-0.006284,0.041790,-0.003209,-0.019504,-0.012555,-0.008847,-0.007390,-0.012236,0.006127
0.014272,0.004984,-0.019901,0.017719,0.009462,0.023734,-0.014642,0.001889,-0.005914,0.034917,-0.002571,-0.024388,-0.006119,-0.008994,-0.001946,0.000693,-0.002676
0.008674,0.020217,-0.018559,0.041135,0.015662,0.025178,-0.002992,-0.000552,-0.006057,0.019601,-0.000227,-0.017168,-0.006510,-0.005779,0.000811,0.014156,-0.003270
0.002568,0.019297,-0.014628,0.051323,0.018825,0.022707,0.005301,-0.001728,-0.007275,0.000736,0.002255,-0.002849,-0.007878,0.000629,0.002397,0.022858,-0.000698
0.006740,0.010468,-0.009867,0.053541,0.016889,0.027980,0.016234,-0.001316,-0.006270,-0.020561,0.003394,0.011464,-0.007835,0.001489,0.005733,0.024389,0.003059
0.007850,-0.001329,-0.005776,0.045819,0.013620,0.031657,0.024059,0.002413,-0.007941,-0.029698,0.003651,0.031849,-0.004396,-0.004758,0.009528,0.023461,0.009285
0.004626,-0.012957,-0.000136,0.025665,0.010728,0.029543,0.029047,0.011171,-0.005749,-0.020534,0.003923,0.029589,-0.000103,-0.012192,0.012819,0.016786,0.014036
-0.005156,-0.018675,0.006901,0.013345,0.013895,0.012907,0.030796,0.016427,0.000394,-0.005579,0.004178,0.026818,0.004973,-0.016627,0.008885,0.012068,0.021555
-0.012988,-0.022802,0.012608,-0.002827,0.015580,-0.004173,0.028367,0.022899,0.007926,0.012370,0.003394,0.019017,0.006763,-0.019341,-0.000424,-0.018150,0.026438
-0.017640,-0.013520,0.018344,-0.026609,0.018265,-0.014056,0.027981,0.028681,0.015533,0.030952,0.001341,0.010852,0.008283,-0.017806,-0.010008,-0.021950,0.031440
-0.021489,-0.011640,0.021688,-0.048643,0.017939,-0.013064,0.026932,0.031424,0.023299,0.045318,-0.001917,0.006219,0.008778,-0.015428,0.002464,-0.023641,0.033772
-0.027805,-0.020147,0.022365,-0.053981,0.021372,-0.003414,0.023666,0.032865,0.023755,0.052583,-0.003039,0.003102,0.009936,-0.011821,0.012619,-0.014831,0.035235
-0.030518,-0.026670,0.016858,-0.071982,0.020733,0.004093,0.011325,0.032040,0.019022,0.053476,-0.005217,0.003891,0.009900,-0.003234,0.025978,-0.002813,0.034518
-0.028914,-0.043990,0.010204,-0.078747,0.019229,0.012429,0.001443,0.024434,0.012579,0.039202,-0.005519,0.003497,0.009608,0.007867,0.026268,0.009072,0.024591
-0.021275,-0.061108,0.005333,-0.077553,0.016366,0.006141,-0.006688,0.011450,0.006989,0.018756,-0.015404,0.004704,0.005723,0.011378,0.025800,0.018952,0.014556
-0.013746,-0.064756,0.004840,-0.060737,0.013242,-0.003668,-0.013822,0.001603,0.002856,0.003174,-0.016447,-0.000478,0.001226,0.005626,0.021708,0.021010,0.006528
-0.008843,-0.056365,0.004996,-0.038222,0.010923,-0.022985,-0.022158,-0.006293,0.001874,-0.011171,-0.016903,-0.005251,0.000205,0.000041,0.008118,0.023831,0.004166
0.007822,-0.041675,0.007938,-0.022361,0.008312,-0.015573,-0.026339,-0.015578,-0.000243,-0.027597,-0.011880,-0.003765,0.001895,-0.005819,-0.009713,0.002981,-0.001276
0.022149,-0.028097,0.013899,-0.011935,0.011004,-0.009369,-0.014785,-0.020136,-0.001119,-0.035875,-0.004153,-0.000694,0.008149,-0.006168,-0.028366,-0.008901,-0.001901
0.025740,-0.018276,0.020025,-0.007558,0.016708,0.003533,0.007645,-0.015428,0.003397,-0.030011,0.012617,0.002433,0.007428,-0.011769,-0.028735,-0.027150,0.005296
0.022018,-0.003808,0.033581,-0.005002,0.029943,0.025116,0.023881,0.003833,0.005883,-0.004782,0.024549,0.007836,-0.002325,-0.018428,-0.024950,-0.032520,0.042133
0.038440,0.010742,0.038498,-0.021798,0.037687,0.034666,0.027981,0.021356,0.014245,0.019585,0.029885,0.012369,-0.009768,-0.021814,-0.007858,-0.024179,0.106997
0.061397,0.031383,0.017599,-0.033505,0.029775,0.014983,0.007066,0.022577,0.022097,0.027467,0.017146,0.006220,-0.014899,-0.045091,0.000403,-0.007867,0.228032
0.091893,0.044862,-0.018863,-0.043979,0.000369,-0.068929,-0.056629,0.007895,0.029419,0.025169,-0.003157,-0.005797,-0.022707,-0.078128,0.009527,0.019340,0.367203
0.122751,0.072477,-0.048527,-0.041000,-0.031840,-0.160366,-0.116866,-0.006291,0.028752,0.022147,-0.007249,-0.038272,-0.032311,-0.104603,0.009262,0.049870,0.469750
0.137893,0.095512,-0.067640,-0.033736,-0.060805,-0.254628,-0.163648,-0.015928,0.025260,0.013267,0.001783,-0.058979,-0.037849,-0.121115,0.004010,0.072804,0.526975
0.164151,0.107907,-0.078826,-0.036876,-0.083716,-0.308128,-0.194209,-0.029053,0.017271,-0.003811,0.009611,-0.069910,-0.036547,-0.124906,-0.001822,0.072973,0.529945
0.172879,0.110628,-0.079601,-0.033264,-0.092228,-0.323827,-0.207992,-0.039895,0.001497,-0.026232,0.014168,-0.068578,-0.024906,-0.117897,0.004304,0.065138,0.481976
0.163019,0.092927,-0.075530,-0.032619,-0.099726,-0.314498,-0.193579,-0.042942,-0.011838,-0.041975,0.026911,-0.055689,-0.014636,-0.102955,0.008704,0.044690,0.382477
0.132122,0.076172,-0.059195,-0.016741,-0.087193,-0.259903,-0.158509,-0.032478,-0.030788,-0.045674,0.044327,-0.031200,-0.011296,-0.072839,0.008356,0.019565,0.257970
0.110205,0.054918,-0.031355,-0.002532,-0.063930,-0.186390,-0.103135,-0.021894,-0.037159,-0.043448,0.059131,-0.003590,-0.006925,-0.031805,0.005947,0.000131,0.127432
0.095754,0.021517,-0.011291,0.013861,-0.047830,-0.118742,-0.046269,-0.008029,-0.035630,-0.050277,0.051124,0.014847,-0.010613,-0.019132,0.000000,-0.003628,0.062326
0.086008,-0.008724,-0.006380,0.046558,-0.048028,-0.087165,-0.028357,-0.020321,-0.029674,-0.065510,0.035476,0.024274,-0.023693,-0.036219,0.001266,0.002496,0.045682
0.080419,-0.024594,-0.006312,0.080713,-0.051252,-0.058509,-0.013442,-0.016230,-0.029400,-0.071210,0.021209,0.019781,-0.041386,-0.046260,0.009130,0.024173,0.039511
0.076040,-0.028978,-0.001453,0.104102,-0.051776,-0.043243,0.006565,-0.016423,-0.025765,-0.068874,0.015198,0.029427,-0.057106,-0.047395,0.012844,0.042293,0.035682
0.084434,-0.009309,0.013206,0.116835,-0.046782,-0.029980,0.025702,-0.014201,-0.017320,-0.059268,0.008514,0.030900,-0.065821,-0.042825,0.000442,0.041068,0.028151
0.087014,0.023189,0.029052,0.105232,-0.037822,-0.013555,0.027362,-0.019439,-0.012465,-0.048456,0.000119,0.029306,-0.068073,-0.041565,0.001851,0.035530,0.024322
0.109031,0.051018,0.042404,0.080523,-0.035222,-0.015637,0.018015,-0.023774,-0.012172,-0.031326,-0.010391,0.024373,-0.070664,-0.045882,0.003401,0.008002,0.024495
0.137283,0.085562,0.045480,0.067611,-0.063454,-0.020933,0.004504,-0.052667,-0.034899,-0.034510,-0.013251,0.032961,-0.069001,-0.053882,-0.011622,-0.039937,0.028899
0.150291,0.098574,0.048239,0.051011,-0.097952,-0.028278,-0.009145,-0.091354,-0.076064,-0.031114,-0.023263,0.038115,-0.064047,-0.062236,-0.060098,-0.081314,0.036868
0.156400,0.106223,0.056261,0.025176,-0.124434,-0.034987,-0.016244,-0.112951,-0.113147,-0.030219,-0.030725,0.053819,-0.052271,-0.075806,-0.103476,-0.096676,0.054545
0.142028,0.094212,0.060287,-0.007177,-0.164762,-0.044074,-0.033383,-0.163453,-0.143227,-0.029795,-0.032426,0.053191,-0.044810,-0.094260,-0.192351,-0.087538,0.068917
0.095686,0.070146,0.055971,-0.026583,-0.187478,-0.051675,-0.042065,-0.185920,-0.182158,-0.027906,-0.021267,0.089199,0.001174,-0.062696,-0.296746,-0.080271,0.079014
0.049590,0.026889,0.040848,-0.046204,-0.197218,-0.059730,-0.039645,-0.191514,-0.216845,0.020612,0.020188,0.168769,0.064551,-0.025688,-0.398201,-0.066472,0.081448
-0.022196,-0.004658,0.033974,-0.050359,-0.184277,-0.052259,-0.027874,-0.168312,-0.235656,0.071834,0.060366,0.261556,0.139280,0.005608,-0.463580,-0.046436,0.070404
-0.103548,-0.056786,0.037471,-0.076548,-0.150607,-0.005711,-0.013306,-0.128581,-0.235709,0.113489,0.100326,0.320736,0.196111,0.018815,-0.477475,-0.039412,0.039996
-0.161942,-0.094355,0.044420,-0.092193,-0.093228,0.071745,0.014385,-0.068769,-0.223033,0.144236,0.129853,0.337757,0.232833,0.014676,-0.453262,-0.039480,-0.004478
-0.182896,-0.106909,0.058762,-0.088105,-0.054104,0.125326,0.049634,-0.025351,-0.202835,0.136769,0.145608,0.325570,0.251193,-0.000514,-0.374739,-0.057413,-0.053663
-0.206006,-0.133665,0.070718,-0.059698,-0.020464,0.165802,0.091588,0.023598,-0.195889,0.089435,0.152480,0.275058,0.236966,-0.025513,-0.284283,-0.071686,-0.095092
-0.212407,-0.128304,0.080406,-0.021425,0.026196,0.224543,0.138370,0.070665,-0.173241,0.035603,0.138390,0.211641,0.214705,-0.058478,-0.136106,-0.085917,-0.137080
-0.198490,-0.121775,0.086127,0.000554,0.053697,0.283068,0.161280,0.082930,-0.131383,-0.013531,0.100508,0.134446,0.159532,-0.091336,-0.019751,-0.083748,-0.169036
-0.188856,-0.128861,0.095753,0.021445,0.077414,0.307407,0.164961,0.074103,-0.090272,-0.066979,0.054600,0.067776,0.124952,-0.069718,0.043447,-0.081798,-0.200190
-0.163932,-0.147231,0.092355,0.016330,0.094562,0.311790,0.153495,0.056554,-0.041701,-0.067783,0.034524,-0.001077,0.100273,-0.025926,0.087341,-0.052764,-0.222274
-0.146808,-0.154168,0.083894,0.011619,0.101608,0.272926,0.128415,0.039599,0.008196,-0.053668,0.005124,-0.027537,0.088305,0.029010,0.116770,-0.020026,-0.227032
-0.138464,-0.173101,0.085257,-0.034431,0.096390,0.229237,0.092760,0.028688,0.053991,-0.045908,-0.024914,-0.056378,0.070769,0.063084,0.130959,-0.020882,-0.215333
-0.122291,-0.173961,0.086366,-0.075065,0.094149,0.239663,0.066790,0.021165,0.087904,-0.029342,-0.048936,-0.082468,0.050844,0.086644,0.106946,-0.034447,-0.196066
-0.091365,-0.161841,0.093984,-0.099259,0.083926,0.219607,0.033636,0.008235,0.109631,-0.012104,-0.069173,-0.105584,0.028789,0.103769,0.086003,-0.050613,-0.170089
-0.068320,-0.142003,0.092535,-0.090744,0.069152,0.180431,0.010983,0.002196,0.106406,-0.030011,-0.069446,-0.131056,-0.001108,0.114990,0.062770,-0.060800,-0.138348
-0.047105,-0.103291,0.084086,-0.070571,0.055724,0.149577,0.002577,-0.001801,0.095044,-0.038987,-0.070445,-0.140023,-0.017738,0.121059,0.047886,-0.070860,-0.116377
-0.021767,-0.046374,0.072257,-0.036002,0.047394,0.122688,0.005170,0.002572,0.079672,-0.042138,-0.068584,-0.109342,-0.039550,0.111475,0.033347,-0.083633,-0.090638
-0.007291,-0.003984,0.063694,0.009140,0.042055,0.085114,0.005533,0.002910,0.058412,-0.038865,-0.059931,-0.062770,-0.047517,0.090408,0.024974,-0.080906,-0.070911
-0.000505,0.017737,0.055456,0.029266,0.040830,0.074660,0.011063,0.000109,0.045201,-0.024985,-0.036887,-0.054746,-0.050997,0.074124,0.038568,-0.047255,-0.058197
0.006426,0.036386,0.047399,0.051923,0.038052,0.052526,0.016321,-0.005067,0.035474,-0.006602,-0.020248,-0.043160,-0.040015,0.062706,0.055277,-0.014326,-0.054722
0.016211,0.047544,0.023794,0.050172,0.033275,0.018904,0.026542,-0.002154,0.029843,0.000162,-0.019602,-0.055199,-0.021142,0.043950,0.056495,-0.006866,-0.049140
0.022091,0.046592,0.004952,0.043165,0.034643,0.020182,0.039317,0.003866,0.027677,0.006522,-0.015665,-0.062645,0.000898,0.030213,0.042013,-0.010381,-0.047210
0.018581,0.028933,-0.009676,0.029337,0.032704,0.018836,0.039790,0.008026,0.022811,0.012954,-0.008437,-0.062492,0.016742,0.016347,0.022546,-0.013598,-0.038405
0.006476,-0.004640,-0.027700,0.022145,0.028879,0.017032,0.038029,0.004850,0.012261,0.023427,-0.000348,-0.031492,0.025986,0.014992,0.007978,-0.014548,-0.030431
-0.003996,-0.037401,-0.038714,0.000819,0.023500,0.012888,0.035127,0.003968,0.004219,0.034015,0.001168,-0.003725,0.029719,0.020057,-0.007053,-0.016125,-0.026077
-0.012834,-0.038148,-0.040043,-0.014171,0.015241,0.001185,0.036323,0.009575,0.002168,0.034566,0.002562,0.015697,0.021959,0.016627,-0.019867,-0.018328,-0.022994
-0.019109,-0.024433,-0.028475,-0.025168,0.013199,-0.007291,0.031706,0.013848,0.000864,0.026818,0.006030,0.033780,0.020537,0.010917,-0.008765,-0.006756,-0.018257
-0.019413,-0.007752,-0.006444,-0.035821,0.007118,-0.003106,0.029378,0.009084,-0.000076,0.017970,0.016608,0.041602,0.016229,0.009327,0.001796,0.014490,-0.012060
-0.020501,0.026583,0.023084,-0.033333,0.000115,-0.014593,0.024071,-0.000197,-0.002030,0.008447,0.025878,0.045198,0.018128,0.006268,0.005672,0.029666,-0.007568
-0.008881,0.057566,0.032556,-0.024534,-0.003185,-0.021783,0.022327,-0.003537,-0.002885,-0.000793,0.025705,0.022964,0.014392,0.000688,0.001481,0.028303,-0.003143
0.000232,0.067085,0.033396,0.005365,-0.003054,-0.023192,0.019158,-0.006443,-0.003099,-0.011211,0.022705,-0.006942,0.009705,-0.005618,-0.004624,0.009848,-0.012400
0.001894,0.055489,0.020556,0.032990,-0.002349,-0.018774,0.020143,-0.012155,-0.005334,-0.019513,0.015662,-0.041498,0.008160,-0.009971,-0.015259,-0.015162,-0.018869
-0.011338,0.020214,0.001863,0.056887,-0.010214,-0.017937,0.019166,-0.017150,-0.012142,-0.009385,0.008524,-0.036487,0.007128,0.001091,-0.024792,-0.031572,-0.023809
-0.022720,-0.032357,-0.015839,0.059513,-0.014835,-0.021547,0.023983,-0.017258,-0.017564,0.003176,0.000562,-0.024818,0.008059,0.012047,-0.032217,-0.039695,-0.025771
-0.035146,-0.066545,-0.033087,0.063524,-0.018937,-0.020798,0.027747,-0.022071,-0.016784,0.012916,-0.008863,-0.012767,0.006655,0.010240,-0.026579,-0.032630,-0.026342
-0.044111,-0.084735,-0.041258,0.048232,-0.018570,-0.024510,0.026626,-0.023080,-0.013550,0.020431,-0.026257,0.003840,0.009878,0.007376,-0.004825,-0.021586,-0.024815
-0.046184,-0.104994,-0.044018,0.027319,-0.018686,-0.021437,0.023982,-0.025576,-0.009362,0.022794,-0.030902,0.018151,0.010199,0.006945,0.017891,-0.013464,-0.020570
-0.041976,-0.084432,-0.036257,0.005271,-0.020487,-0.033157,0.020539,-0.024896,-0.005679,0.025160,-0.040964,0.027098,0.009038,0.005865,0.021624,-0.003323,-0.013807
-0.032768,-0.054292,-0.014527,-0.018793,-0.021937,-0.038900,0.015919,-0.021094,-0.001315,0.022547,-0.037236,0.027832,0.003194,0.002279,0.018730,0.012762,-0.005744
-0.022736,-0.007332,0.004108,-0.025081,-0.018205,-0.035575,0.008687,-0.013729,0.003732,0.013876,-0.033824,0.017080,-0.001206,-0.005280,0.006317,0.022077,-0.004301
-0.002752,0.035247,-0.011786,-0.028397,-0.011539,-0.026587,-0.003306,-0.011283,0.005548,0.005744,-0.027878,0.001716,-0.005388,-0.009872,-0.002188,0.011283,0.054194
0.071937,0.100755,-0.069868,0.035679,-0.034587,-0.104126,-0.063449,-0.044422,0.004045,-0.020427,-0.024699,-0.016464,-0.028833,-0.008113,-0.011768,0.010521,0.203068
0.147160,0.172909,-0.115579,0.083093,-0.056414,-0.196632,-0.111752,-0.067617,0.004491,-0.046281,-0.020771,-0.032705,-0.059550,-0.020332,-0.018293,0.012203,0.328178
0.198139,0.221053,-0.159646,0.098355,-0.070348,-0.255250,-0.142785,-0.086220,0.008812,-0.062221,-0.013745,-0.044039,-0.084339,-0.038520,-0.015945,0.023588,0.407021
0.217475,0.249877,-0.193619,0.098046,-0.076489,-0.288076,-0.153576,-0.095980,0.011698,-0.067229,-0.014276,-0.041520,-0.104016,-0.052364,-0.011685,0.015135,0.442445
0.209975,0.237190,-0.200903,0.084017,-0.074988,-0.279384,-0.150673,-0.088374,0.014108,-0.068794,-0.007006,-0.039683,-0.109180,-0.058155,-0.005859,0.003937,0.427713
0.168921,0.194679,-0.174080,0.064015,-0.059740,-0.223144,-0.131034,-0.059509,0.015342,-0.066562,-0.008876,-0.034286,-0.102343,-0.056461,-0.005432,-0.006055,0.345406
0.102350,0.131176,-0.113628,0.035570,-0.030699,-0.142532,-0.076298,-0.026343,0.015098,-0.057405,0.000965,-0.020524,-0.072321,-0.047610,-0.014211,-0.029615,0.208905
0.022411,0.070812,-0.030669,-0.003917,0.001333,-0.010503,-0.009580,0.018160,0.006720,-0.038050,0.009218,-0.014342,-0.028214,-0.030418,-0.043877,-0.048617,0.022572
-0.072164,-0.019479,0.049730,-0.077932,0.035844,0.136059,0.070640,0.061417,-0.006058,-0.005766,0.017194,-0.006721,0.033483,-0.004744,-0.060265,-0.066624,-0.144828
-0.116055,-0.092497,0.080915,-0.088703,0.048427,0.217503,0.094714,0.067476,-0.017910,0.014925,0.017429,0.025193,0.069281,0.022785,-0.079294,-0.062631,-0.213672
-0.127212,-0.117401,0.116177,-0.083553,0.056365,0.245756,0.111281,0.069058,-0.025554,0.036986,0.015879,0.054511,0.084445,0.037434,-0.084376,-0.041141,-0.251592
-0.119867,-0.118096,0.133644,-0.098850,0.057994,0.251453,0.118580,0.064357,-0.020090,0.056316,0.018285,0.060874,0.089660,0.042914,-0.074911,-0.014167,-0.281550
-0.105680,-0.103008,0.136863,-0.103112,0.051738,0.224097,0.116685,0.050394,-0.013570,0.067525,0.043995,0.059539,0.077603,0.038115,-0.063016,-0.000999,-0.280522
-0.092694,-0.078051,0.126784,-0.104382,0.034123,0.184801,0.102259,0.029337,-0.005998,0.072505,0.065478,0.049220,0.062467,0.025772,-0.045208,-0.001626,-0.261259
-0.079439,-0.067909,0.122530,-0.078587,0.018838,0.147883,0.075760,0.024276,-0.002278,0.062901,0.073539,0.031947,0.037085,0.010847,-0.017472,0.008078,-0.233899
-0.062620,-0.048021,0.110113,-0.044191,0.008055,0.081777,0.059461,0.012226,0.000635,0.045278,0.081955,0.019728,0.010733,-0.003672,0.006864,0.004137,-0.201393
-0.036112,-0.015556,0.094342,-0.012993,-0.005554,0.034581,0.037666,0.008871,-0.003905,0.026755,0.083058,-0.003371,-0.012976,-0.010977,0.013176,-0.001011,-0.162115
-0.018135,0.004264,0.075938,-0.004725,-0.021811,-0.015949,0.027422,0.002784,-0.013108,0.011724,0.075100,-0.027871,-0.008940,-0.011945,0.008890,-0.009957,-0.129980
-0.015777,0.007590,0.050136,-0.014917,-0.040152,-0.032047,0.014613,0.004370,-0.021990,-0.007401,0.059417,-0.021648,-0.008933,-0.007959,-0.009522,-0.020538,-0.107843
-0.013960,0.000660,0.029410,-0.022905,-0.046534,-0.047893,0.008179,0.009160,-0.033823,-0.019735,0.034379,-0.009238,-0.001125,0.001338,-0.028062,-0.024267,-0.082345
-0.007629,-0.007907,0.014515,-0.034346,-0.045920,-0.056965,0.002036,0.012183,-0.038257,-0.029594,0.008671,-0.004711,0.008908,0.009626,-0.039671,-0.025628,-0.068021
-0.003967,-0.013094,0.006418,-0.037630,-0.039814,-0.066650,-0.007176,0.014121,-0.038765,-0.043548,0.003247,-0.030199,0.018099,0.013124,-0.049993,-0.019392,-0.051276
-0.011582,-0.026197,-0.005501,-0.039009,-0.031767,-0.065488,-0.013407,0.007850,-0.033856,-0.042576,0.001799,-0.045428,0.017103,0.012696,-0.053341,-0.020506,-0.040214
-0.015292,-0.042642,-0.010079,-0.012014,-0.024827,-0.059148,-0.016233,0.002219,-0.031839,-0.048001,-0.004871,-0.047951,0.014120,0.014972,-0.038437,0.005206,-0.029412
-0.013642,-0.053671,-0.011913,0.016158,-0.022472,-0.068287,-0.014713,-0.007996,-0.028871,-0.037211,-0.007359,-0.044158,-0.001308,0.015347,-0.015410,0.025197,-0.022507
-0.011462,-0.058181,-0.008684,0.033757,-0.019061,-0.069236,-0.011469,-0.014781,-0.025185,-0.026276,-0.012149,-0.043695,-0.015332,0.015133,0.001938,0.043641,-0.015784
-0.006235,-0.048139,-0.007060,0.057477,-0.014911,-0.055964,-0.005189,-0.025178,-0.022732,-0.011160,-0.014885,-0.037582,-0.015619,0.012992,0.012408,0.040963,-0.013237
0.000753,-0.044488,-0.016325,0.071780,-0.024315,-0.020040,0.000449,-0.030699,-0.020101,-0.003401,-0.006329,-0.025171,-0.015661,0.016179,0.015960,0.032893,-0.017176
0.006002,-0.039957,-0.025955,0.078851,-0.033487,0.002814,-0.001633,-0.033334,-0.020175,-0.000526,-0.001029,-0.014034,-0.011948,0.020070,0.016845,0.028593,-0.019440
0.010497,-0.036421,-0.028471,0.075582,-0.037699,0.018285,-0.008019,-0.032278,-0.021516,0.001138,-0.000655,0.003583,-0.005967,0.018133,0.020662,0.018084,-0.018743
0.006104,-0.027039,-0.031146,0.066162,-0.037552,0.023787,-0.017240,-0.023524,-0.021457,-0.005205,-0.002064,-0.005800,0.001713,0.013864,0.020462,0.005272,-0.016781
0.000908,-0.024699,-0.033127,0.046970,-0.032045,0.031772,-0.029707,-0.009254,-0.017665,-0.002568,-0.006262,-0.016429,0.001809,0.008887,0.018124,-0.013402,-0.012525
-0.002798,-0.033328,-0.032009,0.035469,-0.030246,0.030706,-0.037106,-0.002304,-0.013761,-0.017981,-0.008280,-0.022320,-0.000674,0.005812,0.021102,-0.012354,-0.013463
-0.004209,-0.035432,-0.021672,0.013986,-0.029779,0.013376,-0.035095,0.007807,-0.008330,-0.017988,-0.005371,-0.032929,-0.005362,0.002241,0.022443,-0.007322,-0.013083
0.003195,-0.018332,-0.007025,-0.007045,-0.025849,-0.005658,-0.023408,0.015451,-0.002155,-0.019420,-0.006742,-0.045397,-0.007344,-0.001358,0.017776,-0.009080,-0.010751
0.012023,0.007097,0.011425,-0.016676,-0.016771,-0.018477,-0.009145,0.021388,0.001234,-0.016648,-0.009097,-0.048882,0.004934,-0.005177,0.007254,-0.028563,-0.006909
0.010189,0.007368,0.012700,-0.037999,-0.012703,-0.025366,0.006602,0.026861,0.000505,-0.007944,0.009271,-0.048579,0.014621,-0.002690,-0.006551,-0.039980,-0.008448
0.008501,0.009005,0.009309,-0.051354,-0.010637,-0.028999,0.014728,0.027262,-0.001197,-0.000429,0.026086,-0.051232,0.019274,0.002166,-0.019147,-0.038351,-0.009031
0.006959,0.010434,0.008956,-0.055432,-0.007393,-0.023338,0.018937,0.024725,-0.003443,0.005581,0.034973,-0.048376,0.021824,0.004947,-0.024197,-0.032937,-0.008230
0.002970,0.012985,0.005709,-0.055461,-0.002971,-0.022476,0.021663,0.023463,-0.005522,0.011421,0.038523,-0.040010,0.021564,0.007251,-0.024501,-0.020652,-0.007700
-0.001392,0.015594,0.001574,-0.050607,0.001591,-0.015014,0.017039,0.023070,-0.006012,0.017091,0.033774,-0.027422,0.021170,0.009077,-0.023540,-0.013202,-0.006671
-0.007639,0.003809,-0.003449,-0.040752,0.002344,-0.011096,0.009942,0.016843,-0.005210,0.013281,0.024703,-0.013540,0.016167,0.008616,-0.016625,-0.005399,-0.006213
-0.014561,-0.010808,-0.004759,-0.031696,0.001448,-0.010600,0.003079,0.011267,-0.003788,0.009852,0.019096,-0.005374,0.008784,0.006940,-0.010456,0.004520,-0.005116
-0.009293,-0.009367,-0.003982,-0.018112,0.000234,-0.009174,0.001523,0.003538,-0.001746,0.004874,0.010912,-0.003071,-0.000977,0.003972,-0.002309,0.005277,-0.002923
