AU01,AU02,AU04,AU05,AU06,AU07,AU09,AU10,AU12,AU14,AU15,AU17,AU20,AU23,AU25,AU26,AU45
-0.055716,-0.020870,-0.024137,-0.016911,-0.005482,-0.003235,-0.001521,-0.011863,-0.003905,-0.007388,-0.020824,-0.011213,-0.016013,-0.003320,-0.001377,-0.011324,0.026019
-0.055338,-0.022233,-0.024497,-0.016127,-0.005066,-0.002173,-0.001290,-0.011564,-0.001875,-0.006154,-0.022230,-0.011657,-0.016035,-0.002178,-0.001777,-0.012088,0.026461
-0.054634,-0.023652,-0.024877,-0.018053,-0.004398,-0.001147,-0.001057,-0.010137,0.001679,-0.002932,-0.022374,-0.013373,-0.015664,-0.001101,-0.003474,-0.012705,0.026723
-0.053689,-0.025925,-0.024968,-0.021885,-0.002368,-0.000159,0.000342,-0.005301,0.006074,0.001555,-0.020193,-0.014730,-0.015152,-0.000216,-0.005794,-0.014053,0.026876
-0.051867,-0.027776,-0.026158,-0.025198,0.000831,0.002218,0.001652,-0.000325,0.010787,0.007111,-0.017751,-0.015869,-0.016015,0.000610,-0.008055,-0.015186,0.026876
-0.049803,-0.029202,-0.027310,-0.027074,0.004437,0.008039,0.002665,0.006536,0.016425,0.013128,-0.013550,-0.015925,-0.018437,0.001381,-0.010099,-0.015759,0.027551
-0.046828,-0.029653,-0.028038,-0.028503,0.007856,0.015866,0.003592,0.013735,0.023198,0.018717,-0.009429,-0.015830,-0.021401,0.001806,-0.011750,-0.012850,0.027842
-0.043734,-0.032169,-0.028116,-0.029874,0.011875,0.023879,0.002898,0.021740,0.030357,0.023983,-0.005590,-0.018095,-0.023896,0.001277,-0.009847,-0.009074,0.027750
-0.039636,-0.031980,-0.027341,-0.030891,0.015939,0.032702,0.002251,0.030085,0.039164,0.028665,-0.001828,-0.022987,-0.026090,-0.000679,-0.001413,-0.004039,0.026253
-0.033120,-0.031386,-0.025160,-0.031511,0.021017,0.041234,0.002227,0.040082,0.052283,0.032965,-0.000395,-0.028740,-0.028847,-0.002612,0.013401,0.005200,0.022870
-0.019058,-0.027711,-0.018850,-0.033245,0.026868,0.049797,0.002208,0.051872,0.067730,0.035710,0.001148,-0.037257,-0.033168,-0.008078,0.032060,0.014308,0.016144
-0.004559,-0.020189,-0.012377,-0.035794,0.032241,0.058301,0.001964,0.062637,0.082768,0.038115,0.002701,-0.045202,-0.036070,-0.013420,0.053304,0.023400,0.009070
0.009746,-0.012748,-0.004266,-0.039857,0.039766,0.069541,0.001031,0.072131,0.098926,0.040181,0.002414,-0.056044,-0.038771,-0.018924,0.074955,0.032199,0.002051
0.023723,-0.006530,0.003701,-0.044328,0.049024,0.079989,0.000158,0.080618,0.115715,0.042814,0.002174,-0.069764,-0.040763,-0.024516,0.099121,0.040416,-0.004874
0.037108,-0.002020,0.011525,-0.048027,0.059346,0.089167,-0.002005,0.090798,0.134099,0.045039,0.001611,-0.087790,-0.042590,-0.029793,0.126082,0.047947,-0.011450
0.047341,0.000996,0.017060,-0.055267,0.071547,0.097953,-0.004130,0.098104,0.151305,0.046359,-0.000388,-0.106033,-0.044742,-0.036282,0.150485,0.054609,-0.016808
0.055353,0.002542,0.022029,-0.061219,0.083554,0.107506,-0.005947,0.103468,0.167335,0.045857,-0.004072,-0.121712,-0.048089,-0.042218,0.174223,0.060465,-0.020361
0.061072,0.002390,0.025829,-0.067257,0.095629,0.116452,-0.006718,0.107161,0.180915,0.046222,-0.008342,-0.135918,-0.050758,-0.047691,0.195197,0.065610,-0.023476
0.063335,0.001180,0.029988,-0.072584,0.108371,0.124978,-0.005813,0.109632,0.192510,0.046262,-0.012874,-0.149613,-0.053612,-0.052125,0.212887,0.071623,-0.024487
0.064560,-0.001327,0.033430,-0.077600,0.120212,0.134600,-0.004942,0.111426,0.201937,0.046894,-0.018703,-0.162049,-0.055987,-0.055732,0.227613,0.077283,-0.024149
0.063234,-0.004880,0.035919,-0.079773,0.131347,0.142911,-0.003863,0.111859,0.209018,0.047013,-0.022846,-0.171989,-0.057644,-0.058844,0.240544,0.082639,-0.022872
0.060516,-0.008185,0.037742,-0.083072,0.140461,0.146464,-0.002157,0.110714,0.213537,0.046185,-0.027668,-0.179985,-0.058016,-0.060526,0.250689,0.086956,-0.020718
0.056956,-0.011243,0.039380,-0.086816,0.147945,0.147725,-0.000685,0.106926,0.215357,0.044505,-0.032286,-0.187939,-0.057451,-0.061578,0.259087,0.089514,-0.017514
0.052776,-0.012741,0.040789,-0.089982,0.153247,0.148005,0.001673,0.101938,0.214622,0.043511,-0.037769,-0.194349,-0.054317,-0.062411,0.263785,0.091745,-0.014275
0.047643,-0.013466,0.041778,-0.090049,0.157305,0.146956,0.003505,0.095919,0.211262,0.041949,-0.043020,-0.196845,-0.051075,-0.062588,0.265466,0.093019,-0.011140
0.041574,-0.014699,0.041005,-0.090119,0.158942,0.143848,0.005515,0.089184,0.206432,0.039953,-0.048060,-0.195326,-0.047833,-0.062007,0.264709,0.094095,-0.008250
0.035799,-0.014771,0.040450,-0.088762,0.158775,0.139012,0.007513,0.081174,0.199123,0.037211,-0.052719,-0.191191,-0.044113,-0.060727,0.259768,0.093510,-0.006094
0.030314,-0.014633,0.038567,-0.085524,0.157652,0.134577,0.009660,0.072077,0.190112,0.035448,-0.057153,-0.184863,-0.039788,-0.058874,0.252230,0.090973,-0.004172
0.024680,-0.015997,0.037250,-0.080890,0.154867,0.128269,0.012210,0.061979,0.179373,0.032888,-0.061127,-0.177018,-0.034580,-0.054930,0.241098,0.087929,-0.002250
0.018522,-0.017493,0.035256,-0.078190,0.150203,0.120014,0.014524,0.051878,0.167416,0.031240,-0.060794,-0.168763,-0.028528,-0.049926,0.225169,0.083540,0.000074
0.011111,-0.020546,0.032873,-0.076143,0.144928,0.110235,0.017996,0.044195,0.154116,0.030508,-0.057883,-0.158215,-0.021824,-0.044222,0.205043,0.076983,0.002634
0.003719,-0.023544,0.028552,-0.072079,0.139274,0.100477,0.021501,0.035998,0.138971,0.031221,-0.054471,-0.145493,-0.016146,-0.037087,0.181661,0.070105,0.005412
-0.004463,-0.027042,0.023354,-0.066194,0.132432,0.092934,0.024697,0.030083,0.122714,0.032382,-0.049038,-0.130223,-0.011959,-0.028911,0.155170,0.062561,0.009159
-0.012557,-0.030010,0.017637,-0.061218,0.123966,0.086354,0.027662,0.024143,0.105667,0.033169,-0.043185,-0.112669,-0.008558,-0.020448,0.126497,0.056730,0.013067
-0.021535,-0.035789,0.011159,-0.055645,0.114541,0.078224,0.028654,0.018383,0.087752,0.033745,-0.037771,-0.095535,-0.004741,-0.012835,0.098830,0.050627,0.017080
-0.030554,-0.039115,0.004338,-0.049166,0.103695,0.070054,0.029259,0.012731,0.070271,0.034019,-0.030777,-0.078727,-0.000950,-0.006375,0.075660,0.044953,0.020160
-0.037779,-0.041842,-0.001769,-0.039960,0.092433,0.061223,0.029680,0.008992,0.056457,0.034222,-0.025553,-0.061662,0.002222,0.000499,0.057536,0.043107,0.021624
-0.037309,-0.041129,-0.003465,-0.031630,0.080406,0.052156,0.029857,0.007684,0.045437,0.032791,-0.018769,-0.047661,0.003782,0.003602,0.043547,0.041761,0.019490
-0.035744,-0.035343,-0.004904,-0.023324,0.066907,0.043751,0.029541,0.005593,0.034168,0.030386,-0.011679,-0.032841,0.007057,0.006789,0.032814,0.039616,0.016362
-0.032782,-0.029510,-0.004636,-0.015972,0.055285,0.039032,0.028252,0.003358,0.024856,0.026908,-0.007249,-0.021088,0.009775,0.009399,0.023121,0.037447,0.012921
-0.028935,-0.024519,-0.002241,-0.009711,0.044977,0.033919,0.026273,0.000096,0.017070,0.024587,-0.003544,-0.012576,0.012410,0.011450,0.016075,0.034895,0.009823
-0.025140,-0.020672,0.000049,-0.004399,0.035476,0.027637,0.022431,0.000186,0.012453,0.021879,-0.000298,-0.006615,0.015479,0.014062,0.013751,0.031865,0.006676
-0.021352,-0.019181,-0.000992,-0.002701,0.028556,0.021089,0.017562,-0.000065,0.009260,0.018381,0.002630,-0.002585,0.018408,0.017195,0.009009,0.028847,0.004459
-0.017821,-0.019268,-0.002529,-0.000825,0.021295,0.014889,0.012233,-0.000154,0.007452,0.015048,0.004021,0.001393,0.020687,0.020559,0.004855,0.023875,0.002234
-0.014835,-0.020290,-0.004084,0.001095,0.015142,0.008574,0.007246,-0.000131,0.007012,0.013881,0.005332,0.004597,0.022655,0.023615,0.000985,0.017801,0.000030
-0.012756,-0.020898,-0.001999,0.004325,0.010903,0.003169,0.003727,0.000165,0.007076,0.013623,0.005709,0.005601,0.024213,0.025120,-0.002258,0.013140,-0.000966
-0.009746,-0.020197,0.001012,0.007392,0.006538,-0.001403,0.000160,-0.000584,0.007063,0.014163,0.005430,0.005960,0.026128,0.025693,-0.005357,0.008381,-0.001235
-0.006868,-0.019594,0.003952,0.007774,0.003125,-0.005258,-0.002918,-0.002449,0.007121,0.014877,0.005180,0.007448,0.027611,0.026158,-0.008311,0.004166,-0.000674
-0.004400,-0.018883,0.005954,0.007467,-0.000188,-0.009429,-0.005250,-0.004745,0.007208,0.015907,0.005104,0.008872,0.028145,0.026554,-0.011491,-0.000139,0.000656
-0.001748,-0.018951,0.006932,0.006117,-0.003347,-0.015900,-0.007493,-0.007498,0.007127,0.016554,0.004391,0.008228,0.027915,0.026799,-0.013402,-0.004469,0.001959
0.000944,-0.018328,0.008857,0.003779,-0.005781,-0.023214,-0.009107,-0.009988,0.007993,0.014845,0.002682,0.007648,0.028194,0.026021,-0.016443,-0.008642,0.003256
0.003051,-0.017319,0.010584,0.002206,-0.007349,-0.029675,-0.010480,-0.012461,0.008748,0.013141,0.000518,0.008522,0.026383,0.024626,-0.019278,-0.012447,0.004349
0.005051,-0.015677,0.011204,-0.000659,-0.008542,-0.033844,-0.011458,-0.015288,0.009724,0.011306,-0.001587,0.008872,0.024425,0.022800,-0.021118,-0.014837,0.004871
0.006909,-0.013853,0.011639,-0.004073,-0.009728,-0.037664,-0.012411,-0.017819,0.010485,0.010120,-0.005052,0.009261,0.022777,0.020802,-0.023207,-0.016143,0.005126
0.008594,-0.012929,0.010435,-0.007362,-0.010463,-0.041990,-0.013059,-0.019670,0.011296,0.010483,-0.007349,0.009318,0.021512,0.018655,-0.023633,-0.016556,0.005200
0.010312,-0.011767,0.009711,-0.008902,-0.011069,-0.045916,-0.013070,-0.020940,0.012017,0.010923,-0.009717,0.008721,0.020449,0.016727,-0.024392,-0.016067,0.005227
0.012529,-0.009818,0.009149,-0.010673,-0.011581,-0.049665,-0.012744,-0.022137,0.012293,0.010527,-0.008527,0.007786,0.019132,0.014896,-0.025357,-0.015642,0.005844
0.014501,-0.007931,0.010097,-0.011196,-0.011405,-0.052321,-0.011896,-0.024067,0.012472,0.009754,-0.007237,0.006921,0.017423,0.012771,-0.026449,-0.016823,0.007246
0.015651,-0.004225,0.010469,-0.010556,-0.010743,-0.052508,-0.010663,-0.025610,0.012414,0.008325,-0.006457,0.006088,0.013691,0.010462,-0.027359,-0.017959,0.008816
0.016783,-0.001270,0.011045,-0.009839,-0.009634,-0.050461,-0.008617,-0.025724,0.012463,0.005381,-0.005937,0.004671,0.009634,0.008316,-0.027589,-0.020158,0.010092
0.017404,0.001092,0.011098,-0.010996,-0.008275,-0.047338,-0.005897,-0.024635,0.012107,0.002516,-0.005588,0.004286,0.005152,0.005902,-0.026560,-0.021140,0.011400
0.017643,0.002865,0.009760,-0.010546,-0.007172,-0.044234,-0.003234,-0.022814,0.011737,0.001625,-0.007080,0.003758,0.000501,0.000785,-0.022726,-0.021909,0.012462
0.017393,0.005811,0.007644,-0.010264,-0.005973,-0.041092,-0.000534,-0.020386,0.011234,0.001768,-0.007575,0.002276,-0.004337,-0.004520,-0.018435,-0.022051,0.013565
0.017327,0.009519,0.005393,-0.009710,-0.004781,-0.037607,0.002521,-0.017786,0.010409,0.002113,-0.008110,0.000838,-0.008986,-0.009817,-0.014031,-0.021879,0.014453
0.017203,0.013272,0.003360,-0.009371,-0.003490,-0.033729,0.005471,-0.014175,0.010097,0.002373,-0.007203,-0.001209,-0.013062,-0.015424,-0.009212,-0.021348,0.014919
0.016780,0.017147,0.002093,-0.008100,-0.001926,-0.028146,0.009132,-0.011226,0.009243,0.003513,-0.006069,-0.002480,-0.015543,-0.020780,-0.004144,-0.022538,0.014849
0.015837,0.018615,0.000720,-0.005742,0.000165,-0.018326,0.011914,-0.007929,0.008614,0.003768,-0.004717,-0.004097,-0.018000,-0.025952,0.001626,-0.023175,0.015417
0.015230,0.018724,0.001474,-0.003762,0.002298,-0.008098,0.014958,-0.005461,0.007668,0.003070,-0.002991,-0.005124,-0.020433,-0.030907,0.006345,-0.023358,0.016357
0.014262,0.017897,0.002136,-0.002514,0.004241,0.001955,0.016858,-0.002368,0.006685,0.001890,-0.001360,-0.003334,-0.021694,-0.034943,0.011180,-0.022476,0.017281
0.011970,0.013568,0.000797,-0.001896,0.006123,0.009423,0.017775,0.000371,0.005525,0.000606,-0.000064,-0.002187,-0.021380,-0.036213,0.012960,-0.020159,0.017921
0.009542,0.009098,-0.001288,-0.001222,0.007070,0.015317,0.018276,0.003395,0.003888,0.000659,0.000891,-0.000947,-0.019513,-0.036102,0.013219,-0.018627,0.018273
0.007158,0.005399,-0.003286,-0.000537,0.007943,0.018083,0.018346,0.006096,0.002998,0.001584,0.002440,0.000338,-0.017104,-0.034811,0.014522,-0.017202,0.018419
0.004638,0.002762,-0.003421,0.001569,0.008777,0.020445,0.017690,0.009356,0.002066,0.003262,0.004023,0.001502,-0.014022,-0.033257,0.015767,-0.014303,0.018418
0.002692,0.003059,-0.002579,0.003903,0.007822,0.023513,0.016209,0.011622,0.001198,0.005459,0.005019,0.000606,-0.011202,-0.032496,0.015159,-0.012980,0.018372
0.000313,0.004011,-0.001502,0.001969,0.006719,0.026628,0.014304,0.014704,0.001171,0.007456,0.006423,0.000859,-0.009472,-0.031710,0.014531,-0.011236,0.018505
-0.003289,0.004845,-0.000528,-0.001261,0.005669,0.029636,0.013077,0.018531,0.001818,0.008978,0.007968,0.001158,-0.008544,-0.031094,0.013913,-0.009670,0.018533
-0.006540,0.004152,-0.000571,-0.005977,0.004739,0.030535,0.011634,0.022068,0.002755,0.010491,0.009373,0.002592,-0.007183,-0.029870,0.013350,-0.010056,0.018339
-0.010074,0.000378,0.001447,-0.010501,0.004619,0.030971,0.008290,0.025782,0.004534,0.010437,0.010832,0.005830,-0.005773,-0.027029,0.011077,-0.012508,0.017838
-0.014402,-0.005286,0.003672,-0.013207,0.004704,0.030937,0.005438,0.029540,0.006298,0.010197,0.014004,0.009078,-0.005379,-0.024351,0.008493,-0.016037,0.016162
-0.017659,-0.009977,0.005875,-0.014910,0.004659,0.032891,0.001945,0.032019,0.008355,0.008017,0.016736,0.011965,-0.005710,-0.019437,0.005723,-0.019133,0.013273
-0.020305,-0.014388,0.006749,-0.017129,0.004247,0.034458,-0.001918,0.033732,0.009721,0.006642,0.018484,0.014608,-0.005477,-0.014158,0.004238,-0.023847,0.009271
-0.022144,-0.017076,0.005935,-0.020301,0.003588,0.033177,-0.006176,0.034411,0.010054,0.006075,0.020887,0.016536,-0.006479,-0.008509,0.003369,-0.027119,0.004839
-0.023768,-0.019739,0.004332,-0.022039,0.002944,0.031152,-0.010626,0.035042,0.010255,0.005792,0.023469,0.019406,-0.006896,-0.001853,0.002347,-0.028715,0.000335
-0.025800,-0.023966,0.002545,-0.023481,0.002374,0.028997,-0.014729,0.034913,0.010289,0.005317,0.025791,0.021842,-0.006808,0.004841,0.001392,-0.028715,-0.003834
-0.026869,-0.027650,0.002431,-0.024087,0.002395,0.027862,-0.017166,0.033189,0.010261,0.004519,0.028338,0.023839,-0.006889,0.011854,0.000260,-0.029783,-0.007054
-0.028123,-0.029196,0.002681,-0.024854,0.002580,0.027337,-0.019471,0.030876,0.010098,0.001666,0.030169,0.025461,-0.008559,0.017947,-0.001306,-0.032087,-0.009958
-0.028458,-0.030339,0.003705,-0.025349,0.003007,0.026417,-0.020981,0.028207,0.010218,-0.002753,0.031600,0.026514,-0.010725,0.023692,-0.003362,-0.035768,-0.012686
-0.027375,-0.031540,0.004387,-0.025543,0.003377,0.025604,-0.021738,0.025940,0.010170,-0.007261,0.032655,0.028342,-0.012893,0.029899,-0.005123,-0.038334,-0.015622
-0.025252,-0.032334,0.004578,-0.022970,0.003548,0.025699,-0.022266,0.024010,0.009908,-0.009455,0.033123,0.029758,-0.014899,0.033608,-0.006964,-0.042480,-0.018572
-0.022930,-0.032034,0.004417,-0.019866,0.003891,0.025324,-0.022490,0.022992,0.009683,-0.010717,0.033113,0.029025,-0.016367,0.036586,-0.008468,-0.045606,-0.021384
-0.020913,-0.029964,0.004084,-0.017605,0.003850,0.024216,-0.021386,0.021464,0.009482,-0.012423,0.032363,0.027252,-0.017177,0.039224,-0.009915,-0.047389,-0.024665
-0.018572,-0.027815,0.001939,-0.015852,0.003759,0.022471,-0.020363,0.020531,0.009371,-0.014508,0.030609,0.025185,-0.016625,0.040762,-0.011539,-0.048124,-0.027656
-0.017208,-0.025550,0.000467,-0.014068,0.003176,0.020535,-0.018006,0.017041,0.008582,-0.015156,0.028391,0.024296,-0.014443,0.041699,-0.013360,-0.048951,-0.029645
-0.016679,-0.024372,-0.002397,-0.012079,0.002617,0.020433,-0.016123,0.013351,0.007879,-0.015331,0.026449,0.022932,-0.011625,0.042028,-0.013781,-0.049037,-0.030410
-0.013998,-0.022922,-0.004216,-0.009233,0.002104,0.019669,-0.012724,0.009574,0.007153,-0.016642,0.024608,0.022267,-0.008875,0.041884,-0.013912,-0.047453,-0.030337
-0.011439,-0.022103,-0.006959,-0.006300,0.001231,0.018002,-0.010073,0.005612,0.006833,-0.017511,0.022036,0.021478,-0.006487,0.040068,-0.013790,-0.044843,-0.029048
-0.010698,-0.025649,-0.008680,-0.002708,0.000370,0.013729,-0.007156,0.001688,0.006353,-0.016444,0.019420,0.019755,-0.003690,0.037483,-0.012261,-0.041490,-0.027432
-0.009787,-0.028930,-0.008499,0.001008,-0.001175,0.006920,-0.004132,-0.002821,0.004905,-0.013810,0.015971,0.017790,-0.000837,0.032856,-0.012209,-0.039886,-0.025478
-0.006140,-0.028726,-0.008191,0.005525,-0.002725,-0.001597,-0.000211,-0.007857,0.003275,-0.010383,0.011729,0.014717,0.002024,0.027142,-0.010863,-0.037383,-0.023326
-0.002402,-0.026903,-0.008922,0.008991,-0.004139,-0.010493,0.003144,-0.013023,0.001519,-0.007010,0.007424,0.011487,0.005794,0.020907,-0.011420,-0.031102,-0.020798
0.001231,-0.023896,-0.009351,0.011483,-0.006353,-0.018753,0.005793,-0.018553,0.000116,-0.003978,0.003136,0.006527,0.008921,0.013600,-0.013503,-0.025679,-0.018026
0.004244,-0.019424,-0.009048,0.013854,-0.008227,-0.025705,0.008553,-0.021937,-0.000542,-0.001379,0.000033,0.002683,0.011961,0.005158,-0.015918,-0.020435,-0.014366
0.006377,-0.013868,-0.008024,0.015756,-0.009874,-0.031064,0.012493,-0.023032,-0.000546,0.000533,-0.003884,-0.001399,0.013747,-0.003634,-0.018082,-0.014879,-0.009150
0.007354,-0.007796,-0.007092,0.014459,-0.012022,-0.034938,0.016434,-0.023162,-0.000120,0.002034,-0.007996,-0.004215,0.017161,-0.014226,-0.017207,-0.010356,-0.003826
0.007167,-0.003133,-0.004755,0.012608,-0.013259,-0.036272,0.017551,-0.022393,0.000662,0.004344,-0.011986,-0.007132,0.019357,-0.023340,-0.016077,-0.006581,0.001440
0.004590,-0.000424,-0.001913,0.009699,-0.014449,-0.037416,0.018235,-0.020896,0.001535,0.007244,-0.013240,-0.008217,0.020415,-0.031945,-0.015114,-0.004647,0.005580
0.001786,0.001212,0.001059,0.007788,-0.015443,-0.038031,0.017480,-0.018130,0.002882,0.008648,-0.013591,-0.007564,0.020735,-0.037639,-0.014442,-0.002495,0.008969
-0.001298,0.002708,0.003189,0.005030,-0.015932,-0.038429,0.015920,-0.015463,0.003813,0.010072,-0.013237,-0.006714,0.020932,-0.042248,-0.012749,-0.001482,0.011071
-0.002826,0.006660,0.005533,0.004019,-0.015869,-0.037717,0.013969,-0.012076,0.004206,0.011667,-0.012946,-0.005167,0.018279,-0.046204,-0.011281,-0.000989,0.012489
-0.004192,0.010556,0.007043,0.002958,-0.015574,-0.035927,0.011452,-0.008701,0.003927,0.011501,-0.011652,-0.003161,0.013663,-0.048219,-0.009826,0.001161,0.013740
-0.006769,0.011638,0.006322,0.005431,-0.014505,-0.033990,0.008116,-0.005772,0.003597,0.009961,-0.007920,-0.001169,0.010248,-0.046946,-0.007849,0.004047,0.013409
-0.009985,0.010596,0.004834,0.007591,-0.013098,-0.028794,0.005854,-0.003222,0.003743,0.008403,-0.003850,0.000737,0.005078,-0.044137,-0.005617,0.006945,0.012940
-0.013577,0.009357,0.004037,0.007826,-0.011404,-0.025041,0.002593,-0.000475,0.003842,0.006654,-0.000568,0.004589,-0.000812,-0.039867,-0.003761,0.010341,0.012163
-0.016856,0.008211,0.004170,0.007792,-0.009527,-0.021750,-0.000500,0.002711,0.004036,0.005102,0.001387,0.008103,-0.007090,-0.034684,-0.002579,0.014150,0.010925
-0.016104,0.007190,0.004590,0.007686,-0.006245,-0.018171,-0.003056,0.008286,0.004418,0.003529,0.003304,0.010539,-0.012261,-0.028191,-0.000578,0.016944,0.009000
-0.014430,0.006221,0.005340,0.008684,-0.002657,-0.012052,-0.005488,0.013517,0.004620,0.001604,0.006238,0.012460,-0.016550,-0.021439,0.000721,0.017767,0.006678
-0.012506,0.003669,0.005186,0.008928,0.001488,-0.004715,-0.007599,0.019075,0.004750,-0.000323,0.009216,0.014365,-0.019887,-0.014602,0.001875,0.017487,0.003247
-0.009969,0.001714,0.005047,0.008718,0.005597,0.004425,-0.009398,0.023968,0.005089,-0.002671,0.012169,0.015434,-0.022705,-0.007261,0.001414,0.016594,-0.001049
-0.007652,0.002275,0.003538,0.007279,0.009304,0.013503,-0.010594,0.028684,0.005400,-0.005449,0.014010,0.015150,-0.024784,0.000156,0.000498,0.016494,-0.005331
-0.006384,0.002578,0.003950,0.005544,0.012281,0.023374,-0.010625,0.029873,0.005411,-0.008575,0.016178,0.014636,-0.025620,0.007682,-0.000460,0.016227,-0.008867
-0.006317,0.002062,0.002658,0.004952,0.015098,0.032005,-0.010603,0.030654,0.005314,-0.012361,0.017931,0.013906,-0.024298,0.015009,0.001108,0.016887,-0.013500
-0.003832,0.001923,-0.000123,0.005870,0.016545,0.039619,-0.010626,0.031161,0.005212,-0.016111,0.018760,0.013078,-0.021706,0.022381,0.003064,0.020212,-0.017462
-0.001973,0.001750,-0.004060,0.006297,0.017243,0.044166,-0.011008,0.030734,0.005457,-0.019236,0.018824,0.012153,-0.018366,0.029281,0.005196,0.025358,-0.020544
-0.001015,-0.000148,-0.008566,0.005821,0.017474,0.046623,-0.011146,0.029577,0.005324,-0.020094,0.019010,0.010768,-0.015034,0.035699,0.010096,0.030068,-0.023073
-0.001523,-0.001368,-0.010883,0.005299,0.016841,0.045888,-0.011237,0.027479,0.004426,-0.020147,0.018675,0.008919,-0.011637,0.040211,0.013381,0.031895,-0.025303
0.001200,-0.000753,-0.013342,0.006922,0.015433,0.044657,-0.010367,0.023400,0.002705,-0.020151,0.017590,0.006200,-0.008230,0.043226,0.016200,0.031455,-0.026979
0.004013,0.000400,-0.016334,0.008892,0.013405,0.042243,-0.009344,0.017829,0.000994,-0.020011,0.015382,0.002651,-0.004190,0.043904,0.015392,0.031747,-0.027327
0.007460,0.000860,-0.018323,0.010241,0.011243,0.036845,-0.008190,0.011316,-0.000521,-0.018024,0.012998,-0.000737,0.000101,0.043638,0.014133,0.031269,-0.025882
0.010639,0.001572,-0.019071,0.012035,0.009507,0.031343,-0.006618,0.004970,-0.001964,-0.015766,0.010765,-0.002788,0.005093,0.041844,0.011538,0.028901,-0.023539
0.013718,0.002883,-0.018695,0.013980,0.007920,0.025372,-0.004800,-0.001349,-0.003529,-0.013501,0.006657,-0.004781,0.009342,0.038519,0.009332,0.026277,-0.019683
0.015085,0.004264,-0.018297,0.014670,0.005451,0.019890,-0.002111,-0.006275,-0.005001,-0.011481,0.002445,-0.005772,0.014298,0.032754,0.009252,0.023924,-0.015663
0.015414,0.007080,-0.017552,0.014380,0.002873,0.015117,0.000039,-0.010860,-0.005876,-0.008774,-0.002762,-0.007901,0.018605,0.025904,0.010123,0.021669,-0.010999
0.014148,0.007161,-0.016586,0.011807,-0.000441,0.010300,0.002010,-0.013577,-0.006512,-0.004125,-0.006272,-0.008815,0.021007,0.018392,0.009194,0.018729,-0.005522
0.012773,0.006918,-0.015076,0.007911,-0.003797,0.008940,0.002791,-0.014632,-0.006651,0.000854,-0.008915,-0.008512,0.024795,0.010573,0.006115,0.015385,-0.000275
0.011217,0.006850,-0.012001,0.001603,-0.006467,0.007240,0.002817,-0.015577,-0.006778,0.005182,-0.010687,-0.008178,0.027622,0.002880,0.003143,0.011293,0.004618
0.010224,0.007014,-0.008382,-0.002156,-0.008838,0.005256,0.001730,-0.014495,-0.006841,0.009394,-0.010700,-0.006946,0.029426,-0.004510,-0.000884,0.002169,0.009236
0.008036,0.007238,-0.005010,-0.005474,-0.011188,0.004043,0.000491,-0.012741,-0.007746,0.010835,-0.010461,-0.005170,0.027759,-0.008972,-0.003991,-0.005687,0.013405
0.005766,0.006039,-0.003651,-0.004615,-0.013128,0.002552,-0.001428,-0.011117,-0.008921,0.008747,-0.007029,-0.001063,0.026279,-0.009913,-0.008324,-0.016563,0.015738
0.002825,0.002832,-0.003340,-0.004107,-0.014868,0.002538,-0.003194,-0.009934,-0.009256,0.005352,-0.003536,0.002192,0.022604,-0.009684,-0.012216,-0.027656,0.017016
-0.000143,0.000143,-0.002990,-0.006070,-0.016295,0.000464,-0.005214,-0.005641,-0.009228,0.002891,0.000773,0.007259,0.017890,-0.007382,-0.016960,-0.037938,0.017519
-0.002900,-0.001411,-0.001931,-0.007834,-0.016891,-0.000567,-0.006751,-0.001277,-0.008028,0.000466,0.004194,0.011052,0.012595,-0.004480,-0.021241,-0.050004,0.017243
-0.002770,-0.002156,0.000177,-0.008493,-0.015507,-0.001924,-0.007633,0.004324,-0.006457,-0.002489,0.007505,0.012848,0.008168,-0.001430,-0.024679,-0.061258,0.016129
-0.002116,-0.003492,0.001859,-0.007188,-0.013930,-0.002168,-0.007885,0.009806,-0.005057,-0.006405,0.010775,0.013501,0.004653,0.001778,-0.026204,-0.071082,0.014359
-0.001519,-0.005887,0.002895,-0.006270,-0.012337,-0.001176,-0.007984,0.014897,-0.003740,-0.010304,0.013789,0.014279,0.002574,0.004916,-0.028044,-0.080321,0.011850
0.000566,-0.008732,0.003535,-0.005809,-0.010596,0.000842,-0.008471,0.019328,-0.002712,-0.014239,0.016571,0.015981,-0.000593,0.007980,-0.030788,-0.088493,0.009302
0.002714,-0.008558,0.004514,-0.006081,-0.008531,0.003040,-0.008316,0.023682,-0.001648,-0.017734,0.018775,0.017605,-0.004731,0.011264,-0.033645,-0.095444,0.006995
0.005273,-0.008116,0.007801,-0.006173,-0.006219,0.003425,-0.007113,0.026873,-0.000644,-0.020249,0.021062,0.019077,-0.009225,0.012926,-0.036575,-0.102061,0.004870
0.006588,-0.008313,0.011366,-0.005299,-0.004572,0.001074,-0.005733,0.029624,0.000581,-0.021451,0.022375,0.021734,-0.012195,0.013305,-0.037265,-0.106752,0.002336
0.006092,-0.009998,0.012481,-0.004012,-0.003941,-0.000663,-0.004840,0.032168,0.001882,-0.022473,0.023498,0.024808,-0.013373,0.012764,-0.037228,-0.108788,-0.000088
0.005043,-0.011607,0.012364,-0.004906,-0.003424,-0.001204,-0.004894,0.033998,0.003222,-0.023352,0.024791,0.027438,-0.013505,0.012967,-0.036827,-0.107603,-0.002987
0.003236,-0.012766,0.009854,-0.006505,-0.002686,-0.001209,-0.005102,0.035568,0.004291,-0.023934,0.025933,0.029162,-0.013696,0.013110,-0.033237,-0.104916,-0.005892
0.001427,-0.012446,0.008014,-0.007992,-0.001813,-0.001050,-0.005531,0.039503,0.005075,-0.026062,0.028425,0.029340,-0.013771,0.014094,-0.028998,-0.101733,-0.008950
0.000340,-0.012209,0.005701,-0.008856,-0.001434,0.000101,-0.005593,0.041244,0.005091,-0.028267,0.030932,0.029071,-0.013721,0.015134,-0.024692,-0.098285,-0.011727
0.000058,-0.010636,0.003271,-0.009288,-0.001580,0.001362,-0.005427,0.041477,0.005073,-0.029297,0.032215,0.025817,-0.013148,0.015086,-0.021361,-0.093574,-0.013670
0.000393,-0.008740,0.002241,-0.008471,-0.001172,0.001056,-0.004025,0.040553,0.004327,-0.028196,0.033095,0.022531,-0.010834,0.014489,-0.018096,-0.087297,-0.014679
0.000807,-0.006615,0.001529,-0.006789,-0.000635,0.000902,-0.002498,0.038812,0.003547,-0.026706,0.032439,0.020002,-0.009822,0.013079,-0.015174,-0.080361,-0.015477
0.001974,-0.003772,0.000002,-0.004825,0.000260,-0.000808,-0.001000,0.034929,0.002791,-0.024025,0.030420,0.017792,-0.007796,0.010482,-0.011658,-0.072477,-0.015978
0.003184,-0.001286,-0.001485,-0.002178,0.001330,-0.002234,0.001241,0.031114,0.001967,-0.021904,0.027888,0.015689,-0.006670,0.007997,-0.008467,-0.063308,-0.017164
0.004048,0.002255,-0.002279,0.000192,0.001840,-0.004058,0.003378,0.027174,0.000885,-0.018865,0.024052,0.013357,-0.005048,0.005057,-0.004036,-0.052740,-0.017555
0.005595,0.003269,-0.003066,0.002472,0.001431,-0.006198,0.005566,0.024528,-0.000275,-0.014145,0.020623,0.009671,-0.004214,0.000985,-0.001350,-0.039660,-0.015808
0.006403,0.004266,-0.002661,0.003410,0.000659,-0.006646,0.007360,0.021457,-0.001211,-0.009885,0.016278,0.006455,-0.001861,-0.003566,-0.000643,-0.025139,-0.013770
0.008233,0.005878,-0.001293,0.003199,-0.000117,-0.006975,0.008928,0.018210,-0.002103,-0.005980,0.012466,0.003102,0.000052,-0.008135,0.000186,-0.011285,-0.011542
0.010394,0.007389,0.000073,0.003148,-0.000749,-0.005870,0.008878,0.015020,-0.002966,-0.001446,0.011065,0.000470,0.003234,-0.012390,-0.000214,-0.002610,-0.009193
0.011201,0.010481,0.001203,0.003539,-0.001596,-0.004888,0.008181,0.011980,-0.004924,0.002356,0.010277,-0.000684,0.005006,-0.014352,0.000384,0.005316,-0.006404
0.011399,0.013294,0.001543,0.004419,-0.002538,-0.003383,0.007128,0.009194,-0.007125,0.006136,0.009357,0.001270,0.004704,-0.015406,-0.000244,0.008957,-0.003533
0.011233,0.015622,0.001723,0.005770,-0.003192,-0.001442,0.006265,0.006597,-0.008908,0.008133,0.007499,0.003599,0.003869,-0.015881,-0.000512,0.011744,-0.001452
0.011453,0.017286,0.001815,0.005506,-0.003556,0.000494,0.006237,0.007839,-0.009964,0.010815,0.006185,0.005856,0.003401,-0.015189,-0.001058,0.013800,-0.000378
0.011194,0.019689,0.002056,0.004763,-0.003118,0.002824,0.006284,0.008232,-0.009871,0.012148,0.005347,0.006736,0.002930,-0.014390,-0.001408,0.011423,0.000270
0.011402,0.020573,0.003499,0.003694,-0.002050,0.005341,0.005410,0.006845,-0.009623,0.011191,0.005105,0.006417,0.002390,-0.013672,-0.000930,0.009882,0.000184
0.012211,0.020006,0.004394,0.002737,-0.000838,0.007981,0.005215,0.005100,-0.009450,0.009682,0.004806,0.005486,0.001864,-0.012365,-0.000819,0.007837,-0.000769
0.013298,0.019407,0.004981,0.001950,-0.000040,0.011251,0.005253,0.003096,-0.009450,0.008197,0.004421,0.004320,0.002328,-0.010738,-0.001376,0.005668,-0.001750
0.014780,0.019366,0.005185,0.001365,0.000573,0.013635,0.004953,0.000593,-0.009626,0.006100,0.003401,0.003930,0.001388,-0.008535,-0.001945,0.001539,-0.003142
0.016452,0.020646,0.005788,0.000907,0.001206,0.016132,0.004415,-0.002175,-0.009640,0.002986,0.003252,0.004061,0.001367,-0.005703,-0.002117,-0.002284,-0.004708
0.018420,0.021897,0.006603,0.000844,0.001875,0.015549,0.004462,-0.004670,-0.009703,0.000420,0.003040,0.004554,0.002028,-0.003741,-0.002249,-0.004387,-0.006183
0.020907,0.022629,0.007333,0.002366,0.001587,0.011989,0.004949,-0.007345,-0.009647,-0.000207,0.001983,0.006030,0.002761,-0.002521,-0.002060,-0.006298,-0.006640
0.020948,0.021408,0.007782,0.004322,0.001420,0.007799,0.004897,-0.009922,-0.009399,-0.000901,0.001692,0.009518,0.003861,-0.002617,-0.002501,-0.007339,-0.006821
0.020543,0.019941,0.007226,0.004229,0.000873,0.006047,0.004565,-0.011659,-0.009131,-0.001326,0.000888,0.013069,0.004168,-0.002748,-0.004528,-0.008395,-0.007515
0.018656,0.018508,0.005985,0.001317,0.000641,0.004492,0.004381,-0.012308,-0.008743,-0.001029,0.000094,0.017237,0.004209,-0.003493,-0.004670,-0.008931,-0.008116
0.017774,0.017883,0.005486,-0.001900,0.000409,0.001935,0.003751,-0.009761,-0.008394,-0.002200,0.000761,0.020910,0.003495,-0.003695,-0.004308,-0.009916,-0.007781
0.015213,0.016913,0.003715,-0.004908,0.000232,0.000894,0.003154,-0.007189,-0.008044,-0.003385,0.001527,0.024327,0.002522,-0.003330,-0.003990,-0.010095,-0.007194
0.013115,0.016297,0.002029,-0.007867,0.000025,-0.000244,0.002539,-0.004775,-0.007757,-0.003539,0.001706,0.024832,0.001839,-0.002701,-0.003548,-0.009020,-0.006582
0.011705,0.015878,0.001421,-0.008701,0.000372,-0.001440,0.004117,-0.003102,-0.008534,-0.002942,0.001768,0.025309,0.003805,-0.002063,-0.004071,-0.007108,-0.006356
0.010214,0.015142,0.001461,-0.009076,-0.000065,-0.004173,0.005612,-0.001364,-0.009712,-0.001525,0.000777,0.025489,0.005215,-0.001414,-0.005096,-0.005240,-0.006228
0.009675,0.015382,0.000291,-0.009215,-0.000614,-0.007527,0.006947,-0.000255,-0.011228,0.000775,-0.001867,0.025846,0.007167,-0.001590,-0.008060,-0.003561,-0.006023
0.009366,0.015353,-0.001008,-0.009032,-0.001011,-0.010080,0.008739,0.000627,-0.012756,0.002144,-0.004579,0.025924,0.007856,-0.001396,-0.009813,-0.001654,-0.006735
0.008921,0.014947,-0.002420,-0.008453,-0.001517,-0.012055,0.010609,0.002072,-0.014393,0.003459,-0.006850,0.025220,0.008192,-0.001634,-0.011258,0.000927,-0.007473
0.009246,0.014477,-0.003874,-0.007855,-0.002429,-0.014298,0.012243,0.003859,-0.015400,0.004563,-0.008006,0.023603,0.008256,-0.002379,-0.012899,0.004242,-0.008019
0.009885,0.012591,-0.003845,-0.007285,-0.003467,-0.016371,0.013756,0.005102,-0.015563,0.004452,-0.009487,0.021700,0.007924,-0.003498,-0.014043,0.008332,-0.009314
0.010840,0.011280,-0.003749,-0.005346,-0.004598,-0.019875,0.015490,0.006039,-0.015455,0.004183,-0.011026,0.018299,0.007947,-0.004476,-0.014483,0.012162,-0.010646
0.011373,0.009536,-0.003638,-0.003250,-0.005653,-0.019316,0.017049,0.006878,-0.015006,0.004198,-0.012854,0.015020,0.009051,-0.005513,-0.015315,0.014780,-0.011575
0.011385,0.008119,-0.003445,-0.001210,-0.006713,-0.019082,0.018199,0.007306,-0.015224,0.004281,-0.013550,0.011806,0.010085,-0.006389,-0.016197,0.016493,-0.011636
0.011507,0.009467,-0.003616,0.001244,-0.007417,-0.017188,0.019890,0.008045,-0.015113,0.006885,-0.014086,0.008962,0.009471,-0.007490,-0.016793,0.016942,-0.011168
0.011535,0.011472,-0.003515,0.005409,-0.007607,-0.016717,0.021508,0.009365,-0.014867,0.008793,-0.014396,0.006124,0.007235,-0.008252,-0.016009,0.017062,-0.010646
0.011395,0.012539,-0.007013,0.010140,-0.007480,-0.014379,0.022059,0.011445,-0.013903,0.011481,-0.016026,0.003121,0.006255,-0.007976,-0.014892,0.017656,-0.010475
0.011320,0.015991,-0.011253,0.013817,-0.006514,-0.011283,0.021275,0.012054,-0.012502,0.013278,-0.016418,0.000077,0.005413,-0.007574,-0.013856,0.019444,-0.010260
0.011467,0.019108,-0.015464,0.016056,-0.005224,-0.005323,0.019272,0.011809,-0.010186,0.013615,-0.016185,-0.002323,0.004506,-0.007529,-0.012017,0.022124,-0.006544
0.013808,0.023731,-0.020020,0.013952,-0.001720,0.001806,0.016556,0.011503,-0.006165,0.014107,-0.015059,-0.003595,0.002732,-0.009843,-0.010474,0.025684,0.003809
0.019351,0.028227,-0.026986,0.011385,0.001511,0.008547,0.012287,0.011773,-0.001206,0.016458,-0.011886,-0.005512,0.000357,-0.014380,-0.008466,0.030585,0.019391
0.028220,0.033281,-0.035767,0.009039,0.003075,0.012413,0.005405,0.011715,0.004681,0.018543,-0.009410,-0.008627,-0.002675,-0.021515,-0.006296,0.033205,0.037747
0.039511,0.042453,-0.045060,0.007275,0.004567,0.016050,-0.001943,0.011112,0.010335,0.019894,-0.007368,-0.013754,-0.005274,-0.028571,-0.003684,0.035716,0.056053
0.051563,0.050237,-0.053928,0.005466,0.006234,0.021210,-0.008877,0.011164,0.015849,0.021207,-0.005304,-0.019352,-0.006609,-0.034686,-0.000780,0.039005,0.072572
0.065085,0.057126,-0.062205,0.006197,0.007970,0.026436,-0.015510,0.010131,0.021562,0.021805,-0.002777,-0.024060,-0.008102,-0.040661,0.002718,0.039190,0.086771
0.079644,0.064200,-0.069899,0.006590,0.010458,0.031684,-0.022209,0.009981,0.026993,0.022130,0.000864,-0.027155,-0.010111,-0.046134,0.005834,0.039418,0.098966
0.092645,0.070210,-0.076108,0.007975,0.012496,0.036971,-0.028123,0.010069,0.031516,0.022333,0.004096,-0.029309,-0.013417,-0.050657,0.007977,0.039106,0.108903
0.104018,0.076076,-0.079876,0.005735,0.014372,0.043053,-0.033692,0.010625,0.035673,0.022774,0.007404,-0.030306,-0.015636,-0.054639,0.011130,0.038599,0.116344
0.113769,0.081558,-0.082002,0.004315,0.016099,0.047663,-0.038806,0.011049,0.038978,0.021562,0.010615,-0.030463,-0.019095,-0.055926,0.015696,0.038133,0.121283
0.120705,0.085309,-0.081713,0.002634,0.017761,0.053853,-0.042586,0.010740,0.041709,0.019931,0.014628,-0.030315,-0.021748,-0.055136,0.019897,0.035767,0.123052
0.125613,0.087308,-0.080789,0.000854,0.019350,0.057808,-0.045986,0.010705,0.043813,0.017038,0.018032,-0.031066,-0.025356,-0.052758,0.023793,0.034457,0.120477
0.126871,0.088373,-0.080288,-0.000230,0.020234,0.060902,-0.048418,0.008964,0.044416,0.014735,0.021054,-0.031400,-0.026039,-0.049840,0.026439,0.032725,0.114669
0.127037,0.086093,-0.078548,-0.001486,0.019403,0.059315,-0.050579,0.006791,0.044245,0.013764,0.024766,-0.031457,-0.026672,-0.045265,0.027308,0.028952,0.106282
0.125514,0.083880,-0.075529,-0.003849,0.017946,0.054875,-0.052484,0.003682,0.042446,0.012684,0.026428,-0.029717,-0.026319,-0.040880,0.026496,0.023836,0.095880
0.122422,0.081519,-0.071740,-0.006192,0.016313,0.048749,-0.053197,0.000874,0.039692,0.011052,0.025964,-0.029019,-0.026296,-0.036099,0.026118,0.018368,0.084562
0.118203,0.078428,-0.067880,-0.006297,0.014207,0.040480,-0.052291,-0.001893,0.036052,0.009386,0.025352,-0.027347,-0.023860,-0.031015,0.025407,0.013634,0.071354
0.112735,0.074490,-0.063635,-0.005151,0.012000,0.029340,-0.050804,-0.004045,0.032287,0.007329,0.025803,-0.025154,-0.020966,-0.025808,0.024961,0.008618,0.057118
0.105518,0.067014,-0.058182,-0.003930,0.009501,0.020102,-0.048779,-0.005699,0.028402,0.005857,0.026118,-0.022013,-0.017788,-0.019770,0.024628,0.004705,0.041526
0.093829,0.056314,-0.051949,-0.002819,0.005836,0.009280,-0.044931,-0.007559,0.023938,0.003039,0.025762,-0.019730,-0.014055,-0.013645,0.022956,0.001483,0.025103
0.079852,0.044767,-0.044681,-0.002038,0.001890,0.000657,-0.040394,-0.008834,0.019202,-0.000455,0.023170,-0.017838,-0.010167,-0.007838,0.020577,-0.002016,0.008344
0.063834,0.030753,-0.035926,-0.000889,-0.002400,-0.006808,-0.034278,-0.010077,0.013944,-0.003712,0.020251,-0.015698,-0.005877,-0.002499,0.016745,-0.006088,-0.010558
0.043364,0.015322,-0.026063,0.000792,-0.006355,-0.012704,-0.026679,-0.010520,0.008070,-0.006131,0.016376,-0.013097,-0.001745,0.002674,0.012427,-0.012552,-0.029648
0.021049,-0.002102,-0.012662,0.004748,-0.010293,-0.020356,-0.017972,-0.010577,0.001853,-0.007500,0.011998,-0.010795,0.001647,0.008548,0.009390,-0.019345,-0.049108
-0.003722,-0.021294,-0.002594,0.010508,-0.014050,-0.026964,-0.009907,-0.010105,-0.004131,-0.008914,0.006540,-0.008553,0.005203,0.015632,0.006700,-0.025779,-0.068387
-0.028693,-0.038005,0.006555,0.015525,-0.016989,-0.034054,-0.002063,-0.010196,-0.009956,-0.010468,0.002222,-0.006211,0.008374,0.022736,0.004092,-0.029592,-0.087937
-0.053079,-0.052380,0.016627,0.019064,-0.019147,-0.037934,0.005960,-0.010482,-0.015053,-0.012623,-0.003169,-0.004013,0.011490,0.030097,0.001426,-0.032511,-0.104182
-0.074521,-0.063493,0.025791,0.019171,-0.018848,-0.040387,0.014721,-0.010379,-0.018432,-0.014462,-0.007725,0.000040,0.014139,0.035235,-0.000000,-0.033974,-0.113505
-0.091913,-0.073203,0.032813,0.019141,-0.018965,-0.043148,0.021810,-0.007947,-0.020435,-0.014517,-0.010082,0.003170,0.016209,0.037999,-0.001092,-0.033294,-0.116429
-0.104860,-0.081696,0.036836,0.021014,-0.020910,-0.049505,0.025373,-0.005411,-0.021435,-0.013175,-0.011697,0.005199,0.017849,0.037822,-0.002152,-0.031438,-0.113810
-0.113526,-0.087217,0.039243,0.023621,-0.022592,-0.055259,0.027860,-0.003183,-0.022163,-0.011327,-0.014328,0.005220,0.018509,0.036619,-0.003669,-0.028282,-0.108512
-0.119666,-0.092531,0.040369,0.025927,-0.023903,-0.056976,0.029386,-0.000246,-0.022240,-0.010186,-0.017008,0.005338,0.018488,0.035460,-0.006487,-0.024967,-0.101678
-0.122684,-0.096145,0.040400,0.028492,-0.024792,-0.058074,0.030091,0.002147,-0.021196,-0.009203,-0.019162,0.005951,0.018011,0.032745,-0.009509,-0.024248,-0.094695
-0.122011,-0.096704,0.039341,0.029438,-0.024754,-0.061042,0.030913,0.005458,-0.019869,-0.007506,-0.021584,0.005608,0.017587,0.029382,-0.012651,-0.023726,-0.086494
-0.119698,-0.095818,0.038553,0.030832,-0.024405,-0.062627,0.031577,0.006591,-0.019619,-0.003852,-0.024021,0.005586,0.016096,0.025342,-0.016204,-0.022264,-0.077318
-0.115597,-0.092790,0.038358,0.031001,-0.023607,-0.061238,0.031565,0.007850,-0.019332,0.000105,-0.026790,0.006184,0.015741,0.020618,-0.019295,-0.020575,-0.067513
-0.109865,-0.087045,0.038840,0.032009,-0.022259,-0.057666,0.031325,0.009156,-0.019228,0.002758,-0.028673,0.007812,0.014293,0.017201,-0.021133,-0.018038,-0.058187
-0.102466,-0.079526,0.042421,0.032287,-0.020419,-0.051724,0.031883,0.010294,-0.018929,0.004272,-0.029162,0.009152,0.013338,0.014445,-0.024579,-0.016655,-0.049575
-0.094736,-0.074008,0.045684,0.032275,-0.018248,-0.045124,0.032882,0.011722,-0.018959,0.004738,-0.029098,0.009743,0.010585,0.011176,-0.027579,-0.014640,-0.042898
-0.089122,-0.067544,0.046901,0.031855,-0.016187,-0.038099,0.032939,0.012068,-0.019156,0.004767,-0.029939,0.010126,0.009113,0.007660,-0.027664,-0.012058,-0.038074
-0.083024,-0.062673,0.049132,0.031247,-0.014926,-0.032055,0.032251,0.011870,-0.019056,0.005365,-0.029019,0.010425,0.007561,0.005159,-0.028199,-0.009853,-0.034565
-0.076141,-0.057591,0.050735,0.028964,-0.013413,-0.025637,0.031784,0.010287,-0.020974,0.005516,-0.024727,0.012186,0.007358,0.002876,-0.029192,-0.007610,-0.032017
-0.067396,-0.049504,0.052081,0.023026,-0.011549,-0.018717,0.031475,0.008538,-0.023259,0.004579,-0.020437,0.012319,0.006760,0.000779,-0.030236,-0.005225,-0.029110
-0.057119,-0.040628,0.052478,0.018876,-0.010131,-0.014738,0.032115,0.007175,-0.025387,0.003718,-0.016057,0.014610,0.009014,-0.000242,-0.031002,-0.003570,-0.027344
-0.044891,-0.030596,0.051625,0.018512,-0.009663,-0.012585,0.032052,0.005669,-0.027231,0.002673,-0.012579,0.017189,0.011091,-0.000544,-0.030480,-0.002188,-0.026096
-0.033169,-0.021189,0.049663,0.018265,-0.008911,-0.011449,0.031212,0.004202,-0.029361,0.002582,-0.008890,0.019303,0.012742,0.000095,-0.029370,-0.000041,-0.024547
-0.024088,-0.013838,0.047306,0.016327,-0.008822,-0.010321,0.031047,0.002590,-0.031375,0.001437,-0.004917,0.020554,0.014191,0.000829,-0.028365,0.003166,-0.022834
-0.012571,-0.005090,0.045453,0.011300,-0.009270,-0.009139,0.030622,0.000866,-0.033134,-0.000436,-0.001324,0.020475,0.016295,0.001402,-0.027350,0.005831,-0.020533
-0.000958,0.004156,0.043829,0.006448,-0.010184,-0.005855,0.030641,-0.001170,-0.034935,-0.002513,0.002284,0.020171,0.018465,0.001519,-0.027343,0.008608,-0.020168
0.006659,0.012423,0.041630,0.002584,-0.011359,-0.002261,0.030445,-0.002717,-0.036844,-0.004643,0.005360,0.019919,0.019968,0.001567,-0.028327,0.009643,-0.019809
0.012560,0.018277,0.041269,0.000332,-0.012762,0.002419,0.030019,-0.004264,-0.038575,-0.006263,0.007577,0.019609,0.021718,0.002040,-0.029014,0.010312,-0.019147
0.016053,0.022697,0.039849,-0.000533,-0.013667,0.006817,0.029928,-0.005307,-0.039663,-0.007988,0.009443,0.018819,0.022835,0.002088,-0.028954,0.010053,-0.017450
0.018072,0.026485,0.038234,-0.001479,-0.013875,0.009407,0.029510,-0.005982,-0.040513,-0.009568,0.011201,0.016771,0.023371,0.001592,-0.028505,0.009746,-0.015181
0.019507,0.030987,0.038412,-0.004719,-0.013282,0.011935,0.029155,-0.005468,-0.040971,-0.011148,0.011106,0.013675,0.024555,0.000360,-0.028005,0.010446,-0.012610
0.020615,0.034691,0.038697,-0.008030,-0.012480,0.013412,0.029486,-0.005063,-0.040936,-0.012633,0.010221,0.011093,0.024405,-0.000901,-0.025954,0.011103,-0.009693
0.020787,0.037206,0.039850,-0.010311,-0.012503,0.012100,0.029518,-0.003315,-0.040895,-0.014028,0.009106,0.007925,0.023516,-0.001914,-0.023922,0.010829,-0.006847
0.020866,0.038541,0.040353,-0.010301,-0.013009,0.008682,0.027901,-0.001554,-0.040729,-0.014069,0.008549,0.004686,0.022169,-0.002283,-0.021455,0.009747,-0.003969
0.020788,0.037719,0.040507,-0.009346,-0.013440,0.005604,0.025821,0.000068,-0.040044,-0.013952,0.008236,0.001356,0.020868,-0.002255,-0.017950,0.009055,-0.001774
0.018832,0.036067,0.038804,-0.008113,-0.013717,0.003811,0.023455,0.001686,-0.038427,-0.014863,0.008488,-0.001035,0.018702,-0.001043,-0.014892,0.009926,0.000372
0.016681,0.034100,0.037119,-0.006826,-0.013843,0.004116,0.021033,0.003674,-0.036325,-0.014169,0.009449,-0.003395,0.016018,0.000596,-0.011782,0.010314,0.001798
0.013780,0.031680,0.034866,-0.005858,-0.013975,0.001443,0.018681,0.005400,-0.033649,-0.012767,0.009031,-0.007343,0.012683,0.001955,-0.008299,0.009927,0.002714
0.011559,0.028787,0.032642,-0.004818,-0.013791,-0.001514,0.016159,0.003574,-0.032009,-0.009809,0.008068,-0.011269,0.010077,0.003617,-0.005629,0.010216,0.003325
0.009796,0.025900,0.030545,-0.003406,-0.013635,-0.005364,0.013501,0.001774,-0.030295,-0.006218,0.006323,-0.014512,0.007904,0.004630,-0.003719,0.009641,0.003895
0.008115,0.020897,0.029376,-0.001927,-0.013357,-0.008458,0.011038,0.000249,-0.029338,-0.002467,0.004918,-0.016825,0.005874,0.005923,-0.002934,0.009833,0.004327
0.007034,0.017858,0.028353,-0.001032,-0.012773,-0.011161,0.008510,-0.000679,-0.028777,0.000465,0.003489,-0.018958,0.006041,0.006449,-0.007290,0.009677,0.004563
0.004251,0.012758,0.027171,-0.002202,-0.012543,-0.012875,0.006537,-0.003449,-0.028787,0.003386,0.003650,-0.017878,0.007179,0.006624,-0.011508,0.012504,0.004874
0.000845,0.007319,0.024814,-0.003081,-0.014016,-0.014790,0.004213,-0.007112,-0.029987,0.005055,0.004109,-0.016256,0.008174,0.006586,-0.015000,0.015160,0.005178
-0.003270,0.001844,0.024289,-0.003132,-0.016318,-0.016451,0.001696,-0.011208,-0.031044,0.006747,0.004074,-0.013167,0.010616,0.008753,-0.019588,0.018352,0.005462
-0.007969,-0.002005,0.022999,-0.002932,-0.019328,-0.020382,-0.000145,-0.015143,-0.036291,0.008302,0.007487,-0.007120,0.013853,0.014749,-0.030646,0.020646,0.005706
-0.012007,-0.004099,0.021407,-0.006663,-0.023306,-0.022492,-0.001593,-0.020562,-0.041595,0.009094,0.011135,-0.000400,0.017064,0.020074,-0.043985,0.020691,0.006402
-0.015839,-0.006700,0.019281,-0.010567,-0.026659,-0.025271,-0.002456,-0.025717,-0.047801,0.008839,0.015459,0.007837,0.021433,0.025319,-0.058590,0.020155,0.007597
-0.018914,-0.008424,0.017175,-0.011527,-0.031540,-0.027278,-0.003216,-0.030704,-0.053725,0.007754,0.019513,0.018088,0.025364,0.030585,-0.074322,0.019443,0.008189
-0.021969,-0.009922,0.014205,-0.010698,-0.035978,-0.029752,-0.004042,-0.035093,-0.060881,0.005891,0.023123,0.030955,0.028349,0.035270,-0.089086,0.016581,0.008844
-0.024862,-0.011574,0.011553,-0.009680,-0.039730,-0.032156,-0.003851,-0.040359,-0.068624,0.004320,0.026725,0.043005,0.030801,0.038169,-0.103222,0.013459,0.009316
-0.024690,-0.011589,0.009958,-0.013922,-0.043200,-0.035324,-0.000882,-0.045379,-0.075319,0.003090,0.029624,0.054773,0.033755,0.039093,-0.115452,0.008677,0.009013
-0.023829,-0.012581,0.009012,-0.018637,-0.046248,-0.037972,0.002345,-0.049620,-0.081075,0.003395,0.033377,0.066547,0.037226,0.039331,-0.132631,0.003762,0.007662
-0.022812,-0.012252,0.007927,-0.021936,-0.049690,-0.040099,0.005362,-0.052451,-0.086865,0.003551,0.036685,0.077307,0.039969,0.039713,-0.148687,-0.000459,0.005952
-0.020434,-0.007313,0.005645,-0.021545,-0.055497,-0.041436,0.005656,-0.054902,-0.095373,0.003403,0.041038,0.093334,0.043338,0.042940,-0.168545,-0.006523,0.004008
-0.017809,-0.002082,0.002816,-0.020633,-0.060232,-0.042144,0.006440,-0.056821,-0.102327,0.002843,0.044853,0.107407,0.046410,0.045249,-0.185506,-0.013090,0.002215
-0.014946,0.002945,0.000304,-0.019532,-0.063642,-0.042228,0.006774,-0.057849,-0.108020,0.002123,0.047941,0.118658,0.048783,0.046979,-0.199660,-0.019344,0.000673
-0.012155,0.008897,-0.001642,-0.019475,-0.065918,-0.041688,0.007487,-0.056842,-0.112317,0.001705,0.049708,0.128197,0.051607,0.047439,-0.211296,-0.024764,-0.000887
-0.009386,0.014726,-0.002921,-0.019318,-0.067308,-0.041074,0.008017,-0.055172,-0.115089,0.001166,0.050092,0.135689,0.052804,0.047271,-0.220267,-0.029833,-0.001697
-0.007327,0.019629,-0.003156,-0.018481,-0.068108,-0.041915,0.008491,-0.052976,-0.116774,0.000500,0.049586,0.141306,0.052856,0.046660,-0.226961,-0.035506,-0.002198
-0.005128,0.023496,-0.003317,-0.017141,-0.068163,-0.042660,0.008213,-0.050127,-0.116965,-0.000382,0.048402,0.145151,0.052243,0.045503,-0.230911,-0.041296,-0.002529
-0.002789,0.026828,-0.003657,-0.015337,-0.067440,-0.042647,0.007830,-0.046453,-0.115664,-0.001435,0.046761,0.147197,0.051271,0.043797,-0.231068,-0.046432,-0.002807
-0.001927,0.030026,-0.005301,-0.013313,-0.065866,-0.042599,0.007600,-0.042094,-0.112813,-0.002624,0.045211,0.147492,0.049658,0.041860,-0.228116,-0.049136,-0.003032
-0.001041,0.032969,-0.006194,-0.011130,-0.063442,-0.040033,0.007593,-0.037067,-0.108744,-0.002334,0.043932,0.146037,0.047171,0.039698,-0.222325,-0.050916,-0.003183
-0.000673,0.035659,-0.007072,-0.008880,-0.060301,-0.036438,0.007521,-0.031660,-0.103198,-0.001523,0.041438,0.142057,0.042652,0.036655,-0.213374,-0.052225,-0.003631
0.000456,0.038071,-0.007934,-0.006451,-0.056149,-0.032249,0.007271,-0.027450,-0.096864,-0.000694,0.038351,0.136272,0.038204,0.033509,-0.202031,-0.052527,-0.003947
0.001931,0.040226,-0.008240,-0.003653,-0.051388,-0.028902,0.006949,-0.022725,-0.089333,0.000494,0.034657,0.128680,0.033059,0.029346,-0.187864,-0.052656,-0.004227
0.003528,0.038629,-0.007630,-0.000661,-0.046092,-0.025492,0.006864,-0.017745,-0.081634,0.001818,0.030250,0.118929,0.027511,0.025079,-0.171698,-0.051467,-0.004470
0.005192,0.036526,-0.006904,0.002117,-0.040083,-0.021191,0.006728,-0.012269,-0.073717,0.003302,0.025242,0.107346,0.023858,0.019644,-0.156154,-0.049734,-0.004838
0.005885,0.033782,-0.005858,0.002753,-0.033838,-0.016828,0.006502,-0.008419,-0.065299,0.004845,0.021471,0.097212,0.021499,0.014507,-0.138208,-0.044045,-0.005201
0.006188,0.030274,-0.005211,0.003388,-0.028944,-0.012322,0.005953,-0.005476,-0.057460,0.005558,0.019266,0.086125,0.018774,0.008884,-0.119997,-0.037568,-0.005520
0.006456,0.026233,-0.003980,0.004278,-0.024385,-0.007608,0.005331,-0.003129,-0.048925,0.006266,0.016734,0.074837,0.016662,0.005341,-0.101265,-0.030427,-0.005717
0.006124,0.024152,-0.003127,0.005186,-0.020531,-0.006723,0.004389,-0.000598,-0.042273,0.007341,0.014823,0.065199,0.014380,0.006013,-0.086363,-0.024416,-0.005883
0.005718,0.022083,-0.002763,0.005261,-0.017965,-0.005820,0.002994,0.000664,-0.034864,0.008437,0.011737,0.055462,0.012193,0.006673,-0.072664,-0.020587,-0.005886
0.005189,0.019318,-0.002636,0.005032,-0.015123,-0.004805,0.000950,0.001225,-0.028450,0.008525,0.009244,0.044574,0.010706,0.007422,-0.059718,-0.016317,-0.005285
0.004446,0.016632,-0.002192,0.005001,-0.013003,-0.003679,-0.001249,0.001748,-0.022012,0.007590,0.007956,0.034295,0.009029,0.008167,-0.048081,-0.011606,-0.004141
0.003509,0.014001,-0.001985,0.006215,-0.010873,-0.002472,-0.003602,0.002299,-0.016865,0.005604,0.006513,0.026985,0.007191,0.008908,-0.035876,-0.008731,-0.002638
0.002476,0.011073,-0.001761,0.007478,-0.008507,-0.001573,-0.005114,0.001399,-0.012906,0.003429,0.004917,0.019473,0.005106,0.008259,-0.024574,-0.005997,-0.001003
0.001788,0.008668,-0.001509,0.005704,-0.005740,-0.001092,-0.003852,0.000422,-0.008560,0.001285,0.002577,0.012816,0.002888,0.005904,-0.012249,-0.003961,-0.000292
0.001035,0.004508,-0.000785,0.003008,-0.002726,-0.000568,-0.002003,-0.000144,-0.003827,0.000668,0.001340,0.006639,0.001481,0.002825,-0.006131,-0.002060,-0.000152
