AU01,AU02,AU04,AU05,AU06,AU07,AU09,AU10,AU12,AU14,AU15,AU17,AU20,AU23,AU25,AU26,AU45
-0.017674,-0.019068,0.026988,-0.004541,0.009953,0.017277,-0.000489,-0.000405,0.009126,-0.002075,-0.000029,-0.010284,-0.006517,-0.006993,-0.025594,-0.044984,0.007153
-0.027264,-0.032746,0.035321,-0.008344,0.018836,0.027736,-0.003436,0.000000,0.018306,0.009884,0.000605,-0.000067,0.000923,-0.007193,-0.029434,-0.055555,0.010492
-0.040544,-0.045615,0.038712,-0.019665,0.026298,0.034369,-0.007234,-0.001456,0.026106,0.025681,0.005389,0.008943,0.007903,-0.000499,-0.028863,-0.058290,0.013381
-0.049968,-0.066337,0.036636,-0.031633,0.031780,0.041879,-0.010212,-0.003433,0.033054,0.037778,0.010721,0.034210,0.013571,0.000609,-0.022539,-0.052702,0.019744
-0.052127,-0.079890,0.035732,-0.038466,0.040606,0.043875,-0.011380,-0.004934,0.042934,0.044541,0.002560,0.060994,0.018170,0.003108,-0.015103,-0.046421,0.024300
-0.019794,-0.073040,0.036678,-0.032538,0.044489,0.040293,-0.010935,-0.005456,0.048154,0.054242,0.000088,0.080455,0.023403,0.006245,-0.004875,-0.034357,0.025300
-0.001900,-0.054873,0.033960,-0.012540,0.045898,0.030433,-0.008944,-0.006500,0.055223,0.056512,-0.000573,0.091973,0.021378,0.007973,0.002209,-0.034696,0.025175
0.000969,-0.036852,0.032310,-0.000839,0.049268,0.023586,-0.005237,-0.002859,0.057037,0.056831,-0.001043,0.099156,0.022338,0.011098,0.009580,-0.012581,0.026370
0.014116,-0.033746,0.021575,0.009747,0.058408,0.037407,-0.000962,-0.000699,0.063943,0.038426,-0.000498,0.088228,0.020766,0.012412,0.011767,-0.001594,0.030144
0.022314,-0.029384,0.011445,0.032800,0.061140,0.048123,0.002645,0.000414,0.067626,0.023698,-0.000024,0.065885,0.017477,0.015039,0.014441,0.002737,0.034232
0.021377,-0.026159,0.000580,0.055886,0.062044,0.048231,0.007245,0.007030,0.068696,0.024512,0.000115,0.048904,0.034607,0.019596,0.012388,0.011726,0.036424
0.009368,-0.013548,-0.003251,0.041658,0.060070,0.027517,0.013166,0.008812,0.061717,0.029426,0.000304,0.036285,0.061414,0.033539,0.012633,0.021052,0.033972
0.000912,-0.016558,-0.012415,0.031811,0.051380,0.012957,0.017688,0.013098,0.053566,0.027951,0.009414,0.030291,0.078563,0.044074,0.012171,0.027316,0.030691
-0.000027,-0.016483,-0.018671,0.020988,0.050825,0.021212,0.017676,0.025930,0.052022,0.021755,0.016125,0.023227,0.079971,0.044408,0.008450,0.022688,0.023522
0.002895,-0.007508,-0.009906,0.011122,0.049207,0.024849,0.015323,0.040783,0.048625,0.012478,0.020305,0.035770,0.065288,0.037078,0.003828,0.015317,0.011508
0.023867,0.002238,-0.002501,-0.000045,0.048211,0.035115,0.006399,0.050065,0.049238,0.004436,0.022843,0.047188,0.042969,0.025048,0.001668,0.011124,0.000083
0.041038,0.037768,0.000859,-0.010652,0.052224,0.030514,0.006481,0.061053,0.043038,0.003766,0.024823,0.059850,0.030137,0.014484,0.009707,0.013006,-0.007492
0.044465,0.051460,0.002364,-0.011744,0.057881,0.034953,0.004916,0.071890,0.025925,-0.000025,0.027092,0.082123,0.013362,0.004297,0.019341,0.011514,-0.016953
0.032868,0.053887,0.000868,-0.005136,0.057779,0.035397,0.002912,0.073841,0.007996,-0.002448,0.019880,0.097479,-0.000168,0.001806,0.031905,0.017142,-0.019525
0.023740,0.050309,-0.000071,-0.001554,0.051729,0.027362,0.000031,0.066464,0.000226,-0.002560,0.008564,0.092954,-0.017386,0.004561,0.038070,0.018153,-0.016095
0.015214,0.057395,-0.003636,-0.009275,0.043066,0.008266,-0.000248,0.056790,-0.004126,0.000012,-0.002347,0.072723,-0.015613,0.013465,0.049068,0.007441,-0.009757
0.005192,0.055528,-0.000777,-0.010605,0.028500,-0.002288,-0.001915,0.043963,-0.009295,0.001334,-0.022664,0.041667,-0.010962,0.022282,0.053187,-0.000071,-0.004830
0.002542,0.046992,-0.000003,-0.004653,0.017760,-0.005422,-0.007235,0.039689,-0.007161,0.006144,-0.034608,0.011306,-0.003302,0.021888,0.054848,-0.008456,-0.000551
-0.000002,0.022478,0.001946,0.005994,0.011631,-0.006205,-0.012710,0.038566,0.000497,0.005741,-0.041081,0.006900,-0.001776,0.003907,0.054574,-0.027501,-0.000089
0.003421,0.006445,0.004493,0.012684,0.012653,0.001320,-0.020999,0.034478,0.013581,0.010815,-0.037912,0.001588,-0.005514,-0.001594,0.053573,-0.033446,-0.002004
0.008570,-0.000029,0.004361,0.009937,0.011817,0.009203,-0.008074,0.029104,0.041359,0.014038,-0.016792,-0.011514,-0.004302,-0.015075,0.066879,-0.040811,-0.004123
0.000590,-0.012221,0.001634,0.002737,0.011856,0.024033,-0.000554,0.034072,0.059320,0.019219,-0.001132,-0.025494,-0.001663,-0.035273,0.080595,-0.042273,-0.004903
-0.009221,-0.041139,-0.002836,0.000944,0.007795,0.037646,0.002547,0.035943,0.066540,0.020766,0.006134,-0.031704,-0.003062,-0.039065,0.088754,-0.023403,-0.005151
-0.024749,-0.073241,-0.009968,0.000313,0.003998,0.027827,0.006077,0.021657,0.062488,0.006332,0.019007,-0.037680,-0.012322,-0.029846,0.091212,-0.006258,-0.008556
-0.031941,-0.074352,-0.020824,-0.000012,0.001870,0.016960,0.009503,0.012205,0.050927,0.000686,0.021273,-0.019125,-0.012070,-0.022449,0.087697,-0.000016,-0.011262
-0.028653,-0.054746,-0.024895,-0.001636,0.006429,0.018844,0.004872,0.020080,0.053760,0.004108,0.013428,-0.005235,-0.019146,-0.017071,0.067065,0.001634,-0.011688
-0.021770,-0.030291,-0.024621,-0.022806,0.010117,0.015827,-0.000351,0.026892,0.051730,0.006248,0.002996,-0.000060,-0.011901,-0.015427,0.042843,0.006731,-0.009042
-0.015938,-0.012822,-0.022073,-0.033254,0.012087,0.000177,-0.009211,0.034453,0.051142,0.006332,-0.000704,0.005774,-0.004022,-0.023115,0.023170,0.005189,-0.002614
-0.004773,-0.000721,-0.016428,-0.036456,0.015148,-0.010897,-0.020070,0.037553,0.044867,0.008261,-0.016691,0.013711,-0.000006,-0.034079,0.015219,0.009909,-0.000161
-0.000035,0.007891,-0.009945,-0.020827,0.015955,-0.028015,-0.020430,0.031970,0.038520,0.005418,-0.024903,0.005245,0.002253,-0.040025,0.014374,0.005193,0.000661
0.002087,0.018217,-0.000172,-0.013274,0.011718,-0.026375,-0.023297,0.028508,0.036256,0.007104,-0.023560,-0.001858,0.007968,-0.035641,0.012866,0.000466,0.000892
0.000058,0.013846,0.004025,-0.009984,0.004173,-0.023129,-0.024497,0.018023,0.028700,0.019975,-0.009524,-0.022792,0.011809,-0.026642,0.017651,-0.002467,0.001768
-0.001112,0.002954,0.014333,-0.006000,0.000000,-0.031403,-0.024160,0.001207,0.010521,0.019891,-0.001700,-0.058053,0.005913,-0.011248,0.032152,-0.007868,0.000374
-0.005479,-0.000873,0.016540,0.001322,-0.009626,-0.039075,-0.018035,-0.016242,-0.000217,0.009935,0.006557,-0.065767,0.002463,-0.003021,0.052419,0.001708,-0.000780
0.000011,-0.009290,0.012416,0.028273,-0.006767,-0.025003,-0.014387,-0.024750,-0.003839,0.015812,0.018082,-0.051055,-0.007417,-0.000004,0.061809,0.013710,-0.006211
0.002701,-0.006980,0.010139,0.034670,-0.000807,-0.000643,-0.015272,-0.008975,-0.000345,0.020102,0.018607,-0.033104,-0.022187,0.000065,0.060963,0.028395,-0.013800
0.010535,-0.003939,0.006428,0.021446,0.004725,0.008962,-0.016801,-0.000454,0.003710,0.022423,0.012713,-0.013712,-0.031966,-0.001565,0.053729,0.028726,-0.013181
0.022014,0.000358,0.002190,0.005434,0.012015,0.018202,-0.015545,0.002571,0.011675,0.018794,0.006653,-0.004414,-0.025746,-0.007885,0.045393,0.036384,-0.013694
0.027904,0.006675,-0.001635,0.003139,0.018907,0.024910,-0.008936,0.016481,0.022512,0.014527,0.004286,0.000003,-0.016920,-0.011689,0.037110,0.035931,-0.014509
0.018482,0.018144,-0.008913,-0.000003,0.025375,0.033533,-0.006170,0.027045,0.032046,0.004247,0.002091,-0.000743,-0.007202,-0.008219,0.025898,0.029678,-0.018391
0.004637,0.025109,-0.014480,-0.005637,0.031080,0.032946,-0.002948,0.032843,0.041515,0.001315,0.000475,-0.006669,-0.000902,-0.004608,0.018292,0.011003,-0.019616
-0.000030,0.020216,-0.018251,-0.002313,0.032484,0.027071,-0.002719,0.036896,0.041345,0.005618,-0.002135,-0.014829,0.002561,0.001041,0.016292,-0.000999,-0.013515
-0.006886,0.014087,-0.012019,0.000550,0.029497,0.008996,0.000574,0.037922,0.040439,0.012868,-0.004574,-0.028405,0.022020,0.007954,0.020662,0.001604,-0.007889
-0.010479,0.005286,-0.008874,0.001265,0.022864,-0.007181,0.007556,0.034915,0.035621,0.028336,-0.004678,-0.027880,0.024590,0.015298,0.022278,0.007235,-0.005112
-0.016230,0.002662,-0.011532,0.002037,0.020812,-0.029216,0.016754,0.045348,0.030304,0.042028,-0.002148,-0.032542,0.025009,0.019474,0.019549,0.020076,-0.002512
-0.016634,-0.000035,-0.011361,0.006554,0.022520,-0.035088,0.020359,0.052452,0.030541,0.056587,-0.000476,-0.035636,0.027868,0.018536,0.016185,0.031884,-0.000441
-0.011101,0.000077,-0.007712,0.009334,0.020261,-0.054024,0.016062,0.052317,0.029119,0.053547,0.000119,-0.030439,0.030186,0.014079,0.011505,0.036787,-0.000249
-0.009966,0.000294,-0.002018,0.003316,0.020093,-0.059303,0.012939,0.052336,0.028894,0.061551,0.000270,-0.026895,0.012586,0.011692,0.012009,0.034997,-0.003731
-0.008230,0.001445,-0.000370,-0.000273,0.018868,-0.041166,0.015820,0.046407,0.024469,0.054877,0.000551,-0.022350,0.001779,0.008641,0.014096,0.036801,-0.009050
-0.010983,0.002658,-0.000154,-0.005277,0.020373,-0.009533,0.016965,0.036699,0.019503,0.040799,0.000627,-0.022817,0.000430,0.007322,0.018775,0.034513,-0.012632
-0.014608,-0.001351,-0.000130,0.000159,0.023168,0.001485,0.017436,0.031314,0.016639,0.021599,0.000042,-0.026596,-0.000494,0.009373,0.035861,0.034069,-0.006942
-0.014911,-0.018702,0.001491,0.009424,0.022400,0.035508,0.018789,0.023895,0.015916,0.009333,-0.003518,-0.026046,-0.000068,0.014302,0.047928,0.032681,-0.001798
-0.011087,-0.027284,0.008699,0.012204,0.015786,0.056727,0.020802,0.012737,0.013141,0.018011,-0.026262,-0.021393,0.001879,0.023793,0.048772,0.027414,-0.000023
-0.008060,-0.035404,0.005036,0.012106,0.011214,0.070533,0.021590,0.008069,0.011700,0.024052,-0.034280,-0.021220,0.008346,0.029821,0.042776,0.027294,0.000011
-0.011308,-0.052504,0.002512,0.020147,0.011998,0.076012,0.022890,0.009387,0.014787,0.028080,-0.006626,-0.030583,0.016097,0.014403,0.033265,0.020821,0.000233
-0.012521,-0.063499,0.000359,0.027055,0.010579,0.059218,0.025843,0.016644,0.023173,0.005871,0.002265,-0.034750,0.000193,-0.003405,0.044504,0.000910,-0.001664
-0.008386,-0.057080,0.000957,0.023352,0.011833,0.035750,0.024037,0.024033,0.032861,0.000362,0.011434,-0.033312,-0.010812,-0.025066,0.056416,-0.014730,-0.008463
-0.002320,-0.026542,0.000576,0.016608,0.010682,0.009928,0.024488,0.036842,0.038408,-0.000098,0.021092,-0.029877,-0.042923,-0.052165,0.065689,-0.035602,-0.018447
-0.000143,-0.000746,0.004968,0.008098,0.009189,0.000064,0.025146,0.044595,0.037852,-0.001626,0.026415,-0.024963,-0.068188,-0.071540,0.070222,-0.060504,-0.023954
0.002032,0.008533,0.010942,0.002257,0.010373,-0.017197,0.027479,0.040581,0.034347,-0.016863,0.033287,-0.024432,-0.084903,-0.086895,0.087137,-0.071479,-0.023490
0.007580,0.038071,0.015966,0.000858,0.010389,-0.011571,0.027573,0.026627,0.019122,-0.040768,0.035362,-0.021834,-0.084657,-0.088212,0.088382,-0.074031,-0.009801
0.015032,0.052226,0.016284,0.004777,0.008711,-0.015684,0.021432,0.007961,0.005103,-0.035533,0.022483,-0.019883,-0.059475,-0.064944,0.074899,-0.064067,-0.000170
0.006201,0.052930,0.008033,0.007947,0.005580,-0.006648,0.010821,-0.000121,-0.000143,-0.026838,0.009300,-0.015566,-0.028852,-0.033177,0.050958,-0.046913,0.004332
-0.000010,0.031110,-0.000051,0.009535,0.002015,-0.000645,0.002600,-0.009320,-0.006317,-0.013597,0.000131,-0.018834,-0.006764,-0.009080,0.029849,-0.020107,0.020854
-0.008413,0.004535,-0.009098,0.003022,0.000326,0.003776,0.001656,-0.012023,-0.007802,-0.011060,-0.003140,-0.025307,-0.001709,-0.001352,0.022181,-0.000571,0.023224
-0.016639,-0.003656,-0.026743,0.001021,0.001442,0.018237,0.001332,-0.011215,-0.005911,-0.002855,-0.013948,-0.023366,-0.002424,0.000031,0.015763,0.003528,0.020135
-0.023854,-0.012364,-0.045630,-0.000006,0.002613,0.024081,0.001495,-0.004363,-0.000750,0.001647,-0.025874,-0.020707,-0.005486,0.000941,0.004854,0.024139,0.009619
-0.024963,-0.009028,-0.050846,-0.004429,0.001833,0.003489,0.007129,-0.000043,0.000729,0.021875,-0.035694,-0.010267,-0.015138,0.003694,-0.000118,0.035274,0.000437
-0.015693,-0.005310,-0.044210,-0.017144,0.000392,-0.001894,0.013015,0.000051,0.005451,0.024830,-0.032748,-0.000027,-0.021390,0.000222,-0.001093,0.038374,-0.007527
-0.004144,-0.000044,-0.017387,-0.030416,0.000627,-0.004845,0.024068,-0.000129,0.003443,0.027866,-0.025415,0.001733,-0.015501,-0.003201,-0.004169,0.034303,-0.018108
0.004587,-0.000001,-0.000488,-0.038671,0.002043,-0.015717,0.029000,-0.002744,0.001320,0.029072,-0.006737,-0.000145,-0.004518,-0.008982,-0.002617,0.016157,-0.022756
0.012862,0.000009,0.010780,-0.043640,0.000338,-0.015724,0.028190,-0.016569,0.001884,0.012329,-0.003339,-0.001714,0.000058,-0.009284,0.000168,0.008765,-0.023292
0.022018,0.001465,0.028064,-0.040788,-0.000244,-0.008275,0.017906,-0.024869,0.001945,0.003012,-0.000730,-0.005059,0.007978,-0.004220,0.004999,0.006269,-0.021018
0.024921,0.000447,0.030577,-0.033570,-0.002520,-0.000115,0.005496,-0.032409,-0.000377,0.000466,-0.000256,-0.008625,0.032688,-0.000084,0.012049,0.006071,-0.019980
0.030503,-0.006811,0.025523,-0.011981,-0.004348,0.010094,-0.000069,-0.037977,-0.004281,0.000331,-0.000874,-0.015328,0.040061,0.000831,0.020080,0.003824,-0.020400
0.031581,-0.014233,0.020439,-0.001150,-0.004617,0.042751,-0.006352,-0.036201,-0.003795,-0.001406,-0.005134,-0.025162,0.011648,0.002010,0.008240,-0.000689,-0.021383
0.031482,-0.005619,0.011858,0.000567,-0.002172,0.027999,-0.010603,-0.023367,-0.001979,-0.006316,-0.010410,-0.027112,0.000109,0.003532,0.000097,-0.005513,-0.025202
0.017115,0.000003,-0.000478,0.006156,-0.000849,0.011277,-0.011733,-0.008013,-0.001584,-0.007381,-0.000843,-0.020429,-0.004089,0.007327,-0.004769,-0.019934,-0.027757
0.004148,0.006336,-0.007121,0.020009,0.000211,0.000957,-0.004999,0.000759,0.000061,-0.002319,0.001157,-0.017665,-0.012126,0.007073,-0.016485,-0.032590,-0.028904
0.000021,0.008171,-0.004805,0.017121,0.004006,-0.003276,-0.000304,0.013721,0.000107,0.000283,0.016440,-0.017917,-0.019728,0.005294,-0.021233,-0.042971,-0.025808
-0.002925,0.008427,-0.000352,0.009359,-0.000196,-0.021745,-0.000001,0.016010,0.003374,-0.002491,0.011920,-0.013251,-0.030041,0.000711,-0.010361,-0.037746,-0.014756
-0.006053,0.003131,0.000952,-0.000530,-0.003316,-0.034202,-0.000075,0.016441,0.010285,-0.009466,0.010305,-0.006328,-0.033814,-0.000571,-0.000635,-0.038519,-0.005608
-0.017413,0.001150,0.000622,-0.012745,-0.008102,-0.038480,-0.000165,0.015474,0.010456,-0.009738,0.015638,0.000019,-0.021263,-0.002186,0.002434,-0.032746,-0.000518
-0.014183,-0.002137,-0.000090,-0.017677,-0.013909,-0.012349,-0.000775,0.009531,0.008794,-0.007950,0.017929,0.000871,-0.009234,-0.001688,0.016799,-0.019919,0.000800
-0.009105,-0.027567,-0.000013,-0.011691,-0.017661,-0.000678,0.000095,0.003016,0.002501,-0.017947,0.008881,0.004502,-0.008914,-0.001973,0.021249,-0.015455,0.000491
-0.000745,-0.045862,0.003048,-0.005600,-0.013710,0.000646,0.001043,-0.000294,0.000038,-0.027024,0.000772,0.008052,-0.008567,-0.002620,0.020659,-0.005778,-0.000176
0.004458,-0.046468,0.001150,-0.000351,-0.005696,-0.000003,0.000539,-0.003529,-0.000382,-0.017566,0.000864,0.012229,-0.013118,-0.000393,0.017972,-0.000050,-0.004239
0.012524,-0.029328,-0.000274,0.000022,0.000190,-0.000316,0.000064,-0.000602,0.000001,-0.005127,0.002169,0.010893,-0.013885,0.000024,0.013237,0.001314,-0.010458
0.010926,-0.015980,-0.004803,0.000365,0.012245,0.000050,0.000014,-0.000302,-0.000594,0.000585,0.002788,0.000257,-0.011699,0.000421,0.009581,0.008845,-0.013063
0.007813,-0.004080,-0.010228,0.000665,0.005021,-0.000002,-0.000004,-0.001614,-0.000577,0.003243,0.000000,-0.001584,-0.010281,0.000001,0.007599,0.022571,-0.009671
0.006265,-0.001206,-0.013115,-0.000661,0.000930,-0.001257,-0.000281,-0.006622,-0.002031,0.002560,-0.001988,-0.000503,-0.010525,-0.000262,0.007377,0.013431,-0.004340
-0.000942,0.000708,-0.019424,-0.004514,-0.000024,-0.005686,-0.000119,-0.006485,-0.003027,0.001969,0.000673,0.000161,-0.001600,-0.001790,0.006077,0.004287,-0.000035
-0.011000,0.011820,-0.028965,-0.015122,-0.000880,-0.006680,-0.000677,-0.004771,-0.002903,0.000479,0.006869,-0.000414,0.001966,-0.003915,0.001920,0.000002,0.006026
-0.026045,0.009396,-0.029700,-0.016938,-0.003144,-0.007642,-0.000926,-0.002623,-0.005983,-0.001454,0.000303,-0.000283,0.015991,-0.003976,-0.000032,-0.001983,0.009102
-0.029951,0.014229,-0.013080,-0.014492,-0.004223,-0.005696,-0.002045,-0.000485,-0.009236,-0.014049,-0.002748,-0.000122,0.032364,-0.001319,0.000602,-0.019298,0.011338
-0.005631,0.024575,-0.000018,-0.001674,-0.003161,-0.002917,-0.006172,-0.000385,-0.007760,-0.018682,-0.011604,0.000525,0.038303,0.000000,0.002551,-0.019271,0.007007
0.001350,0.019097,0.020812,0.005832,-0.000063,0.000367,-0.009628,0.000080,-0.005006,-0.020173,-0.016484,0.009593,0.037305,-0.000352,0.004393,-0.015576,0.002393
0.000918,0.009026,0.039432,0.016701,0.005102,0.010880,-0.010642,0.004252,-0.001876,-0.016615,-0.012749,0.012937,0.031510,-0.002713,0.006667,-0.004862,0.000047
0.001160,0.001693,0.048908,0.022508,0.002990,0.012430,-0.004629,0.008447,-0.004481,-0.016390,-0.004234,0.012975,0.021498,-0.006039,0.008705,0.001584,-0.001909
0.001201,-0.000360,0.059785,0.025047,-0.000915,0.003758,-0.000709,-0.000004,-0.012003,-0.017394,-0.000005,0.021855,0.011190,-0.005790,0.009380,0.009101,-0.008175
0.000380,-0.012680,0.062582,0.025063,-0.010318,0.000192,0.001568,-0.005736,-0.030613,-0.016600,0.005517,0.027055,0.012391,-0.007678,0.002496,0.025798,-0.010904
-0.001001,-0.032016,0.053491,0.015874,-0.020358,-0.003136,0.008117,-0.021909,-0.049661,-0.016502,0.032957,0.023938,0.014846,-0.014880,-0.000524,0.046334,-0.005562
-0.003928,-0.051694,0.041428,0.004646,-0.034324,-0.013109,0.013112,-0.041641,-0.062195,-0.013844,0.046471,0.017573,0.020993,-0.023322,-0.006820,0.071323,-0.002603
-0.004753,-0.044534,0.018177,-0.000255,-0.042018,-0.030897,0.011056,-0.052819,-0.076227,-0.012075,0.049248,0.008192,0.008461,-0.031193,-0.010181,0.059556,-0.000489
0.000011,-0.021565,0.001404,0.000591,-0.045581,-0.022034,0.007726,-0.055310,-0.083423,-0.019016,0.045258,0.000552,0.002312,-0.036031,-0.004498,0.025438,0.000000
0.011707,-0.008953,-0.002005,0.006965,-0.048714,-0.015390,0.002422,-0.045778,-0.080569,-0.028265,0.038131,0.000028,-0.000753,-0.041153,-0.001191,0.000472,0.000877
0.014048,-0.003747,-0.008760,0.016406,-0.050969,-0.006011,-0.000140,-0.030258,-0.077286,-0.030836,0.023205,0.003136,-0.008176,-0.040726,0.000370,-0.009435,0.003095
0.013985,-0.000115,-0.013521,0.027118,-0.046161,-0.004167,-0.002192,-0.010909,-0.070313,-0.035415,0.012858,0.012820,-0.023051,-0.037119,0.004870,-0.024799,0.007424
0.012607,0.013336,-0.008887,0.034732,-0.037751,-0.009902,-0.004624,-0.001328,-0.057180,-0.041338,0.003439,0.024167,-0.042002,-0.030815,0.009175,-0.042678,0.007648
0.019004,0.019211,-0.002190,0.038016,-0.030183,-0.019468,-0.005639,0.003308,-0.050400,-0.041807,0.005179,0.030753,-0.046639,-0.026784,0.000634,-0.036409,0.006409
0.018910,0.006727,-0.000224,0.032151,-0.020688,-0.023751,-0.007561,0.006722,-0.038691,-0.038957,0.017462,0.024426,-0.042078,-0.023717,-0.001747,-0.017422,0.005283
0.024239,-0.000078,0.001493,0.016424,-0.015417,-0.030982,-0.005990,0.011523,-0.021055,-0.023814,0.027624,0.011787,-0.035677,-0.024741,-0.003639,-0.001704,0.001755
0.026388,-0.007949,0.001012,-0.000419,-0.010828,-0.017046,-0.003423,0.010188,-0.009526,-0.014031,0.031113,0.002062,-0.039934,-0.028650,-0.008920,0.002888,-0.000026
0.026655,-0.000115,-0.001686,-0.009239,-0.005803,-0.010645,-0.002026,0.010223,-0.002648,-0.021472,0.034016,0.001194,-0.043313,-0.024858,-0.013582,0.009775,-0.002435
0.017774,0.002111,-0.016636,-0.014898,-0.004272,-0.013488,-0.000850,0.012098,0.000126,-0.025784,0.021100,0.001111,-0.040045,-0.018740,-0.016561,0.011791,-0.007852
0.012519,0.004891,-0.028477,-0.013806,-0.008807,-0.015381,-0.001888,0.012262,-0.000355,-0.017383,0.000577,0.000058,-0.019004,-0.011375,-0.013827,0.011474,-0.006828
0.001577,0.002715,-0.027353,-0.010068,-0.014574,-0.014357,-0.003140,0.006870,-0.002217,-0.007764,-0.008839,0.000412,0.000106,-0.007108,-0.012411,0.007775,-0.002138
-0.000382,0.011256,-0.022419,-0.005569,-0.015841,-0.009526,-0.003890,0.001804,-0.004432,-0.006651,-0.040830,0.002187,0.012625,-0.003059,-0.005972,-0.000010,-0.000232
-0.006243,0.023651,-0.017225,-0.004977,-0.012117,-0.006779,-0.004050,0.000018,-0.006337,-0.004403,-0.046949,0.006070,0.026759,-0.000248,-0.005981,-0.003244,0.000028
-0.013171,0.025309,-0.012203,-0.001897,-0.007732,-0.008388,-0.004312,-0.000211,-0.004511,-0.001272,-0.027832,0.000812,0.036330,0.000916,0.000176,-0.010098,0.000277
-0.011671,0.012982,-0.008053,-0.000248,-0.001655,-0.019096,-0.004998,0.002268,-0.000416,0.001768,-0.007919,-0.002122,0.042191,-0.000013,0.009154,-0.021098,0.000010
-0.007425,0.003286,-0.002050,-0.008171,-0.000169,-0.004387,-0.007227,0.006857,0.001081,0.009139,0.000008,-0.017302,0.034015,-0.003241,0.025651,-0.034043,-0.000973
-0.000336,0.006143,-0.000875,-0.019723,0.001129,-0.000018,-0.011397,0.006246,0.004362,0.005841,0.012748,-0.018151,0.020989,-0.002728,0.027778,-0.039810,-0.006900
0.000450,0.008675,0.001704,-0.011207,0.005831,0.000051,-0.007381,0.006883,0.007608,0.007683,0.024687,-0.016088,0.009010,-0.000016,0.028610,-0.034182,-0.014055
0.001416,0.007451,0.005710,-0.001766,0.008845,0.000805,-0.002578,0.007286,0.010101,0.015693,0.018064,-0.015944,-0.000145,0.001478,0.022521,-0.024098,-0.012067
-0.000024,0.000015,0.007872,0.000466,0.007836,0.000877,-0.000259,0.005823,0.013141,0.016472,0.005633,-0.017572,-0.003127,0.000164,0.006157,-0.003877,-0.005121
-0.002699,-0.004774,0.005037,0.012167,0.006146,0.005324,0.001318,0.002379,0.012931,0.010706,0.000063,-0.017717,-0.006483,-0.001306,0.000014,0.000401,-0.001022
-0.007508,-0.014418,0.001946,0.013850,0.005968,0.022986,0.002466,0.000090,0.012745,0.004626,-0.006395,-0.016165,-0.008455,-0.002862,-0.009628,0.000277,0.000133
-0.015942,-0.015750,-0.000037,0.022671,0.006062,0.028976,0.000743,0.000002,0.012694,0.003307,-0.009759,-0.017404,-0.015336,-0.003243,-0.008240,0.000109,0.002532
-0.027774,-0.024333,-0.007026,0.012115,0.007016,0.026282,0.000028,0.001541,0.012239,0.001387,-0.009378,-0.016042,-0.013046,-0.003429,-0.010212,-0.000031,0.006642
-0.035563,-0.025623,-0.016310,0.004437,0.004563,0.027414,-0.002014,0.003133,0.011311,0.000252,-0.003956,-0.012484,-0.009820,-0.000843,-0.014245,-0.000089,0.010487
-0.030522,-0.009042,-0.030737,-0.000024,0.002540,0.032372,-0.008800,-0.001496,0.009400,-0.002300,-0.001481,-0.000966,-0.007661,-0.000001,-0.020924,-0.000324,0.007162
-0.014217,-0.000365,-0.024312,-0.000711,0.002868,0.022716,-0.013650,-0.011855,0.008009,0.000354,0.000220,0.001487,-0.005018,0.002167,-0.022473,-0.000892,0.000124
-0.007922,0.001809,-0.015311,-0.002841,0.004337,0.012657,-0.015256,-0.021024,0.008173,0.005488,0.008378,0.016077,-0.003592,0.008309,-0.023216,-0.002456,-0.003349
-0.002477,0.000027,-0.007892,-0.005554,0.005043,0.001584,-0.015525,-0.026778,0.009958,0.007892,0.014106,0.029312,-0.004304,0.011224,-0.017997,-0.000447,-0.008236
-0.000558,-0.001792,-0.007430,0.001619,0.003870,-0.012666,-0.010544,-0.027858,0.006616,0.010852,0.018525,0.037596,-0.003199,0.010238,-0.011719,-0.000735,-0.013447
0.000392,-0.000407,-0.005023,0.006457,0.002691,-0.014021,-0.005485,-0.024314,0.004712,0.011837,0.019575,0.016427,-0.003931,0.011119,-0.006199,-0.007673,-0.015051
0.000481,-0.000002,-0.002239,0.021784,0.003976,-0.010671,0.000126,-0.017099,0.002705,0.012166,0.020210,0.002391,-0.002198,0.010630,-0.001618,-0.016782,-0.014433
-0.000829,-0.000245,-0.002024,0.012874,0.004679,-0.006803,0.004114,-0.008066,0.001423,0.001400,0.011983,-0.000599,0.000164,0.009938,-0.000092,-0.017656,-0.003002
-0.006895,-0.001426,-0.006090,0.010269,0.003381,-0.002471,0.005325,-0.005368,0.001008,-0.000526,0.004510,-0.008807,0.008048,0.012544,-0.001227,-0.016707,0.000444
-0.003807,0.000006,-0.018510,0.002894,0.003044,-0.000172,0.005816,-0.006156,0.000592,-0.008755,-0.000283,-0.013845,0.009180,0.014679,-0.003936,-0.014793,0.007995
0.000041,0.004775,-0.023681,0.000026,0.003010,0.001122,0.002633,-0.010478,0.000091,-0.013511,-0.007031,-0.014774,0.007657,0.017154,-0.013651,-0.015806,0.010284
0.001685,0.009128,-0.017500,-0.004495,0.004674,0.005495,0.000484,-0.009110,0.000333,-0.015914,-0.010247,-0.003375,0.006796,0.017024,-0.017842,-0.013964,0.009603
0.003648,0.002654,-0.004271,-0.023952,0.006315,0.011655,0.000027,-0.005665,0.002407,-0.012179,-0.011110,0.000937,0.005766,0.013889,-0.009828,-0.000687,0.006812
-0.000257,-0.002796,0.000000,-0.031651,0.001199,0.005168,-0.000297,-0.005598,0.000573,-0.001742,-0.010275,0.009059,0.000613,0.008656,-0.002590,0.001458,0.009890
-0.003343,-0.002881,0.004326,-0.035420,-0.000104,-0.000481,-0.002401,-0.004323,0.000258,0.001602,-0.006122,0.002805,-0.001118,0.004795,0.000400,0.007426,0.010884
-0.008073,-0.006050,0.014597,-0.030502,-0.001276,-0.010440,-0.000189,-0.002045,0.001703,0.015341,-0.001040,-0.000017,-0.001496,0.000506,0.003316,0.013070,0.008496
-0.013723,-0.004689,0.031046,-0.021497,-0.002136,-0.020972,0.006574,0.000221,0.003919,0.022921,0.000203,-0.004340,-0.000022,-0.000642,0.010337,0.021183,0.004464
-0.018922,-0.008259,0.033308,-0.003724,-0.003235,-0.032216,0.011114,0.000526,0.004583,0.028934,0.000959,-0.010492,0.000399,-0.003017,0.009961,0.024173,0.001210
-0.012713,-0.008780,0.025597,0.000015,-0.002071,-0.040307,0.006539,-0.000350,0.004714,0.030973,-0.002106,-0.015108,0.001414,-0.006118,0.008166,0.022336,0.000077
-0.005676,-0.004814,0.012103,0.001755,-0.000463,-0.036192,0.000097,-0.002435,0.004458,0.022633,-0.005146,-0.013444,0.005106,-0.007438,0.000043,0.005046,-0.001409
-0.002700,-0.000019,0.003246,0.007414,0.000071,-0.024453,-0.003581,-0.005462,0.002471,0.003417,-0.009343,-0.011300,0.009363,-0.007633,-0.006275,-0.004138,-0.007056
-0.000145,0.005011,0.000445,0.024196,0.000199,-0.013162,-0.009425,-0.003408,0.000656,-0.000557,-0.005286,-0.007148,0.017627,-0.003873,-0.014814,-0.015231,-0.015224
-0.000087,0.011496,0.000021,0.022312,-0.000394,-0.004121,-0.015045,-0.004253,-0.000688,-0.005656,0.000041,-0.000077,0.009386,-0.001207,-0.021242,-0.014508,-0.011118
-0.000155,0.023134,0.000228,0.020521,-0.000168,-0.000159,-0.021498,-0.010915,-0.004974,-0.013956,0.004384,0.001920,0.008858,-0.000056,-0.017161,-0.003234,-0.004693
-0.000005,0.027260,-0.000194,0.018284,-0.000042,0.000034,-0.023967,-0.017132,-0.004334,-0.023647,0.011323,0.003699,0.002159,0.000071,-0.013403,-0.000005,-0.000275
0.000183,0.032124,-0.000227,0.015746,0.000243,0.001667,-0.013583,-0.019352,-0.004568,-0.017501,0.020151,0.003385,0.006515,0.000539,-0.006164,0.005221,-0.000129
0.001452,0.009763,0.000456,0.019336,0.001012,0.000794,-0.003472,-0.015822,-0.005993,-0.006155,0.027963,0.002604,0.009006,0.000846,0.000286,0.011565,-0.000966
0.005325,0.000185,0.003045,0.021568,0.001958,-0.000251,-0.000421,-0.012623,-0.004864,-0.001097,0.026020,0.001344,0.010011,0.000689,0.010203,0.015034,-0.002027
0.010598,-0.007056,0.000148,0.015263,0.005454,-0.000789,-0.000078,-0.008570,-0.002668,0.000439,0.018426,0.000216,0.010198,-0.000240,0.018121,0.009350,-0.000564
0.008607,-0.012332,-0.002463,0.007906,0.009060,0.000305,-0.002269,-0.003988,0.000010,0.000068,0.009095,-0.001468,0.004062,-0.003888,0.015100,0.004378,0.000000
0.001549,-0.018679,-0.005642,0.000582,0.003072,0.001054,-0.005442,0.000054,0.001346,-0.000038,0.000415,-0.017367,0.002915,-0.003374,0.010086,0.000242,0.000508
0.000045,-0.020471,-0.007727,-0.002634,0.000003,-0.000616,-0.003192,0.012543,0.003488,-0.003510,-0.001580,-0.011147,0.000228,0.000177,0.003186,-0.010255,0.001604
-0.000612,-0.014829,-0.007626,-0.000023,0.000012,-0.004993,-0.000048,0.013292,0.004010,-0.009209,-0.008016,-0.009585,0.000380,0.002817,-0.000017,-0.020570,0.005153
-0.003042,0.000013,-0.006151,0.000850,0.000294,-0.014808,0.001128,0.017920,0.006220,-0.016360,-0.012690,-0.010039,-0.002845,0.005301,-0.003895,-0.025029,0.007996
-0.004745,0.013759,-0.004256,0.000318,0.000859,-0.022657,0.003334,0.018084,0.003135,-0.014983,-0.022150,-0.008617,0.000391,0.007510,-0.018062,-0.019455,0.007657
-0.000005,0.014573,-0.001596,-0.000002,-0.000191,-0.025387,0.003447,0.017722,0.000519,-0.011251,-0.020164,-0.000990,0.005497,0.009356,-0.013911,-0.015843,0.002070
0.003171,0.012969,0.000023,-0.000112,-0.001999,-0.006117,0.001892,0.010768,-0.000055,-0.001456,-0.019491,0.000199,0.014465,0.008626,-0.013560,-0.015580,0.000006
0.011508,0.010047,0.001566,-0.002676,-0.001022,-0.000069,0.002145,0.004113,0.000029,0.000784,-0.015669,0.002857,0.022403,0.004317,-0.006549,-0.005680,-0.000837
0.026649,0.014735,0.004943,-0.007466,-0.000170,0.003920,0.001369,0.000141,0.001192,0.011128,-0.010435,0.013372,0.021555,0.000641,-0.002856,0.000769,-0.003067
0.035854,0.020015,0.008154,-0.019503,-0.000773,0.003646,0.000112,0.000007,-0.000017,0.030275,-0.009802,0.016136,0.020650,-0.001239,-0.000179,0.020742,-0.005498
0.042784,0.022548,0.009884,-0.031841,-0.001189,0.001732,0.001232,-0.000118,-0.002275,0.039085,-0.010903,0.025269,0.021440,0.000600,0.000439,0.023280,-0.007588
0.043693,0.009225,0.006280,-0.031196,-0.000203,0.009374,0.004008,-0.006063,-0.009081,0.042628,-0.009450,0.023864,0.025148,0.003566,0.003317,0.022162,-0.006445
0.034624,0.004310,0.002428,-0.019528,0.000615,0.009310,0.010973,-0.006800,-0.013190,0.033843,-0.001889,0.018561,0.024926,0.005063,0.007180,0.020938,-0.001979
0.021978,0.000455,0.000020,-0.016272,0.008316,0.011621,0.012778,-0.000213,-0.014853,0.017761,0.000695,0.008496,0.010010,0.001320,0.000878,0.018617,0.000435
0.013491,-0.001830,-0.000826,-0.007191,0.009236,0.011427,0.008481,0.002149,-0.014149,0.000151,0.013327,0.003019,0.002245,0.000280,0.000002,0.014483,0.001924
0.007141,-0.008350,-0.004040,-0.000369,0.002945,0.023772,0.003176,0.000011,-0.011837,-0.005723,0.020233,0.003699,-0.000002,0.000219,-0.004319,0.010917,0.004873
0.003122,-0.017004,-0.008433,0.000833,0.000234,0.036312,0.000141,-0.000956,-0.005084,-0.020044,0.024111,0.003951,-0.003203,-0.000023,-0.004324,0.009486,0.004349
0.003075,-0.010242,-0.002208,0.000045,-0.000134,0.053141,-0.000079,-0.002049,0.000215,-0.023752,0.023115,0.006948,-0.015048,-0.001430,-0.005709,0.009886,0.002454
-0.000011,-0.000227,0.003885,-0.011392,0.001683,0.064070,0.003916,0.000475,0.008868,-0.012599,0.015114,0.009461,-0.028150,-0.013231,-0.008659,0.002702,0.017034
-0.015884,-0.000093,0.018000,-0.027692,0.011562,0.064760,0.014977,0.006029,0.023947,-0.003423,0.015424,0.006625,-0.041762,-0.039024,-0.019529,-0.000049,0.078809
-0.036183,-0.002175,0.024638,-0.052042,0.022246,0.069131,0.019536,0.009384,0.038477,0.004531,0.015215,0.003759,-0.039377,-0.073657,-0.024821,-0.002292,0.164402
-0.049762,-0.007477,0.025943,-0.062981,0.029171,0.062553,0.023166,0.011385,0.048219,0.015391,0.013093,0.001557,-0.020025,-0.104818,-0.023150,-0.004519,0.243261
-0.056897,-0.015117,0.024251,-0.071263,0.037201,0.057247,0.019301,0.019552,0.055933,0.024863,0.017791,-0.000054,-0.011921,-0.127656,-0.022522,-0.000037,0.294016
-0.054216,-0.017987,0.024847,-0.050276,0.045662,0.063360,0.013417,0.023756,0.056253,0.018220,0.022489,-0.009689,-0.013285,-0.132681,-0.020534,0.001333,0.303417
-0.041789,-0.020330,0.021296,-0.012346,0.041567,0.058074,0.007691,0.014398,0.034008,0.008105,0.023466,-0.011272,-0.016724,-0.113341,-0.015882,0.002038,0.252767
-0.020234,-0.013253,0.016044,0.000662,0.028417,0.028815,0.001565,0.012530,0.012239,0.001524,0.016775,-0.010818,-0.016811,-0.069839,-0.008405,0.003489,0.132212
-0.000398,-0.001023,0.012531,0.019452,0.008469,0.005741,-0.003728,0.010585,0.000173,-0.002058,0.008004,-0.008821,-0.017282,-0.015578,-0.000127,0.012916,0.011294
0.026628,0.012813,0.015526,0.010504,-0.000526,0.011101,-0.001874,0.011052,-0.014987,-0.009494,0.000792,-0.008968,-0.013963,0.006037,0.012677,0.013930,-0.062770
0.027780,0.012740,0.011316,0.005150,-0.005155,0.014640,0.000003,0.014878,-0.030873,-0.020010,-0.000386,-0.011352,-0.014828,0.035096,0.016008,0.016609,-0.156554
0.023516,0.008313,0.003738,0.001375,-0.015210,0.005427,0.004970,0.005909,-0.038141,-0.014644,-0.004285,-0.009192,-0.015362,0.054245,0.016773,0.016234,-0.210251
0.022988,0.011296,-0.001166,0.000817,-0.027000,-0.006800,0.012886,0.002050,-0.043159,-0.014342,-0.013564,-0.002552,-0.008904,0.060256,0.017709,0.009895,-0.228368
0.025691,0.015736,-0.009317,-0.000156,-0.037591,-0.035632,0.013886,0.000012,-0.041084,-0.016282,-0.021223,-0.000297,-0.001592,0.058009,0.017812,0.009817,-0.216513
0.025746,0.029938,-0.017271,-0.000247,-0.037085,-0.042396,0.011639,-0.003346,-0.036206,-0.023915,-0.026170,-0.000437,0.000525,0.053313,0.015338,0.008292,-0.176895
0.021653,0.035090,-0.024511,0.001653,-0.032301,-0.054821,0.009449,-0.018739,-0.040294,-0.031575,-0.017057,-0.000982,0.002223,0.044061,0.007406,0.001335,-0.132767
0.016536,0.038518,-0.029319,0.012110,-0.027110,-0.077888,0.001123,-0.023855,-0.040550,-0.032065,-0.012118,-0.001127,0.005704,0.034491,-0.000640,-0.003480,-0.101936
0.013874,0.029633,-0.029624,0.013508,-0.029781,-0.094326,-0.001803,-0.029785,-0.038680,-0.031887,-0.005936,0.000018,0.004983,0.026906,-0.005359,-0.008710,-0.076368
0.012998,0.018613,-0.025353,0.000385,-0.032845,-0.092053,-0.013227,-0.032707,-0.036255,-0.027644,-0.004365,0.000010,0.006759,0.016829,-0.009945,-0.014400,-0.055594
0.004774,0.009746,-0.021073,-0.009482,-0.032891,-0.076172,-0.025862,-0.032861,-0.038140,-0.020837,-0.002653,-0.000027,0.006062,0.015859,-0.011408,-0.002026,-0.044391
0.000077,0.001602,-0.014619,-0.024668,-0.034531,-0.047485,-0.029681,-0.038403,-0.035609,-0.011566,-0.001115,0.000000,0.004573,0.015570,-0.011127,0.002206,-0.035332
-0.001919,0.000046,-0.008065,-0.025304,-0.032102,-0.022037,-0.030344,-0.039415,-0.031722,-0.002953,-0.002463,0.000718,0.002514,0.015384,-0.011543,0.009032,-0.026467
-0.000292,-0.002609,-0.000024,-0.025469,-0.027865,-0.003481,-0.028226,-0.036007,-0.026644,0.000233,-0.000142,0.000020,0.000842,0.012118,-0.009232,0.002779,-0.017322
0.000250,-0.001292,0.002916,-0.021851,-0.024810,0.002461,-0.022346,-0.029500,-0.023313,-0.000188,0.000078,-0.000688,0.000024,0.012069,-0.008912,-0.001466,-0.008434
0.001806,0.000865,0.003314,-0.001865,-0.019434,0.003882,-0.012574,-0.021365,-0.020865,-0.001625,0.001583,-0.012855,-0.003288,0.011085,-0.008441,-0.007933,-0.002267
0.008335,0.007332,0.002366,0.003335,-0.014250,0.009080,-0.005825,-0.011932,-0.019939,-0.000041,0.003132,-0.029374,-0.010242,0.007854,-0.014338,-0.017968,-0.000637
0.017520,0.005939,-0.000666,0.015188,-0.017638,0.005516,-0.005574,-0.007075,-0.021775,0.000979,0.006145,-0.042379,-0.021336,0.002356,-0.012470,-0.026317,0.000030
0.025527,0.009562,-0.005485,0.015461,-0.019762,0.005489,-0.009493,-0.008103,-0.024296,-0.000098,0.002718,-0.051089,-0.027377,-0.001045,-0.013028,-0.034848,0.001811
0.025243,0.018499,-0.015137,0.013604,-0.023195,-0.000552,-0.013283,-0.010746,-0.027974,-0.004469,0.001872,-0.052715,-0.036219,-0.000637,-0.014572,-0.029755,0.000019
0.021244,0.032488,-0.024486,0.010071,-0.023392,-0.007080,-0.015740,-0.010070,-0.027690,-0.014581,-0.000056,-0.051841,-0.038287,0.000055,-0.014249,-0.019863,-0.000842
0.019377,0.050820,-0.030226,0.004398,-0.019875,-0.006829,-0.016270,-0.006478,-0.022988,-0.023437,-0.007797,-0.039890,-0.030560,0.001362,-0.013699,-0.006501,-0.003623
0.017440,0.053854,-0.030613,0.000020,-0.014869,-0.006729,-0.014431,-0.005333,-0.017819,-0.029301,-0.011393,-0.024366,-0.008025,0.001524,-0.012161,0.001035,-0.006248
0.013443,0.055986,-0.027014,-0.007972,-0.011377,-0.006851,-0.010133,-0.007613,-0.015487,-0.035164,-0.012371,-0.008728,0.002145,0.001231,-0.008445,0.007062,-0.008264
0.008547,0.055515,-0.024386,-0.004728,-0.011662,-0.012121,-0.000267,-0.011836,-0.015556,-0.041628,-0.012440,-0.002210,0.018250,0.005040,-0.011874,0.013580,-0.006975
0.006069,0.046994,-0.018646,-0.000524,-0.012307,-0.009239,0.007208,-0.016945,-0.017191,-0.037818,-0.007218,0.001339,0.024707,0.010156,-0.015520,0.016371,-0.004880
0.005980,0.036369,-0.020137,0.004370,-0.017828,-0.016543,0.015984,-0.022600,-0.022029,-0.029455,-0.001514,0.007340,0.015854,0.013066,-0.019905,0.017290,-0.005769
0.003371,0.021687,-0.018512,0.008200,-0.022134,-0.009838,0.017649,-0.036038,-0.027697,-0.028595,0.000032,0.009603,0.008176,0.013012,-0.023532,0.008892,-0.006347
0.003002,0.013408,-0.013458,0.016928,-0.026656,-0.009872,0.013436,-0.050764,-0.034005,-0.027361,0.012330,0.002789,0.000980,0.013432,-0.029883,-0.000009,-0.008612
0.002891,0.002884,-0.006517,0.024835,-0.029045,0.000017,0.005979,-0.057192,-0.035572,-0.028026,0.028571,-0.000337,-0.000673,0.009109,-0.036611,-0.010511,-0.007656
0.003697,-0.000129,-0.000020,0.029742,-0.027228,0.008382,0.001052,-0.051619,-0.030874,-0.024739,0.033261,-0.000570,-0.010204,0.002907,-0.043803,-0.023460,-0.007544
-0.003207,-0.009094,0.002561,0.022579,-0.021593,0.017544,-0.000133,-0.033976,-0.012192,-0.011210,0.030582,-0.000530,-0.004291,-0.000009,-0.046735,-0.029648,-0.008454
-0.011252,-0.008582,0.007840,0.021906,-0.013768,0.021367,-0.004889,-0.016686,-0.000597,-0.001274,0.018104,-0.000638,-0.000062,-0.005156,-0.040460,-0.027060,-0.009629
-0.011543,-0.005984,0.006476,0.017438,-0.008157,0.022638,-0.004922,-0.005689,0.002292,0.001278,0.007496,0.000856,0.001360,-0.005045,-0.037274,-0.020561,-0.008914
-0.008197,0.000749,0.005486,0.011334,-0.004266,0.027974,-0.008164,-0.000953,0.010140,0.008574,-0.000010,0.006085,0.008604,-0.002057,-0.037083,-0.007904,-0.006951
-0.003992,0.011954,0.000084,0.002071,-0.000558,0.023944,-0.011031,-0.000050,0.016549,0.019074,-0.005499,0.014502,0.004019,-0.001955,-0.040546,0.001695,-0.006967
-0.006721,0.010981,-0.000959,-0.002496,0.000103,0.005134,-0.010601,0.000009,0.021493,0.018056,-0.014870,0.020380,0.000515,-0.001548,-0.040696,0.017822,-0.005880
-0.006805,0.002632,-0.001195,-0.009306,0.001350,-0.003521,-0.013975,0.000249,0.019874,0.007711,-0.012778,0.015499,0.000015,0.000197,-0.040170,0.026266,-0.006059
-0.003730,-0.000026,-0.001365,-0.015511,0.001078,-0.014826,-0.019925,0.000249,0.015163,0.002457,-0.010572,0.000655,0.000008,0.003584,-0.038482,0.008014,-0.003614
-0.000105,-0.004550,-0.000224,-0.022610,0.000617,-0.018662,-0.020409,0.000265,0.015513,-0.000133,-0.013944,-0.001866,-0.000118,0.005541,-0.037753,0.000743,-0.000005
-0.001227,-0.016454,0.000508,-0.034652,0.000664,-0.018033,-0.020966,0.006168,0.021813,-0.000387,-0.014130,-0.005080,0.000382,0.002360,-0.031203,-0.000758,0.003084
-0.005818,-0.034751,0.005138,-0.033876,0.001837,-0.009486,-0.018791,0.015488,0.027192,-0.000588,-0.015951,-0.010767,0.002997,0.000661,-0.020542,-0.004881,0.008363
-0.002933,-0.054309,0.001108,-0.038753,0.004711,-0.002802,-0.014605,0.019102,0.029686,-0.000355,-0.014951,-0.006571,0.004478,0.000242,-0.010909,-0.013261,0.011307
0.000002,-0.046854,-0.000359,-0.037637,0.007104,0.000968,-0.012471,0.017469,0.027451,-0.000065,-0.018400,0.000080,0.005808,0.000083,-0.000259,-0.024759,0.014265
0.007825,-0.031981,-0.011477,-0.028049,0.005636,0.016106,-0.009820,0.005360,0.023227,0.000334,-0.020806,0.007389,0.002553,-0.000024,0.000602,-0.023636,0.014819
0.007338,-0.012256,-0.014810,-0.005670,0.002746,0.021981,-0.005227,-0.000079,0.015380,0.002455,-0.016148,0.022628,-0.000853,-0.000967,0.003020,-0.015604,0.013448
0.008570,-0.006795,-0.014969,0.000411,0.000040,0.025808,-0.005698,-0.002010,0.005721,0.000149,-0.006043,0.038988,0.000215,-0.001071,0.001433,-0.011443,0.010223
0.011045,-0.017052,-0.012894,0.009501,-0.000125,0.022834,-0.007203,-0.005058,-0.000654,-0.000195,0.000000,0.035485,0.003215,-0.000152,0.000089,-0.005711,0.004805
0.011738,-0.020259,-0.011775,0.019481,-0.003891,0.008554,-0.004941,-0.008615,-0.006151,-0.003866,0.001152,0.025661,0.007401,0.001653,-0.000116,-0.004070,0.003571
0.015017,-0.006526,-0.008743,0.028130,-0.004916,-0.006702,-0.001371,-0.005614,-0.010260,-0.004886,0.002869,0.018155,0.013124,0.001445,0.000196,-0.001015,0.000465
0.016056,-0.001373,-0.001814,0.024545,-0.003161,-0.022419,0.000005,0.000746,-0.011997,-0.007019,0.003560,0.020160,0.008981,0.001605,0.001174,0.000238,0.000560
0.016871,0.000036,0.000022,0.008539,-0.000197,-0.013595,0.000979,0.008187,-0.005707,-0.000504,0.005943,0.017510,0.005775,0.001526,0.001416,0.005383,0.000031
0.014735,0.000225,0.001190,0.000747,0.003455,-0.006378,0.003043,0.022065,-0.000188,0.000254,0.004453,0.017484,0.002632,0.002110,0.008592,0.005872,0.000446
0.002113,-0.000014,0.000056,-0.002102,0.007426,-0.001802,0.004777,0.036334,0.003354,0.002685,0.004101,-0.002436,0.000387,0.005126,0.008301,0.012908,0.000603
-0.001295,0.000536,0.004399,-0.000042,0.014299,0.000425,0.007587,0.047430,0.011746,0.005440,0.000624,-0.019059,-0.005638,0.003785,0.010798,0.023440,0.000878
-0.006575,0.005373,0.008685,0.003439,0.015656,0.012613,0.000027,0.051546,0.020307,0.007544,0.004350,-0.040511,-0.011421,0.001545,0.009653,0.019872,0.000807
-0.008382,0.000144,0.012200,0.028683,0.022994,0.037696,-0.003197,0.049547,0.027590,0.015835,0.008985,-0.059389,-0.018332,-0.000855,0.019311,0.024428,0.001087
-0.012057,-0.010545,0.011333,0.057244,0.023594,0.055094,-0.011298,0.041185,0.030101,0.018522,0.014698,-0.064972,-0.030717,-0.004551,0.030398,0.019081,0.003294
-0.012036,-0.015180,0.014421,0.078106,0.027137,0.041963,-0.015294,0.027351,0.029453,0.015827,0.018322,-0.056853,-0.034394,-0.009019,0.041974,0.013112,0.002601
-0.008808,-0.020042,0.018930,0.046630,0.028150,0.026823,-0.013956,0.011097,0.023650,0.008461,0.001988,-0.021635,-0.029989,-0.007947,0.027925,0.000353,0.001758
-0.003203,-0.016538,0.018336,0.015072,0.025115,0.022684,-0.009230,0.000341,0.020188,0.008527,-0.000203,-0.000502,-0.021366,-0.004513,0.007013,-0.005691,0.000049
0.001674,-0.014029,0.011198,0.000912,0.021332,0.015385,-0.001150,-0.007325,0.016349,0.008747,-0.001732,0.035226,-0.010060,-0.000516,0.000006,-0.024196,-0.000804
0.001798,-0.015899,0.000005,-0.002140,0.016747,0.005609,0.002963,-0.001264,0.020275,0.017114,-0.002632,0.041614,0.000182,0.002183,-0.007190,-0.013872,-0.003107
0.003684,-0.008847,-0.003059,-0.011038,0.014532,0.005770,0.017272,0.001049,0.021824,0.023700,-0.007229,0.047850,0.017011,0.007539,-0.023152,-0.003234,-0.004395
0.002948,-0.013194,-0.009815,-0.027678,0.010765,0.004632,0.020494,0.007365,0.022314,0.023388,-0.011436,0.053068,0.040573,0.014192,-0.043485,-0.000980,-0.005897
0.004377,-0.012081,-0.015476,-0.009583,0.009053,0.004114,0.020550,0.014909,0.021415,0.025511,-0.014682,0.050094,0.058100,0.013899,-0.021410,0.000157,-0.003002
0.005077,-0.011461,-0.020746,0.000007,0.007737,0.000034,0.017733,0.023022,0.016048,0.024392,-0.013339,0.037714,0.051256,0.012335,-0.002680,0.003716,-0.002230
0.004361,-0.007507,-0.014217,0.021301,0.006915,-0.005635,0.008174,0.028174,0.008149,0.017233,-0.013854,0.020855,0.036768,0.009764,0.009644,0.013151,-0.000568
0.001348,-0.007074,-0.006781,0.014121,0.005569,-0.015096,0.000008,0.023010,0.001372,0.008205,-0.027972,0.014331,0.026195,0.007348,0.026377,0.008438,-0.000045
-0.000610,-0.009540,-0.003164,0.000071,0.003504,-0.023531,-0.008927,0.016191,0.000021,-0.000485,-0.032776,0.005243,0.013051,0.004862,0.027994,0.002660,0.000011
-0.001884,-0.010073,-0.000552,-0.009222,0.001275,-0.035035,-0.022553,0.010834,-0.002983,-0.018978,-0.024369,0.000765,0.000941,0.003395,0.030407,-0.001493,-0.000858
-0.001274,-0.008552,-0.002219,-0.015648,-0.000744,-0.044391,-0.025774,0.007633,-0.000995,-0.009277,-0.021084,-0.002677,-0.007290,0.004550,0.028063,-0.001740,-0.002847
-0.000004,0.000891,0.000003,-0.012249,-0.002275,-0.028226,-0.018639,0.005533,0.000105,-0.001391,-0.014527,-0.010214,-0.011103,0.005975,0.020051,-0.004378,-0.002919
-0.000001,-0.005526,0.001506,-0.016641,0.000116,-0.014784,-0.007479,0.004986,0.003818,-0.000276,-0.000168,-0.005035,-0.021655,0.007658,0.011978,-0.011863,-0.001560
0.000000,-0.007180,0.007187,-0.011131,0.004672,-0.005701,-0.000366,0.003925,0.008173,-0.000278,0.007667,0.001154,-0.032822,0.007970,0.006641,-0.019654,0.000142
0.000050,-0.015014,0.011417,-0.003837,0.011239,-0.000718,0.003505,0.000293,0.011695,-0.000152,0.018019,0.007569,-0.031354,0.002509,0.000874,-0.015678,0.001187
0.000538,-0.014369,0.016943,0.000003,0.016704,0.004614,0.015259,-0.001489,0.011702,-0.000014,0.017452,0.011941,-0.023932,0.000181,-0.002302,-0.006448,0.003052
0.000565,-0.011150,0.016581,-0.004627,0.021790,0.014653,0.023958,-0.004665,0.009982,0.000311,0.013707,0.015918,-0.005926,-0.001186,-0.010310,-0.000051,0.003000
0.000663,-0.006235,0.010478,-0.019319,0.024538,0.031067,0.030189,-0.003186,0.010053,-0.000008,0.022028,0.019394,0.001118,-0.005143,-0.013437,0.012398,0.001466
0.000241,0.000456,0.003815,-0.034126,0.023811,0.019792,0.026250,-0.000815,0.010710,-0.001184,0.027393,0.026396,0.014938,-0.004692,-0.003901,0.016302,0.000034
0.001740,0.008627,-0.000547,-0.034340,0.020778,0.002850,0.020791,0.000648,0.011796,0.000433,0.019362,0.030540,0.028830,-0.000445,-0.000036,0.021071,-0.000842
0.001982,0.031548,-0.002236,-0.021988,0.015107,-0.000002,0.013301,0.003242,0.012164,0.006627,0.007138,0.029956,0.043888,0.002817,0.003680,0.009690,-0.003949
0.002242,0.020305,-0.005758,-0.014931,0.011667,-0.001976,0.007930,0.007618,0.013900,0.005402,0.009660,0.029034,0.031128,0.011036,0.010569,0.000375,-0.006537
0.000631,0.015326,-0.003550,-0.003968,0.013081,-0.013699,0.009095,0.017137,0.015427,0.004875,0.016406,0.033122,0.011986,0.020420,0.025827,-0.003557,-0.006328
-0.000005,0.002870,-0.003133,0.000285,0.015243,-0.035419,0.008473,0.029164,0.018549,0.006178,0.014257,0.036685,0.000000,0.022013,0.035195,-0.011179,-0.003530
0.000828,-0.000113,0.001166,0.019275,0.015999,-0.035198,0.011548,0.038543,0.020737,0.005810,0.001223,0.039486,-0.013309,0.017360,0.032967,-0.018324,-0.000862
0.001734,-0.007205,0.005038,0.014799,0.015166,-0.002618,0.014192,0.018758,0.018536,0.000992,-0.009574,0.033237,-0.016285,0.011003,0.028183,-0.020481,-0.001145
-0.000000,-0.019742,0.011228,0.003669,0.016888,0.010423,0.013551,0.003015,0.013679,0.000090,-0.022323,0.013587,-0.009114,0.002538,0.025254,-0.002166,-0.002113
-0.000670,-0.007279,0.016456,0.000198,0.016837,0.028541,0.008587,-0.000437,0.004689,0.000671,-0.032803,0.003393,-0.001231,0.000165,0.024019,0.001328,-0.000049
0.001046,-0.004972,0.017627,0.011121,0.017476,0.028097,0.010261,-0.002868,0.000461,0.003217,-0.029731,-0.000007,0.000300,0.000845,0.019120,0.012145,0.001807
0.005089,0.000006,0.026295,0.024527,0.013334,0.016145,0.008016,-0.008436,-0.000325,0.007358,-0.025231,-0.001453,0.005022,0.004306,0.002751,0.020994,0.003586
0.006551,0.003154,0.028416,0.034492,0.007568,0.007129,0.003736,-0.014965,-0.000476,0.014550,-0.012573,-0.003081,0.014854,0.006619,-0.002894,0.003732,0.006354
0.007078,0.006384,0.030443,0.026527,0.003899,0.000442,0.000574,-0.014736,-0.001151,0.022789,-0.002484,-0.000339,0.021107,0.008134,-0.008128,-0.000221,0.007747
0.004188,0.000352,0.025435,0.016698,0.001364,-0.002698,-0.000142,-0.001379,-0.000221,0.017480,0.002077,0.000044,0.017279,0.009942,-0.010308,-0.004641,0.009137
0.005805,-0.000903,0.020703,0.007492,0.000080,-0.034320,-0.000000,0.012499,0.000000,0.008193,0.012689,0.006552,0.017474,0.006568,-0.006776,-0.008040,0.005229
0.006835,-0.001505,0.006983,0.000152,-0.004047,-0.026319,0.000000,0.017761,0.000084,0.002137,0.012476,0.012415,0.021087,0.003550,-0.002573,-0.009818,0.000652
0.000260,-0.000998,0.000668,-0.011495,-0.006652,-0.027030,-0.003086,0.016298,0.000498,0.000007,0.008526,0.008624,0.024344,-0.000003,-0.001982,-0.004085,-0.003349
-0.008896,-0.000182,-0.000742,-0.042651,-0.008384,-0.016988,-0.013462,0.013207,0.000321,0.000077,0.005253,0.000579,0.017238,-0.003192,-0.002235,-0.000038,-0.010339
-0.010820,-0.009664,-0.009612,-0.039246,-0.011259,-0.010549,-0.012112,0.013014,0.000024,0.000956,0.000114,-0.004691,0.013009,-0.001535,-0.000936,0.002366,-0.014456
-0.006415,-0.011376,-0.016377,-0.028401,-0.014956,-0.008245,-0.009019,0.009858,0.000183,0.004169,0.000969,-0.010586,0.008134,-0.000160,-0.003393,0.019033,-0.018030
-0.000010,-0.002485,-0.019049,-0.013545,-0.014054,-0.001074,-0.004711,0.006690,0.002400,0.019301,-0.000114,-0.014987,0.003353,-0.000004,-0.003525,0.015712,-0.016626
0.003499,0.000692,-0.017290,-0.005524,-0.009993,0.001460,-0.003798,0.003510,0.000284,0.036554,0.001617,-0.006144,-0.000212,-0.000249,-0.000153,0.007531,-0.011525
0.007921,0.000626,-0.016525,-0.000469,-0.005417,0.014433,-0.000163,0.004285,-0.000029,0.029842,0.008036,-0.008347,-0.008385,-0.000459,0.002307,0.000325,-0.004907
0.003405,-0.000004,-0.015836,0.004867,-0.002192,0.007139,-0.000089,0.001690,-0.001150,0.011957,0.013765,-0.000089,-0.009363,-0.001394,0.010902,-0.001613,-0.000086
0.006202,0.003655,-0.018121,0.015410,-0.000986,0.006474,-0.001948,-0.002967,-0.000160,0.001211,0.003665,0.001552,-0.004687,-0.002247,0.018415,-0.011020,0.003235
-0.000003,0.003457,-0.019108,0.018789,-0.000204,-0.002994,-0.005072,-0.008026,0.000064,-0.004339,-0.000486,0.009858,0.000196,-0.004850,0.017213,-0.020775,0.003258
-0.004023,0.003697,-0.014910,0.019483,-0.000013,-0.002685,-0.008234,-0.011204,0.001482,-0.005111,-0.005271,0.007426,0.000890,-0.005496,0.004055,-0.028116,0.001841
-0.021791,0.000000,-0.009511,0.018589,-0.000854,-0.006995,-0.009271,-0.011795,0.004892,-0.002543,-0.017727,0.001064,0.002089,-0.007919,0.000757,-0.027114,0.000197
-0.039688,-0.004861,-0.000554,0.015790,-0.003719,-0.011616,-0.008236,-0.011747,0.006391,-0.000231,-0.018323,-0.004075,-0.000088,-0.009485,0.000055,-0.022040,-0.000814
-0.044546,-0.009385,0.001635,0.012553,-0.003406,-0.012179,-0.004272,-0.011792,0.003430,0.000186,-0.026092,-0.015896,-0.001487,-0.009461,-0.000034,-0.014513,-0.004529
-0.031632,-0.012567,0.007487,0.008850,-0.003859,-0.006958,-0.002504,-0.009629,-0.000096,0.000040,-0.021239,-0.013319,-0.003943,-0.009044,0.000601,-0.013703,-0.003601
-0.015694,-0.006095,0.015262,0.006371,-0.004460,-0.004631,0.000949,-0.005316,-0.004873,-0.002529,-0.010531,-0.017634,-0.005578,-0.005875,0.001774,-0.011983,-0.002379
-0.002870,-0.001278,0.019265,0.001922,-0.003807,-0.000837,0.000489,-0.003788,-0.015762,-0.011550,-0.000518,-0.003266,-0.009108,-0.003749,0.001879,-0.005876,-0.001497
0.004600,0.002814,0.021593,-0.000010,-0.003657,0.000600,0.002974,-0.007206,-0.021415,-0.024131,0.000014,0.000411,-0.012347,-0.000854,0.000374,-0.000486,-0.000218
0.015341,0.009711,0.019520,-0.003706,-0.003087,-0.000015,0.000165,-0.007110,-0.024143,-0.035447,-0.001028,0.006264,-0.011205,0.000874,-0.000101,0.000341,0.000012
0.019202,0.010732,0.014664,-0.005503,-0.003376,-0.001426,-0.000258,-0.002390,-0.021945,-0.033983,-0.005042,0.002846,-0.003563,0.005422,-0.004134,0.000196,0.000345
0.016660,0.020290,0.001874,-0.002720,-0.003685,-0.005817,-0.002468,-0.000052,-0.017349,-0.031633,-0.009337,0.000221,0.000000,0.003303,-0.010826,0.001212,0.000118
0.010794,0.012338,-0.000068,-0.000999,-0.003173,-0.005839,-0.003353,0.001288,-0.012357,-0.026454,-0.005838,-0.002100,-0.007367,-0.000064,-0.014805,0.011166,-0.000194
0.003420,0.011902,-0.002033,-0.002833,-0.003105,-0.000719,-0.002182,0.003303,-0.009547,-0.019834,0.000755,-0.013292,-0.018600,-0.003794,-0.015866,0.024134,-0.001635
0.001005,0.006597,-0.007281,-0.010451,-0.002045,0.000194,-0.001314,-0.000968,-0.011738,-0.001694,0.006746,-0.025947,-0.020594,-0.008398,-0.014803,0.030914,-0.000739
-0.002205,0.005135,-0.009834,-0.015686,-0.005243,0.000091,0.000938,-0.008287,-0.014977,-0.000578,0.009843,-0.039640,-0.007784,-0.007722,-0.022252,0.026449,0.000022
-0.001194,0.000679,-0.010745,-0.018755,-0.009332,0.006157,0.001797,-0.017456,-0.020469,-0.000041,0.011617,-0.037806,-0.000520,-0.006859,-0.027621,0.023513,0.000569
-0.003274,-0.001426,-0.000902,-0.021956,-0.012700,0.025320,0.011363,-0.024117,-0.027098,-0.000216,0.010469,-0.030348,0.000171,-0.002466,-0.029444,0.021909,0.000967
-0.004995,-0.000137,0.001284,-0.003755,-0.013988,0.050889,0.011347,-0.024949,-0.031771,-0.002800,0.002383,-0.012259,0.000675,-0.000016,-0.019986,0.008702,0.003005
-0.019100,-0.001920,0.008593,-0.000032,-0.016930,0.032511,0.001065,-0.022451,-0.029820,-0.006302,-0.000031,-0.004393,0.004673,0.002148,-0.013037,0.000000,0.005691
-0.020114,0.000508,0.003520,0.003796,-0.018873,0.012915,-0.001112,-0.018568,-0.025058,-0.015777,-0.000190,-0.002299,0.012604,0.007270,-0.002984,-0.016073,0.003313
-0.017838,-0.000868,0.000079,0.016684,-0.020854,-0.002260,-0.005603,-0.008968,-0.017461,-0.027924,-0.000123,-0.000013,0.004523,0.007135,-0.003643,-0.033230,0.002411
-0.007384,-0.000608,-0.000471,0.015687,-0.024399,-0.014057,-0.009863,0.000087,-0.009018,-0.037526,0.001828,0.002069,-0.000858,0.002688,-0.001113,-0.045862,0.000078
-0.000552,-0.000433,-0.001436,0.002871,-0.021757,-0.028343,-0.009100,0.001518,-0.002787,-0.023593,0.009676,0.003135,-0.018753,-0.000147,0.000015,-0.044037,-0.002726
0.000934,0.007152,-0.005093,-0.000289,-0.018302,-0.040169,-0.004439,0.001172,0.000000,-0.013169,0.017556,0.001810,-0.026490,-0.003873,-0.000010,-0.035287,-0.008186
0.012111,0.011693,-0.007299,-0.011022,-0.014158,-0.029316,-0.001372,-0.000903,0.000638,-0.003464,0.017813,-0.000004,-0.019850,-0.009572,-0.000376,-0.019155,-0.007107
0.013169,0.005633,-0.003933,-0.032075,-0.008599,-0.005146,-0.000268,-0.003188,-0.000166,0.000162,0.015685,-0.000388,-0.011498,-0.011210,-0.002286,-0.008027,-0.003461
0.012649,0.004668,-0.000427,-0.009510,-0.001725,0.001961,0.001359,-0.000555,-0.000197,0.000516,0.011137,0.000008,-0.007386,-0.007225,0.000107,-0.002838,-0.000861
0.007251,0.003715,0.001564,-0.000063,0.001603,0.014194,0.000148,0.000016,-0.000162,0.001056,0.009269,0.001248,-0.002839,-0.002997,0.000131,-0.000003,0.000060
0.001449,0.004953,0.000987,0.011397,0.006859,0.026893,0.000381,0.000037,-0.000100,0.000353,0.009516,0.000462,-0.000021,-0.000193,0.008848,0.002163,0.002142
-0.000893,0.004592,-0.000002,0.037265,0.011443,0.011286,0.000609,-0.001540,-0.000239,-0.000266,0.003252,0.000021,0.004159,0.002018,0.001764,0.001698,0.008011
-0.001879,0.001101,-0.001468,0.035311,0.008946,0.001591,0.001069,-0.002306,-0.000712,-0.004548,0.000505,-0.000050,0.009191,0.006806,0.004894,0.005323,0.003729
-0.002082,-0.000003,-0.007911,0.023822,0.003692,-0.000340,0.003885,-0.001278,-0.001887,0.000069,0.000053,-0.000449,0.005821,0.006197,0.012225,0.007827,0.000222
0.002026,0.004292,-0.013710,0.025243,0.000045,-0.007786,0.014179,0.000107,-0.001517,0.004223,-0.000003,-0.000897,0.000704,0.001454,0.018205,0.017251,-0.001236
0.010245,0.014939,-0.011699,0.018383,-0.001398,-0.010845,0.022673,-0.000160,-0.001139,0.016471,-0.002151,-0.002759,0.004458,-0.000883,0.019923,0.023863,-0.003560
0.016320,0.008935,-0.002991,0.013222,-0.005056,-0.004160,0.017840,-0.005515,-0.002335,0.029144,-0.012756,-0.000378,0.002523,-0.008467,0.019366,0.026390,-0.004597
0.021370,0.003293,0.000676,0.011683,-0.007852,0.000391,0.011600,-0.007193,-0.003699,0.027231,-0.010651,-0.002440,-0.000456,-0.013789,0.022105,0.023474,-0.004793
0.028464,0.000695,0.009967,0.016057,-0.006245,0.016633,0.002525,-0.004755,-0.005320,0.021828,-0.004349,-0.005529,-0.005029,-0.017615,0.018161,0.020322,-0.003154
0.030283,0.000489,0.020329,0.009230,-0.006982,0.029297,0.000013,-0.000588,-0.006013,0.013843,0.002474,-0.010469,-0.003869,-0.019823,0.015246,0.016960,-0.001783
0.018320,0.001100,0.018430,0.013453,-0.001821,0.025847,-0.001230,-0.000007,-0.005194,0.006260,0.002318,-0.014697,-0.002104,-0.017462,0.000716,0.012083,-0.000089
0.007797,0.001276,0.015713,0.005586,0.000193,0.018709,-0.002887,0.000058,-0.003927,0.001075,0.006307,-0.017343,-0.002326,-0.012228,-0.003728,0.006079,-0.000709
0.000254,0.004377,0.010443,0.000540,0.002540,0.010240,-0.005487,0.000417,-0.003336,0.000454,0.008548,-0.017864,-0.001575,-0.007986,-0.006602,0.000935,-0.000888
-0.000478,0.005240,0.003983,0.000293,0.004509,0.000530,-0.000313,0.003420,-0.000802,-0.000002,0.009417,-0.019094,-0.000917,-0.004467,-0.006809,-0.000366,-0.001204
-0.003332,0.003409,0.000019,-0.001212,0.005891,-0.002599,0.004359,0.011018,0.000068,0.000184,0.003316,-0.017316,0.002847,-0.003948,-0.006075,-0.005274,-0.000247
-0.010232,0.001452,-0.002021,-0.003360,0.008767,-0.014950,0.010220,0.016622,0.005060,0.001589,-0.000258,-0.012831,0.008525,-0.003523,-0.003679,-0.009495,0.000056
-0.017217,0.000010,-0.007835,-0.005093,0.011211,-0.017315,0.017244,0.023397,0.007326,0.001168,-0.001946,-0.000699,0.010211,-0.003488,-0.000195,-0.015207,0.000797
-0.012717,-0.004238,-0.008970,-0.001314,0.009622,-0.004712,0.018334,0.027343,0.007671,0.000629,-0.002475,0.002438,0.009696,-0.003621,0.001992,-0.015137,0.005448
-0.009002,-0.006599,-0.009153,-0.016709,0.002302,0.000012,0.010594,0.027184,0.003086,0.000137,0.000006,0.006694,0.006724,-0.005313,0.010639,-0.012860,0.006012
-0.008608,-0.004655,-0.017334,-0.025857,0.000014,0.002974,0.003672,0.028325,0.000496,0.002683,-0.002998,0.008312,0.003049,-0.005155,0.011385,-0.000794,0.002977
-0.011006,-0.002202,-0.024405,-0.031906,-0.000034,0.010210,0.000451,0.025458,-0.000196,0.007750,-0.003631,0.008438,-0.000044,-0.003692,0.015146,-0.000000,0.000648
-0.014228,-0.000379,-0.015153,-0.029569,-0.000073,0.018253,-0.000420,0.016791,-0.000123,0.006913,-0.004962,0.014114,-0.006960,-0.001873,0.018406,0.001089,0.001594
-0.015002,-0.000517,-0.005727,-0.022937,-0.000187,0.019719,-0.006135,0.006821,-0.000024,0.005858,-0.005426,0.013168,-0.020136,0.000005,0.019516,-0.001401,0.002039
-0.007314,-0.000609,0.000310,-0.018223,-0.000003,0.016284,-0.010721,0.000189,0.000060,0.004003,-0.010112,0.007775,-0.029707,0.000753,0.017508,-0.008419,0.001569
-0.003036,0.002308,0.010306,-0.011570,0.001588,0.013899,-0.003622,-0.005416,0.002511,0.001705,-0.008867,0.002065,-0.025983,0.003496,0.008542,-0.015635,0.000843
-0.000605,0.009776,0.017848,-0.003216,0.007062,0.016660,-0.000003,-0.004459,0.006917,0.000047,-0.004812,0.010763,-0.012278,0.005008,0.000991,-0.015670,0.000010
0.000180,0.005017,0.018773,-0.001919,0.013881,0.023162,0.001740,-0.002037,0.013271,-0.001263,0.000605,0.022502,-0.001699,0.005674,-0.001069,-0.014442,-0.000006
0.001095,0.001256,0.012692,-0.001594,0.014319,0.007886,0.002368,0.001521,0.015600,-0.006615,0.007266,0.029984,-0.001997,0.003636,-0.010179,-0.012088,-0.000017
0.001243,0.005436,0.002847,-0.004882,0.014003,0.000079,0.002876,0.006794,0.016674,-0.001403,0.009354,0.029550,-0.001487,0.001221,-0.023174,-0.000008,-0.001692
-0.000121,0.014008,-0.001351,-0.007715,0.015449,-0.002029,0.004684,0.012560,0.015576,0.000927,0.000201,0.018358,0.000081,-0.000284,-0.011348,0.006687,-0.006061
-0.001314,0.020878,-0.006998,-0.006536,0.014617,-0.008985,0.006010,0.011077,0.017191,-0.000670,-0.004944,0.006600,0.000800,-0.003112,-0.002643,0.018448,-0.005091
-0.004404,0.016091,-0.012371,-0.005123,0.011779,-0.005651,0.000287,0.008398,0.017780,-0.003757,-0.018087,0.000035,0.000209,-0.001154,0.000009,0.012462,-0.004339
-0.002261,0.005925,-0.010004,-0.001703,0.008450,-0.012601,-0.004748,0.006446,0.017767,-0.001314,-0.029614,-0.006029,-0.000529,0.000171,0.001868,0.005346,-0.004948
0.000366,0.000182,-0.004917,-0.002477,0.006122,-0.010482,-0.004039,0.003499,0.017524,0.000040,-0.032430,-0.025282,-0.000416,0.002770,0.005910,-0.000004,-0.005822
0.004137,-0.001932,-0.000741,-0.001090,0.004232,-0.002210,-0.002496,-0.000037,0.016689,0.000780,-0.030054,-0.021152,0.000058,0.006874,0.008017,-0.000571,-0.007612
0.003296,-0.018743,0.000430,-0.005189,0.003518,0.004729,-0.002275,-0.009396,0.015450,0.002129,-0.017997,-0.018033,0.000038,0.008002,0.012894,-0.004725,-0.008334
0.000787,-0.052050,0.005337,-0.009025,0.002406,0.012031,-0.000030,-0.012779,0.013344,0.003148,-0.005611,-0.003632,-0.003754,0.010800,0.006315,-0.019788,-0.002324
-0.000534,-0.068923,0.008111,-0.004108,0.002191,0.009226,0.001393,-0.010156,0.007595,0.013700,0.002417,-0.002275,-0.015010,0.010802,0.004482,-0.021397,0.000607
-0.004948,-0.059974,0.007982,-0.001201,0.004330,0.008093,0.006869,-0.005730,0.000130,0.015126,0.008146,-0.001777,-0.014362,0.007996,0.002755,-0.015447,0.005057
-0.005254,-0.028843,0.006678,0.000162,0.007918,0.000026,0.009359,-0.003832,-0.002022,0.017594,0.012010,-0.003190,-0.003783,0.004103,0.006097,-0.013495,0.009359
-0.005258,-0.007854,0.002747,0.007107,0.008200,-0.000046,0.005793,-0.001904,-0.005768,0.007217,0.014124,-0.002021,0.000375,0.003121,0.008683,-0.015871,0.011708
-0.005392,-0.002148,0.007421,0.021878,0.008638,-0.010435,0.002337,-0.000166,-0.004537,0.007981,0.011739,-0.001347,0.005580,0.005953,0.012469,-0.015530,0.007609
-0.001306,-0.000178,0.005727,0.024741,0.008089,-0.021666,0.002376,0.000657,-0.002386,0.002411,0.008597,-0.000592,0.014070,0.008136,0.019560,-0.020024,0.003035
0.003445,0.004625,0.005336,0.019918,0.006132,-0.029912,0.001452,0.001166,-0.000325,0.001907,0.003495,-0.000420,0.025895,0.008591,0.022122,-0.017368,0.000080
0.012097,0.013890,0.003521,0.011692,0.005007,-0.029026,0.000666,-0.002007,0.000235,0.001168,0.000146,-0.000922,0.033289,0.001207,0.024062,-0.013825,-0.001469
0.018853,0.012274,0.002327,0.003310,0.003095,-0.018907,0.000069,-0.010133,0.002922,0.000186,0.000012,0.000837,0.036229,-0.000130,0.017951,-0.017267,-0.002193
0.021902,0.010057,0.001459,-0.004162,0.001192,-0.019298,0.000242,-0.013019,0.005540,0.000001,0.001105,0.005010,0.032600,-0.002491,0.006488,-0.016686,-0.000103
0.021688,0.009285,-0.003178,-0.017352,0.001115,-0.003714,0.000872,-0.012527,0.003656,-0.004230,0.000180,0.008204,0.025074,-0.005172,-0.000840,-0.017107,0.000563
0.024633,0.012649,-0.012733,-0.031996,0.000676,-0.000010,-0.000207,-0.010315,0.001330,-0.001318,0.001864,0.012282,0.019641,-0.003110,-0.009638,-0.012399,0.001818
0.023824,0.016470,-0.011415,-0.039513,0.000519,0.013630,-0.001429,-0.006743,-0.000334,-0.004284,0.006083,0.014533,0.012221,-0.001020,-0.023737,-0.014430,0.004633
0.006289,0.019248,0.000022,-0.043254,0.004954,0.030423,-0.000552,0.000001,-0.000415,-0.000424,0.004394,0.022504,0.004404,0.000024,-0.024252,-0.007703,0.010368
-0.005243,0.017340,0.003587,-0.048456,0.018787,0.063213,0.004163,0.005571,0.001647,0.002248,0.010383,0.010374,0.000025,-0.001051,-0.019691,-0.000553,0.032697
-0.030157,0.002549,0.011869,-0.049753,0.032990,0.093595,0.015571,0.018994,0.012058,0.016854,0.011543,0.000298,-0.001858,-0.018801,-0.011729,0.011656,0.090261
-0.045320,-0.000467,0.026880,-0.032618,0.043088,0.110748,0.025630,0.026484,0.022720,0.041531,0.013289,-0.005866,-0.000025,-0.045287,-0.008998,0.033075,0.152460
-0.046108,-0.005055,0.026525,-0.011914,0.040628,0.072081,0.021909,0.032990,0.028503,0.064198,0.022144,-0.027021,0.001142,-0.073313,-0.004646,0.064066,0.216321
-0.037602,-0.008260,0.035938,-0.000000,0.023904,0.014606,0.016074,0.036638,0.027718,0.051441,0.035489,-0.025921,0.004227,-0.091963,-0.004379,0.091165,0.265705
-0.014945,-0.003738,0.022755,0.009258,0.006332,-0.001744,0.008306,0.041416,0.023606,0.033671,0.031111,-0.009621,0.009621,-0.091511,-0.007416,0.095610,0.278723
-0.000131,-0.001786,0.007721,0.027933,-0.000414,-0.038955,0.000658,0.040179,0.024438,0.023382,0.010399,-0.001843,0.015750,-0.074087,-0.008245,0.089208,0.266305
0.014141,-0.001097,0.001617,0.044084,-0.009248,-0.068610,-0.002760,0.037541,0.020452,0.009996,0.000297,0.001495,0.015740,-0.054617,-0.007599,0.065761,0.216743
0.019565,0.000000,0.002522,0.047316,-0.016294,-0.073571,-0.004503,0.028000,0.011891,0.000002,-0.009091,0.018100,0.010038,-0.027877,-0.003924,0.044668,0.141220
0.009659,0.004116,0.006254,0.031752,-0.005866,-0.026994,-0.000546,0.023032,0.000668,-0.003596,-0.013078,0.021052,0.000032,-0.007153,-0.000022,0.026121,0.052635
0.000600,-0.000132,0.010368,0.004969,-0.000104,0.000002,0.000028,0.010999,-0.000148,-0.011509,-0.021447,0.017169,-0.002480,-0.001147,0.006137,0.002811,0.006616
-0.000556,0.000028,0.028867,-0.001037,0.003242,0.038510,0.000197,0.002507,-0.001337,-0.008039,-0.023386,0.009155,-0.007620,0.000350,0.009667,-0.005060,-0.025907
-0.007147,-0.003757,0.027301,-0.022515,0.007139,0.043717,-0.000000,-0.000029,-0.005556,-0.005806,-0.012692,0.005706,-0.013888,0.007313,0.000161,-0.006957,-0.096471
-0.008905,-0.012245,0.025360,-0.028323,0.003528,0.024547,-0.000010,-0.008352,-0.014382,-0.014046,-0.002385,0.003049,-0.009168,0.015746,-0.001721,-0.007902,-0.156450
-0.002672,-0.011598,0.014771,-0.032978,-0.000001,0.002485,-0.000193,-0.013584,-0.028638,-0.026207,0.001769,0.005143,-0.010360,0.034315,-0.007236,-0.013442,-0.208814
0.000570,-0.004488,0.004251,-0.023903,-0.008125,-0.005504,-0.000804,-0.020003,-0.032248,-0.031818,-0.000004,0.000514,-0.001038,0.051200,-0.014701,-0.021654,-0.222476
0.015735,-0.000028,-0.000051,-0.019231,-0.014414,-0.023289,-0.002395,-0.022412,-0.032296,-0.034797,-0.000919,0.002462,0.003368,0.052153,-0.022095,-0.024285,-0.210736
0.013930,-0.003020,-0.006362,-0.013095,-0.015944,-0.029715,-0.000048,-0.028747,-0.028820,-0.034111,-0.007691,0.000056,0.016316,0.048130,-0.025844,-0.018952,-0.180490
0.003922,-0.008557,-0.013273,-0.006362,-0.017382,-0.005241,0.003726,-0.025514,-0.027194,-0.027367,-0.000374,-0.000000,0.018343,0.035891,-0.023116,-0.002146,-0.145215
-0.000121,-0.028867,-0.016860,-0.000326,-0.016378,0.003638,0.002769,-0.026256,-0.027753,-0.017168,0.000746,-0.001641,0.018733,0.024405,-0.014607,-0.000434,-0.105164
0.000950,-0.020736,-0.006212,0.001237,-0.016200,0.037689,0.006998,-0.020050,-0.030323,-0.006077,0.008694,-0.003678,0.017374,0.019286,-0.016142,-0.000012,-0.077680
0.000899,-0.009915,0.000000,0.003543,-0.016537,0.043559,0.014087,-0.018680,-0.032624,-0.000026,0.019185,-0.000476,0.016597,0.019366,-0.032972,0.002003,-0.059965
0.007154,-0.000644,0.000025,0.005395,-0.017228,0.035339,0.020786,-0.012896,-0.031111,0.007891,0.028416,0.005325,0.016036,0.018417,-0.046563,0.001578,-0.049423
0.014898,0.001608,-0.000099,0.000945,-0.015656,0.019460,0.021905,-0.005946,-0.032522,0.020576,0.024426,0.013211,0.002777,0.020622,-0.052586,-0.000230,-0.042372
0.022084,0.013071,-0.000577,0.002637,-0.016337,0.000721,0.017027,-0.001302,-0.033027,0.015050,0.006130,0.009423,-0.000639,0.023094,-0.054665,-0.002313,-0.028418
0.017938,0.032737,-0.000749,0.000608,-0.016019,-0.005074,-0.000021,-0.002544,-0.039547,0.006699,-0.000402,0.005738,-0.003264,0.034386,-0.076642,-0.000854,-0.010430
0.013092,0.030556,-0.000000,-0.003794,-0.019189,-0.032766,-0.009899,-0.005402,-0.042048,0.001381,-0.014860,0.003306,-0.002573,0.050376,-0.088222,-0.000671,-0.000660
0.003386,0.022210,0.000284,-0.016536,-0.023296,-0.030074,-0.031612,-0.007280,-0.039010,0.000152,-0.025095,0.003048,-0.003047,0.060036,-0.085532,-0.000025,0.002577
-0.001350,0.008303,0.000013,-0.009119,-0.027379,-0.025431,-0.055967,-0.010492,-0.036985,-0.000225,-0.029891,0.000172,-0.002402,0.062619,-0.069422,0.000008,0.011762
-0.014605,0.003285,0.000655,-0.001674,-0.030608,-0.017748,-0.056659,-0.009318,-0.043332,-0.001971,-0.019274,-0.000282,-0.001689,0.064863,-0.067690,0.000366,0.012914
-0.025838,0.007185,0.003435,0.000284,-0.033393,-0.013073,-0.039754,-0.022581,-0.049696,-0.008415,-0.006933,-0.002866,-0.002198,0.052954,-0.066630,0.002696,0.009767
-0.024306,0.013637,0.005399,0.001725,-0.034925,-0.007980,-0.017126,-0.027320,-0.056766,-0.011551,0.000041,-0.010017,-0.003603,0.031828,-0.059213,0.000921,0.003128
-0.018847,0.009017,0.010320,0.000570,-0.034944,-0.004724,-0.001527,-0.028432,-0.067827,-0.012443,0.007351,-0.015491,-0.006978,0.007620,-0.041900,-0.000951,-0.000027
-0.017755,0.005833,0.014166,-0.000245,-0.040682,-0.009998,0.011578,-0.022693,-0.073265,-0.017801,0.012054,-0.014850,-0.017218,-0.003113,-0.034709,-0.000740,-0.000105
-0.022306,0.003192,0.012380,-0.001299,-0.046504,-0.016432,0.019074,-0.017296,-0.081903,-0.022704,0.012020,-0.013396,-0.023628,-0.013458,-0.045391,0.002063,0.001071
-0.031726,0.001587,0.006836,-0.008961,-0.051977,-0.032089,0.022071,-0.006686,-0.085192,-0.033099,0.010167,-0.007293,-0.030957,-0.015924,-0.038935,-0.000522,0.005096
-0.040291,0.000294,0.000581,-0.008441,-0.050652,-0.042466,0.019051,-0.000464,-0.076496,-0.040278,0.011911,0.000984,-0.034224,-0.011329,-0.026864,-0.005983,0.008883
-0.044178,0.000002,-0.001568,-0.002501,-0.046562,-0.052841,0.012608,0.002150,-0.068796,-0.049458,0.021098,0.015409,-0.034288,-0.002783,-0.013151,-0.008841,0.012295
-0.026380,0.000276,-0.004928,0.000702,-0.037816,-0.045823,0.006565,-0.000353,-0.068708,-0.060076,0.032087,0.037076,-0.029560,0.002184,-0.006247,-0.001069,0.002057
-0.011563,0.006740,-0.010900,0.015223,-0.026587,-0.022875,0.003334,-0.008112,-0.063152,-0.074354,0.039894,0.070216,-0.022649,0.015572,-0.005283,0.001953,-0.001960
-0.000476,0.020159,-0.012473,0.037143,-0.014199,-0.001355,0.005225,-0.011458,-0.057984,-0.077087,0.041951,0.069771,-0.011348,0.031381,-0.007521,0.009264,-0.012659
0.005527,0.020212,-0.005813,0.044553,-0.008352,0.006157,0.005924,-0.011083,-0.057674,-0.067191,0.040674,0.060662,-0.002971,0.039871,-0.016212,0.015344,-0.023647
0.018942,0.021250,-0.000120,0.038181,-0.009929,0.024225,0.004095,-0.010998,-0.055138,-0.051888,0.030885,0.052273,0.001825,0.042553,-0.041936,0.028717,-0.024114
0.030105,0.024572,0.005911,0.026737,-0.014419,0.052183,0.004586,-0.009616,-0.048168,-0.042873,0.012720,0.037408,0.014665,0.046514,-0.073544,0.045470,-0.015674
0.022583,0.028785,0.011707,0.011360,-0.017517,0.057784,-0.001955,-0.003798,-0.039261,-0.044305,0.000318,0.018888,0.018787,0.047427,-0.086243,0.028507,-0.005559
0.021342,0.029590,0.004206,0.003938,-0.024465,0.041218,-0.010279,-0.003662,-0.032290,-0.037635,-0.004218,0.010190,0.019530,0.042468,-0.086761,0.005753,-0.000064
0.015327,0.025358,-0.000001,0.005595,-0.034162,0.018800,-0.020698,-0.001295,-0.026327,-0.031170,-0.005308,0.007293,0.010983,0.034198,-0.079927,-0.003356,0.006475
0.020093,0.017072,-0.008176,0.007472,-0.039474,0.006888,-0.031671,-0.022831,-0.024598,-0.030800,-0.015474,0.003079,0.000051,0.025737,-0.068901,-0.015497,0.016139
0.019598,0.010314,-0.021334,0.014044,-0.038293,0.003267,-0.039723,-0.052083,-0.022117,-0.019899,-0.024979,-0.001425,-0.003756,0.020304,-0.061789,-0.006965,0.016622
0.019705,0.004509,-0.034249,0.013235,-0.031585,0.000971,-0.036609,-0.062878,-0.018381,-0.012169,-0.025716,-0.009815,-0.015161,0.021000,-0.050608,-0.000972,0.010949
0.017020,0.003721,-0.022238,0.008117,-0.030452,-0.002101,-0.025256,-0.059796,-0.020815,-0.002683,-0.018794,-0.017446,-0.031378,0.018883,-0.050516,0.001457,0.003255
0.011007,0.005226,-0.010881,0.011742,-0.033099,-0.011047,-0.012579,-0.052950,-0.022446,0.000527,-0.013028,-0.028044,-0.032074,0.014393,-0.045982,0.008640,0.000000
0.002747,0.010485,-0.001998,0.012339,-0.032233,-0.008868,-0.000525,-0.045749,-0.024241,-0.000285,-0.008225,-0.041348,-0.031081,0.001158,-0.029326,0.022538,-0.001236
-0.003717,0.002982,0.000377,0.004102,-0.026590,-0.010188,-0.000557,-0.040551,-0.023556,-0.016563,-0.000967,-0.050127,-0.025277,-0.000647,-0.014699,0.040012,-0.002449
-0.000393,0.000247,0.004808,-0.000063,-0.021994,-0.020731,-0.000235,-0.038108,-0.025286,-0.030921,0.002703,-0.048524,-0.016547,-0.000469,-0.003065,0.046341,-0.003904
-0.000001,-0.001028,0.016147,-0.000009,-0.015300,-0.034081,-0.000040,-0.029417,-0.017652,-0.042318,0.019544,-0.026766,-0.009387,-0.000563,-0.000019,0.033435,-0.005670
0.002467,-0.005816,0.017132,-0.000177,-0.013954,-0.034024,-0.005600,-0.033789,-0.015017,-0.044766,0.012592,-0.023633,-0.004324,-0.000217,-0.000137,0.008227,-0.004823
0.004596,-0.012905,0.011421,-0.000978,-0.010265,-0.025465,-0.014018,-0.033327,-0.011254,-0.034674,0.004999,-0.027389,-0.000326,0.000006,-0.001699,0.000114,-0.003264
0.006216,-0.018814,0.003867,-0.007159,-0.005032,-0.016799,-0.021720,-0.027433,-0.005819,-0.024290,0.001647,-0.028109,0.000000,0.001077,-0.003437,-0.006362,-0.002438
0.007039,-0.012876,0.007302,-0.018985,-0.002954,-0.011915,-0.023332,-0.017824,-0.002917,-0.011297,0.000047,-0.023913,0.000434,0.004475,-0.011375,-0.016388,-0.002950
0.005700,-0.003637,0.010399,-0.014094,-0.002520,-0.006357,-0.021538,-0.007656,-0.000556,-0.001102,-0.001534,-0.018953,0.001865,0.010459,-0.022760,-0.023946,-0.002858
0.003560,0.001864,0.011236,-0.007961,-0.003270,-0.000690,-0.015013,-0.002385,-0.000442,0.001900,-0.005622,-0.019112,0.001725,0.005511,-0.017773,-0.022246,-0.002357
0.001552,0.001545,0.008234,-0.005087,-0.003683,-0.000015,-0.010780,-0.001458,-0.001185,0.001304,-0.003118,-0.016484,0.001109,0.001302,-0.010482,-0.012463,-0.001530
0.001311,0.000465,0.003557,-0.001811,-0.002788,0.001025,-0.004656,-0.000804,-0.002334,0.000563,-0.000714,-0.009505,0.000549,0.000562,-0.003290,-0.002958,-0.000456
