AU01,AU02,AU04,AU05,AU06,AU07,AU09,AU10,AU12,AU14,AU15,AU17,AU20,AU23,AU25,AU26,AU45
-0.002651,-0.015399,-0.041770,0.001834,-0.086669,-0.010175,-0.021905,-0.056151,-0.026153,-0.051010,-0.044692,-0.007767,0.000821,0.029087,-0.021289,-0.013204,-0.043238
-0.002640,-0.020077,-0.046709,0.002714,-0.085641,-0.011976,-0.023529,-0.055318,-0.025708,-0.051387,-0.047623,-0.006551,0.001894,0.033023,-0.028759,-0.016423,-0.043871
-0.001633,-0.024297,-0.050909,0.003568,-0.083135,-0.013574,-0.024420,-0.052445,-0.025230,-0.051798,-0.049859,-0.004560,0.005031,0.037764,-0.036215,-0.019972,-0.042999
-0.000641,-0.029150,-0.055375,0.004305,-0.079046,-0.015242,-0.023899,-0.048778,-0.024476,-0.052108,-0.050337,-0.000990,0.008435,0.042148,-0.045280,-0.025663,-0.041316
0.000640,-0.034977,-0.058993,0.002448,-0.073724,-0.016686,-0.021978,-0.044378,-0.023448,-0.051916,-0.050201,0.003776,0.011557,0.045847,-0.053720,-0.030733,-0.038452
0.001881,-0.041789,-0.062518,0.000657,-0.066479,-0.017770,-0.019489,-0.038523,-0.022094,-0.051234,-0.049451,0.009091,0.013857,0.048861,-0.061195,-0.036143,-0.034909
0.002110,-0.050914,-0.064774,-0.005464,-0.058507,-0.017698,-0.016751,-0.032361,-0.019998,-0.049876,-0.046678,0.013355,0.015915,0.050092,-0.067493,-0.040859,-0.031065
0.001312,-0.059935,-0.066154,-0.011724,-0.048903,-0.016542,-0.012893,-0.026718,-0.017157,-0.048379,-0.043400,0.015396,0.017680,0.049680,-0.072422,-0.044979,-0.023462
0.000246,-0.069573,-0.064935,-0.021944,-0.037765,-0.008535,-0.008856,-0.020704,-0.014632,-0.046165,-0.039617,0.017369,0.017192,0.044343,-0.075766,-0.048737,-0.011580
-0.001839,-0.077986,-0.062924,-0.032721,-0.025320,0.000340,-0.004548,-0.013267,-0.012250,-0.042338,-0.034200,0.019504,0.016622,0.038825,-0.078245,-0.051767,0.001681
-0.004086,-0.085324,-0.060173,-0.043853,-0.011620,0.012556,-0.000228,-0.005454,-0.010866,-0.037861,-0.028365,0.021553,0.016575,0.034599,-0.079857,-0.053133,0.016661
-0.006065,-0.091424,-0.056885,-0.054013,0.002520,0.024556,0.004582,0.002641,-0.009121,-0.031535,-0.022112,0.022315,0.017311,0.030077,-0.080095,-0.053470,0.031029
-0.008776,-0.096798,-0.052842,-0.062987,0.017143,0.035653,0.009368,0.011019,-0.006287,-0.023620,-0.014420,0.023084,0.018934,0.025048,-0.079506,-0.052651,0.045263
-0.011142,-0.100895,-0.047964,-0.071805,0.032564,0.044268,0.013724,0.019692,-0.002566,-0.015227,-0.005365,0.027483,0.020151,0.019741,-0.079492,-0.050275,0.058839
-0.012980,-0.103501,-0.041297,-0.079588,0.048526,0.050747,0.018087,0.029611,0.002434,-0.006357,0.003951,0.033607,0.021217,0.014155,-0.078544,-0.047085,0.070760
-0.015434,-0.104901,-0.035362,-0.086432,0.054068,0.056151,0.019553,0.032187,0.004832,-0.001745,0.007679,0.035573,0.022966,0.008017,-0.078635,-0.043465,0.077378
-0.017700,-0.106375,-0.031457,-0.092448,0.058533,0.062086,0.021698,0.033807,0.007596,0.003720,0.010891,0.035808,0.024243,0.003009,-0.075496,-0.040242,0.081107
-0.019991,-0.106823,-0.027281,-0.096822,0.062549,0.067409,0.023981,0.035024,0.010306,0.008996,0.013777,0.034051,0.026039,-0.001224,-0.071293,-0.036760,0.083320
-0.022474,-0.106096,-0.022785,-0.099587,0.065821,0.071127,0.026236,0.036012,0.013246,0.013174,0.016578,0.030090,0.026797,-0.005908,-0.066375,-0.034236,0.084772
-0.024876,-0.104769,-0.017475,-0.100936,0.067859,0.074246,0.028130,0.036696,0.015985,0.016061,0.019195,0.025651,0.027058,-0.010414,-0.061481,-0.031539,0.084474
-0.026516,-0.101799,-0.011473,-0.100457,0.068009,0.076286,0.029490,0.036584,0.019029,0.017428,0.021855,0.024619,0.026707,-0.014680,-0.058326,-0.028509,0.083989
-0.027742,-0.097282,-0.005805,-0.102290,0.068254,0.077536,0.030925,0.035789,0.021782,0.018701,0.024786,0.024306,0.025500,-0.019193,-0.054775,-0.023591,0.082576
-0.028863,-0.095822,0.000455,-0.103129,0.067230,0.078183,0.032002,0.034970,0.024638,0.019848,0.027470,0.023560,0.023916,-0.023256,-0.051314,-0.018163,0.081152
-0.029840,-0.092981,0.005710,-0.102845,0.065787,0.080011,0.032427,0.033731,0.027024,0.021376,0.028779,0.023560,0.022021,-0.027224,-0.047295,-0.012699,0.077768
-0.029192,-0.086087,0.009983,-0.100857,0.063663,0.079894,0.032642,0.032309,0.029166,0.022866,0.029785,0.023378,0.021363,-0.030982,-0.043875,-0.007768,0.073335
-0.029067,-0.076680,0.013454,-0.095450,0.061320,0.078166,0.031982,0.032509,0.030937,0.024029,0.030584,0.021569,0.021057,-0.032655,-0.038964,-0.001802,0.069280
-0.028546,-0.071491,0.017282,-0.088935,0.058889,0.073848,0.030391,0.033258,0.032344,0.025576,0.031131,0.018547,0.020940,-0.031685,-0.035164,0.004800,0.064376
-0.026887,-0.065854,0.017765,-0.079140,0.055972,0.066924,0.026974,0.033125,0.033114,0.026948,0.030676,0.015061,0.019283,-0.028539,-0.031225,0.013338,0.058230
-0.026000,-0.060277,0.018238,-0.071223,0.052253,0.063484,0.023093,0.031997,0.033466,0.027811,0.028281,0.010984,0.018745,-0.024233,-0.028421,0.019408,0.050867
-0.024283,-0.053811,0.020180,-0.062725,0.047882,0.058630,0.019331,0.031844,0.033292,0.027785,0.025404,0.008294,0.019839,-0.018092,-0.025713,0.024028,0.043367
-0.023710,-0.047331,0.020929,-0.052727,0.043008,0.052556,0.016336,0.031649,0.032795,0.027055,0.022442,0.007212,0.021243,-0.011405,-0.025187,0.025134,0.034674
-0.022532,-0.042432,0.021099,-0.044171,0.037886,0.045047,0.014211,0.031311,0.032217,0.028985,0.019137,0.009276,0.022307,-0.004567,-0.024818,0.025970,0.026006
-0.021325,-0.039839,0.018534,-0.036216,0.033214,0.037097,0.011877,0.031000,0.031311,0.030167,0.015672,0.012287,0.022040,0.002520,-0.023752,0.025720,0.016954
-0.022741,-0.040195,0.016061,-0.031712,0.028115,0.028544,0.008401,0.030358,0.030455,0.031330,0.013368,0.014340,0.021581,0.009797,-0.022339,0.026174,0.007275
-0.024580,-0.040717,0.013619,-0.024387,0.023636,0.019891,0.005446,0.028928,0.029693,0.031375,0.010816,0.012393,0.020035,0.016191,-0.020286,0.026081,0.000185
-0.025579,-0.042269,0.013247,-0.021114,0.019776,0.016238,0.002520,0.027498,0.028091,0.031149,0.007176,0.010234,0.015717,0.018588,-0.016384,0.025171,-0.003078
-0.027274,-0.040646,0.012724,-0.019890,0.015857,0.011922,-0.000268,0.026313,0.025799,0.032707,0.004567,0.008533,0.011149,0.020641,-0.011199,0.025302,-0.004624
-0.028710,-0.038695,0.011763,-0.020627,0.012600,0.010914,-0.004016,0.024642,0.022199,0.034618,0.001838,0.006604,0.006984,0.024046,-0.005960,0.025931,-0.003891
-0.030659,-0.038325,0.009499,-0.021114,0.009322,0.010754,-0.007532,0.021795,0.018306,0.038356,-0.000987,0.002884,0.002948,0.027132,-0.000639,0.026607,-0.002961
-0.033443,-0.037870,0.007109,-0.023636,0.006402,0.010869,-0.010882,0.018691,0.015214,0.042384,-0.002808,-0.001136,-0.000703,0.029191,0.004713,0.028199,-0.001786
-0.035898,-0.036691,0.004506,-0.026593,0.003801,0.009489,-0.014930,0.015343,0.012321,0.045748,-0.002918,-0.000534,-0.004432,0.030951,0.008365,0.030298,-0.000348
-0.037911,-0.033499,0.003188,-0.029041,0.001239,0.006756,-0.019688,0.012749,0.010232,0.049074,-0.003015,0.003054,-0.007874,0.032953,0.012075,0.032646,0.000395
-0.039936,-0.029795,0.003793,-0.030443,-0.001035,0.003951,-0.023569,0.010126,0.008852,0.053581,-0.003935,0.006626,-0.010230,0.034417,0.014193,0.034346,-0.000262
-0.041584,-0.027020,0.006689,-0.032294,-0.002837,0.002507,-0.025951,0.007342,0.007711,0.059501,-0.004909,0.010902,-0.011830,0.035756,0.017451,0.035841,-0.000963
-0.044847,-0.028694,0.009693,-0.033276,-0.004836,0.001428,-0.027477,0.004398,0.006323,0.066947,-0.005929,0.013452,-0.012874,0.036357,0.020669,0.038343,-0.002468
-0.048410,-0.030193,0.012528,-0.033382,-0.007836,-0.001383,-0.029601,-0.000201,0.005542,0.073090,-0.006747,0.014184,-0.013715,0.036500,0.025124,0.040201,-0.004018
-0.053034,-0.033880,0.017634,-0.032883,-0.010582,-0.006982,-0.031721,-0.004754,0.005379,0.077896,-0.008176,0.014525,-0.015984,0.036014,0.030758,0.041039,-0.006119
-0.056759,-0.036923,0.022413,-0.031238,-0.013228,-0.012582,-0.033746,-0.010030,0.005844,0.080795,-0.011336,0.017784,-0.018116,0.034953,0.034372,0.041142,-0.007584
-0.057925,-0.039321,0.026481,-0.030185,-0.015983,-0.017743,-0.034921,-0.014348,0.006572,0.082653,-0.014114,0.019469,-0.020400,0.032567,0.040496,0.042061,-0.009137
-0.058277,-0.041561,0.031095,-0.028704,-0.018280,-0.022164,-0.035610,-0.017618,0.007732,0.081563,-0.016502,0.020824,-0.020630,0.029686,0.046492,0.045130,-0.011118
-0.057194,-0.043207,0.035836,-0.026490,-0.020063,-0.024143,-0.034570,-0.020554,0.008828,0.080332,-0.018713,0.021130,-0.020646,0.026145,0.052701,0.048292,-0.013194
-0.055387,-0.043373,0.044030,-0.024204,-0.020690,-0.025269,-0.033564,-0.025079,0.009148,0.078140,-0.019434,0.021499,-0.019627,0.023032,0.057238,0.050967,-0.014508
-0.050235,-0.037147,0.050437,-0.021390,-0.020960,-0.026665,-0.032199,-0.030050,0.008861,0.074926,-0.019956,0.021147,-0.016920,0.021271,0.062476,0.054358,-0.015064
-0.041866,-0.027036,0.057818,-0.015677,-0.020869,-0.027698,-0.030658,-0.033340,0.008536,0.070982,-0.019563,0.019606,-0.013435,0.019661,0.067139,0.056253,-0.015982
-0.032260,-0.016829,0.063426,-0.009028,-0.018686,-0.029245,-0.027762,-0.035005,0.009056,0.066198,-0.017479,0.016689,-0.010282,0.019379,0.071007,0.059104,-0.017160
-0.022466,-0.006667,0.068757,-0.003396,-0.016054,-0.025183,-0.024533,-0.034419,0.009516,0.062470,-0.013423,0.014870,-0.006105,0.018599,0.073550,0.061119,-0.019332
-0.013015,0.004593,0.074808,0.002523,-0.012906,-0.021096,-0.019309,-0.033344,0.010313,0.057680,-0.008312,0.014350,-0.002870,0.017762,0.074594,0.061273,-0.021816
-0.002187,0.017662,0.083154,0.008962,-0.009756,-0.016605,-0.013788,-0.030618,0.011247,0.051971,-0.002952,0.015831,-0.000264,0.016628,0.074734,0.059930,-0.024739
0.008387,0.032052,0.090319,0.017097,-0.006528,-0.013138,-0.008118,-0.027043,0.012233,0.048959,0.002758,0.018812,0.002345,0.015021,0.074750,0.057854,-0.027790
0.018131,0.044394,0.094625,0.022925,-0.003343,-0.008807,-0.002693,-0.024015,0.013242,0.045142,0.007880,0.022588,0.004540,0.012321,0.075042,0.055362,-0.030368
0.025232,0.054882,0.095224,0.028207,-0.000192,-0.004639,0.002000,-0.021367,0.013942,0.039473,0.013075,0.024763,0.006969,0.010579,0.074360,0.053222,-0.033397
0.032920,0.064220,0.094737,0.038317,0.003133,0.001412,0.006252,-0.018347,0.014237,0.033265,0.017670,0.024445,0.009166,0.008616,0.070645,0.048360,-0.036419
0.041151,0.072464,0.092188,0.047979,0.006360,0.005309,0.010384,-0.014665,0.013849,0.028604,0.019983,0.023516,0.010525,0.006925,0.066731,0.042938,-0.040961
0.048875,0.079878,0.088731,0.056706,0.008645,0.007499,0.014176,-0.011345,0.012987,0.024867,0.022067,0.022661,0.011839,0.005728,0.062547,0.038179,-0.044813
0.056365,0.088703,0.085781,0.065131,0.010804,0.008898,0.016892,-0.009177,0.012636,0.019566,0.024199,0.023319,0.013110,0.004484,0.057335,0.032862,-0.047157
0.062064,0.092302,0.080803,0.072680,0.012900,0.006991,0.019277,-0.007973,0.012006,0.015116,0.026077,0.023209,0.013573,0.003223,0.049839,0.027344,-0.048829
0.065428,0.095995,0.073991,0.077219,0.014791,0.004883,0.021529,-0.008284,0.011604,0.010492,0.027672,0.022659,0.012368,0.000741,0.041226,0.021923,-0.050451
0.068189,0.098564,0.065926,0.079000,0.016153,0.002510,0.022432,-0.008223,0.011166,0.006050,0.029465,0.022607,0.011083,-0.002664,0.030914,0.017114,-0.050886
0.070064,0.101813,0.057766,0.080568,0.017409,0.000386,0.021512,-0.007052,0.010799,0.003715,0.030176,0.022667,0.009985,-0.005419,0.020224,0.011896,-0.049780
0.070027,0.104021,0.050293,0.080754,0.018131,-0.001567,0.020899,-0.005635,0.010346,0.001645,0.030072,0.022032,0.009255,-0.007107,0.010990,0.006507,-0.047295
0.069249,0.105397,0.043872,0.078540,0.018318,-0.003244,0.019062,-0.004119,0.009609,-0.001254,0.029914,0.020324,0.008345,-0.007053,0.002015,0.000635,-0.044134
0.064841,0.099165,0.038903,0.075625,0.017441,-0.004758,0.016506,-0.002280,0.007939,-0.001872,0.029436,0.018666,0.007723,-0.006933,-0.007457,-0.002940,-0.040466
0.060109,0.091365,0.035194,0.071495,0.015502,-0.005997,0.012898,-0.001627,0.006180,-0.001100,0.029274,0.016917,0.007321,-0.005224,-0.015371,-0.003138,-0.035863
0.052921,0.081545,0.033400,0.066763,0.013664,-0.010291,0.009421,-0.000181,0.005136,0.000801,0.027786,0.017316,0.005685,-0.002573,-0.021158,-0.003729,-0.030849
0.045303,0.070783,0.031781,0.061266,0.012476,-0.014487,0.006284,0.001139,0.004440,0.003579,0.022739,0.017547,0.002875,-0.001205,-0.025694,-0.004763,-0.025628
0.039912,0.062632,0.029581,0.056007,0.011508,-0.016653,0.003528,0.002370,0.004199,0.006435,0.017310,0.015639,-0.000735,-0.001326,-0.025477,-0.006788,-0.020170
0.033561,0.055167,0.026883,0.049880,0.010369,-0.018040,0.000554,0.004614,0.004517,0.007335,0.011567,0.013094,-0.002630,-0.003451,-0.023513,-0.007525,-0.016075
0.026950,0.046172,0.025084,0.043189,0.010295,-0.019254,-0.001608,0.007072,0.004960,0.010014,0.005727,0.010307,-0.004339,-0.005487,-0.020117,-0.007709,-0.012401
0.019470,0.036762,0.025674,0.035749,0.010496,-0.021443,-0.004262,0.008511,0.005022,0.011923,0.000262,0.007363,-0.005632,-0.003895,-0.018730,-0.007225,-0.008488
0.013765,0.029797,0.023177,0.028384,0.010847,-0.023989,-0.007514,0.007104,0.004787,0.012848,-0.006083,0.004282,-0.005625,0.002564,-0.017028,-0.002974,-0.005725
0.011473,0.025552,0.021436,0.023198,0.010668,-0.022211,-0.011355,0.005032,0.004319,0.013394,-0.012384,0.001017,-0.005019,0.009358,-0.018303,0.000980,-0.003662
0.009194,0.021178,0.017037,0.018284,0.011146,-0.017641,-0.015477,0.003378,0.004908,0.013832,-0.020953,-0.004177,-0.003247,0.022626,-0.022104,0.004726,-0.002097
0.009645,0.022073,0.013219,0.005609,0.011630,-0.011155,-0.026810,0.004043,0.005470,0.016264,-0.028968,-0.013183,-0.002158,0.035231,-0.028493,0.008315,-0.002976
0.024920,0.026710,0.009137,-0.005729,0.016101,-0.004629,-0.042071,0.010673,0.010894,0.014300,-0.035905,-0.022989,-0.005745,0.046869,-0.034741,0.009723,-0.012949
0.041591,0.032572,0.006659,-0.015834,0.023656,0.005897,-0.057005,0.021298,0.020874,0.012452,-0.042427,-0.036540,-0.009740,0.041558,-0.028044,0.011075,-0.023839
0.053867,0.036627,0.004736,-0.019399,0.030720,0.019998,-0.070881,0.032903,0.030055,0.011173,-0.049870,-0.055031,-0.012723,0.026093,-0.008213,0.016882,-0.035180
0.064187,0.040015,0.004295,-0.022999,0.036600,0.033204,-0.083230,0.044236,0.038333,0.012500,-0.057179,-0.071787,-0.015243,0.010380,0.011407,0.023110,-0.045365
0.073254,0.042994,0.001636,-0.026633,0.041927,0.044688,-0.093488,0.054808,0.045351,0.013306,-0.063026,-0.088004,-0.017506,-0.004780,0.029962,0.028981,-0.055091
0.082284,0.045641,-0.000229,-0.026148,0.047100,0.056484,-0.102216,0.064234,0.051455,0.013285,-0.068085,-0.102911,-0.018451,-0.019400,0.043761,0.032333,-0.063726
0.090811,0.048455,-0.003769,-0.025086,0.051669,0.064834,-0.109571,0.071559,0.055163,0.014888,-0.073391,-0.116019,-0.019284,-0.033440,0.056095,0.032442,-0.073246
0.098934,0.048292,-0.008284,-0.022700,0.054929,0.072598,-0.115592,0.077447,0.057846,0.015286,-0.077661,-0.126882,-0.019002,-0.046237,0.065624,0.031773,-0.081857
0.105786,0.047858,-0.011310,-0.019303,0.056613,0.080627,-0.119826,0.081225,0.059624,0.013334,-0.079853,-0.132954,-0.018525,-0.058371,0.073733,0.030041,-0.088592
0.111182,0.044875,-0.014366,-0.016932,0.057652,0.085499,-0.122182,0.083792,0.060459,0.010309,-0.080778,-0.137326,-0.016724,-0.069547,0.080481,0.027859,-0.094253
0.112082,0.042342,-0.020456,-0.014730,0.057466,0.087993,-0.123032,0.083587,0.060480,0.007324,-0.080451,-0.141356,-0.015718,-0.081897,0.085536,0.024408,-0.097823
0.111349,0.038706,-0.026603,-0.014067,0.055728,0.090018,-0.123105,0.082551,0.059884,0.004036,-0.079183,-0.143722,-0.014500,-0.094576,0.087661,0.022089,-0.099235
0.108147,0.034532,-0.031761,-0.012715,0.053477,0.090303,-0.122309,0.081720,0.058613,0.002634,-0.077956,-0.144784,-0.013249,-0.106148,0.088632,0.019832,-0.098752
0.103518,0.029918,-0.036386,-0.014356,0.050410,0.090340,-0.119265,0.080702,0.056730,0.001827,-0.076723,-0.144681,-0.010778,-0.115978,0.092121,0.018054,-0.096265
0.098352,0.027528,-0.040736,-0.016746,0.046430,0.089250,-0.115221,0.078390,0.055038,-0.000224,-0.074991,-0.145793,-0.007436,-0.123322,0.096575,0.015383,-0.092634
0.091765,0.025272,-0.041867,-0.018749,0.041227,0.086804,-0.110612,0.074991,0.052460,-0.002330,-0.072131,-0.145367,-0.003338,-0.130427,0.099863,0.012824,-0.087785
0.087040,0.025598,-0.039300,-0.020077,0.036986,0.083287,-0.104866,0.071807,0.050372,-0.003684,-0.068703,-0.143912,0.001116,-0.138584,0.104175,0.013360,-0.083266
0.081123,0.026791,-0.034705,-0.020591,0.032686,0.078252,-0.098923,0.069914,0.048488,-0.004227,-0.066557,-0.139420,0.005215,-0.146517,0.110421,0.018743,-0.078527
0.074374,0.026894,-0.029467,-0.019087,0.029405,0.072151,-0.090899,0.068526,0.046690,-0.003476,-0.064877,-0.134361,0.008440,-0.153492,0.115338,0.023989,-0.073005
0.066374,0.027239,-0.023275,-0.016139,0.027143,0.066480,-0.080576,0.066009,0.044470,-0.002714,-0.062048,-0.127659,0.012574,-0.159083,0.119360,0.028030,-0.066444
0.057301,0.028861,-0.016384,-0.012979,0.024436,0.060867,-0.068416,0.062324,0.039870,-0.001844,-0.056579,-0.117331,0.016313,-0.163052,0.120384,0.027582,-0.058762
0.046567,0.027560,-0.009940,-0.011389,0.021590,0.053112,-0.054526,0.057595,0.033867,0.000419,-0.048184,-0.103722,0.017536,-0.162007,0.116656,0.021548,-0.049145
0.034903,0.023100,-0.007284,-0.009553,0.018154,0.042605,-0.039864,0.051373,0.027446,0.002393,-0.039450,-0.086970,0.018583,-0.155171,0.109696,0.013357,-0.038587
0.020686,0.016566,-0.008616,-0.006700,0.013613,0.031058,-0.025348,0.043368,0.020546,0.004437,-0.030543,-0.068793,0.019909,-0.142133,0.099181,0.007986,-0.027278
0.005766,0.009044,-0.010038,-0.003529,0.008735,0.022983,-0.011210,0.034910,0.013509,0.007527,-0.019952,-0.049706,0.021465,-0.125188,0.083991,0.004638,-0.015584
-0.009418,0.000699,-0.012524,-0.000484,0.002787,0.015272,0.002560,0.025309,0.005961,0.010730,-0.012766,-0.030570,0.023258,-0.100502,0.064487,0.002083,-0.004236
-0.021314,-0.002667,-0.014221,-0.005020,-0.003445,0.007041,0.008811,0.015155,-0.001995,0.012917,-0.006695,-0.015726,0.024023,-0.072195,0.041101,-0.000475,0.006223
-0.017420,-0.002244,-0.015797,-0.009756,-0.006482,-0.000954,0.008496,0.010689,-0.005218,0.010673,-0.001261,-0.001904,0.020882,-0.040166,0.016012,-0.003555,0.008100
-0.013569,-0.001231,-0.019273,-0.014174,-0.006796,-0.004434,0.006120,0.009184,-0.002265,0.008626,0.001315,0.006214,0.017456,-0.023161,0.002197,-0.006851,0.008907
-0.012860,-0.004707,-0.022471,-0.014383,-0.006849,-0.002729,0.003153,0.009108,0.000964,0.006391,0.000778,0.008647,0.012751,-0.016506,0.000792,-0.007569,0.009069
-0.014497,-0.008970,-0.023907,-0.015057,-0.007415,-0.000877,0.000440,0.011016,0.004223,0.006545,-0.000779,0.009981,0.007732,-0.010147,0.000275,-0.007389,0.009694
-0.015881,-0.014884,-0.023218,-0.016100,-0.007781,0.000351,-0.002443,0.013323,0.007123,0.007812,-0.001650,0.011093,0.002294,-0.004040,-0.000176,-0.005803,0.010502
-0.017661,-0.020751,-0.021102,-0.015094,-0.007682,0.002921,-0.005144,0.014984,0.009754,0.007390,-0.002274,0.010608,-0.002935,0.002236,-0.002273,-0.002322,0.011193
-0.017952,-0.025352,-0.018803,-0.013368,-0.007366,0.003551,-0.008096,0.015077,0.010955,0.007051,-0.002755,0.010346,-0.008597,0.009153,-0.004973,-0.001533,0.011422
-0.017177,-0.029817,-0.017200,-0.010592,-0.007159,0.003769,-0.010886,0.014064,0.012100,0.005615,-0.003049,0.010609,-0.013871,0.016859,-0.008773,-0.000901,0.011060
-0.015969,-0.035939,-0.015627,-0.008029,-0.007858,0.003761,-0.013370,0.012081,0.012448,0.004075,-0.002793,0.011474,-0.020540,0.024405,-0.012545,-0.000905,0.010799
-0.013647,-0.041739,-0.013746,-0.007031,-0.008619,0.003320,-0.015472,0.008594,0.011881,0.001142,-0.002011,0.011940,-0.025630,0.033205,-0.015449,-0.001092,0.010479
-0.012440,-0.045121,-0.014214,-0.007847,-0.009308,0.001734,-0.017305,0.005021,0.011093,-0.001951,-0.000830,0.010996,-0.029219,0.041737,-0.018572,-0.001975,0.011303
-0.010676,-0.048152,-0.014490,-0.007665,-0.010450,0.000333,-0.018936,0.001510,0.010222,-0.005402,0.000665,0.009911,-0.032320,0.050127,-0.022554,-0.002262,0.012963
-0.010108,-0.051772,-0.015740,-0.006678,-0.010799,-0.001702,-0.020289,-0.002059,0.009157,-0.008328,0.002551,0.008845,-0.035276,0.058258,-0.025621,-0.002302,0.014517
-0.009619,-0.055366,-0.017197,-0.007812,-0.011192,-0.001165,-0.021032,-0.004745,0.007871,-0.010403,0.004391,0.007577,-0.036718,0.066001,-0.026408,-0.003135,0.016761
-0.010274,-0.056277,-0.019622,-0.010658,-0.011496,-0.000728,-0.020311,-0.007403,0.007415,-0.012458,0.006005,0.006796,-0.036932,0.073668,-0.025870,-0.003728,0.018818
-0.010333,-0.053146,-0.020915,-0.013454,-0.011845,-0.001449,-0.019186,-0.010093,0.006398,-0.015295,0.007595,0.005980,-0.036380,0.079662,-0.025618,-0.004721,0.020666
-0.007039,-0.044480,-0.019914,-0.015499,-0.010591,-0.002082,-0.017790,-0.012832,0.006424,-0.018594,0.008582,0.004217,-0.035099,0.080678,-0.024779,-0.004856,0.020240
-0.002722,-0.031370,-0.016049,-0.016957,-0.008935,-0.001330,-0.017120,-0.013896,0.006758,-0.021268,0.007215,0.000898,-0.033713,0.077638,-0.019952,0.000284,0.018659
0.002154,-0.015818,-0.012276,-0.016897,-0.006023,-0.000551,-0.016026,-0.013958,0.007791,-0.023140,0.004833,-0.004446,-0.031984,0.073218,-0.014611,0.006203,0.016432
0.005321,-0.002575,-0.007990,-0.016442,-0.002726,-0.000193,-0.014161,-0.013660,0.009000,-0.024578,0.002498,-0.010543,-0.029235,0.067193,-0.008387,0.012938,0.013942
0.008628,0.010796,-0.002635,-0.013954,0.000603,0.000508,-0.011629,-0.013365,0.008248,-0.025570,0.000900,-0.015069,-0.025920,0.061692,-0.003931,0.016786,0.011624
0.011329,0.021430,0.002257,-0.010857,0.002647,0.000174,-0.008168,-0.013320,0.006329,-0.026250,0.001583,-0.018024,-0.024446,0.058643,-0.002773,0.016270,0.010083
0.012381,0.027489,0.002366,-0.008154,0.004369,-0.001430,-0.004833,-0.015299,0.003954,-0.026574,0.001770,-0.018193,-0.022741,0.056331,-0.002246,0.013406,0.008617
0.013037,0.032399,0.000502,-0.005144,0.004712,-0.002928,-0.002563,-0.017172,0.001568,-0.026633,0.001763,-0.018047,-0.021945,0.053930,-0.003619,0.009737,0.007334
0.013341,0.035043,-0.000772,-0.002536,0.005288,-0.003961,-0.000681,-0.018254,-0.000596,-0.025079,0.002830,-0.017577,-0.020674,0.051154,-0.005104,0.007267,0.005676
0.014138,0.035540,-0.001741,0.000518,0.005808,-0.005492,0.001007,-0.019117,-0.002901,-0.023654,0.003645,-0.016439,-0.019545,0.047789,-0.006002,0.006191,0.003445
0.015692,0.035663,-0.003358,0.002474,0.005696,-0.007093,0.002241,-0.019982,-0.005462,-0.022415,0.004603,-0.015670,-0.018037,0.043449,-0.006215,0.005101,0.000953
0.017200,0.035062,-0.005748,0.003604,0.005244,-0.008071,0.002291,-0.020482,-0.007686,-0.020945,0.005798,-0.015007,-0.015807,0.040496,-0.006528,0.005129,-0.001003
0.018390,0.035150,-0.008575,0.004234,0.004250,-0.009140,0.001492,-0.020351,-0.008414,-0.018240,0.005698,-0.013643,-0.013168,0.037235,-0.007716,0.003689,-0.002666
0.019648,0.034664,-0.011308,0.004679,0.003223,-0.010393,0.000598,-0.019235,-0.008833,-0.015310,0.004842,-0.011479,-0.011210,0.033242,-0.009035,0.000216,-0.003966
0.019016,0.033736,-0.013670,0.004535,0.001975,-0.011542,-0.000019,-0.016267,-0.008812,-0.013101,0.003207,-0.008762,-0.009444,0.028406,-0.009493,-0.003428,-0.004505
0.017874,0.030675,-0.015319,0.005130,0.000450,-0.013352,-0.001061,-0.014162,-0.008620,-0.010834,0.001724,-0.005863,-0.007369,0.022192,-0.008760,-0.005710,-0.005365
0.015607,0.027368,-0.016726,0.006119,-0.001342,-0.014342,-0.001996,-0.012210,-0.008308,-0.008999,0.000352,-0.004265,-0.005341,0.015887,-0.007211,-0.005351,-0.006416
0.013991,0.024196,-0.020802,0.007306,-0.003959,-0.014742,-0.003807,-0.010093,-0.007773,-0.007011,-0.000890,-0.003037,-0.003808,0.009794,-0.005955,-0.004818,-0.007567
0.012105,0.019897,-0.024539,0.008517,-0.006271,-0.013234,-0.005482,-0.008395,-0.006708,-0.005350,-0.002008,-0.002236,-0.002980,0.004417,-0.004708,-0.004508,-0.009245
0.010891,0.014046,-0.027733,0.011816,-0.008323,-0.012347,-0.007823,-0.007991,-0.005669,-0.003609,-0.004132,-0.003549,-0.003780,-0.001101,-0.003251,-0.004153,-0.010558
0.010629,0.005560,-0.030158,0.014867,-0.010276,-0.012639,-0.009974,-0.008672,-0.005094,-0.002458,-0.006436,-0.006453,-0.004587,-0.005478,-0.002086,-0.003282,-0.011987
0.010556,-0.001150,-0.033011,0.016567,-0.012021,-0.013021,-0.011814,-0.009158,-0.004461,-0.001631,-0.008575,-0.008578,-0.004221,-0.008458,-0.001681,-0.002364,-0.013654
0.009963,-0.007501,-0.034715,0.019477,-0.013676,-0.014149,-0.013677,-0.009471,-0.003622,-0.001500,-0.010575,-0.011085,-0.003843,-0.010534,-0.001396,-0.001120,-0.014713
0.009290,-0.013855,-0.036932,0.022184,-0.015340,-0.015287,-0.015551,-0.010112,-0.002607,-0.002444,-0.012361,-0.012774,-0.004110,-0.011481,0.000135,-0.000308,-0.015501
0.009602,-0.021134,-0.039061,0.025136,-0.016818,-0.014498,-0.017214,-0.010694,-0.001160,-0.003165,-0.014053,-0.013996,-0.003809,-0.011844,0.001641,-0.000694,-0.015399
0.008830,-0.028246,-0.042968,0.026125,-0.018303,-0.015074,-0.018511,-0.011470,0.000576,-0.004341,-0.014691,-0.014468,-0.001343,-0.011656,0.002299,-0.000558,-0.015185
0.007709,-0.034422,-0.046396,0.027132,-0.019488,-0.016642,-0.019536,-0.012107,0.001813,-0.006324,-0.015219,-0.014697,0.001062,-0.011080,0.002501,-0.000281,-0.014865
0.007483,-0.038889,-0.049361,0.027863,-0.020189,-0.015236,-0.020990,-0.012537,0.003012,-0.008801,-0.015123,-0.015330,0.002556,-0.009821,0.002487,0.000555,-0.014457
0.007954,-0.040489,-0.050233,0.027790,-0.020879,-0.012400,-0.021880,-0.012897,0.003698,-0.011400,-0.014729,-0.016002,0.004019,-0.008004,0.002403,0.001335,-0.013884
0.008456,-0.037843,-0.050388,0.026500,-0.021393,-0.009768,-0.021996,-0.013892,0.004139,-0.013816,-0.014173,-0.017127,0.005747,-0.006045,0.001091,0.000722,-0.013512
0.009446,-0.034744,-0.049983,0.024293,-0.021540,-0.007472,-0.021516,-0.014930,0.004551,-0.015468,-0.013067,-0.018453,0.006301,-0.004869,0.000292,0.000705,-0.012978
0.010251,-0.031713,-0.049325,0.023901,-0.021692,-0.005576,-0.020721,-0.015333,0.005148,-0.016931,-0.012259,-0.019690,0.007208,-0.003895,-0.000436,0.000439,-0.012019
0.010576,-0.028664,-0.048110,0.025435,-0.021605,-0.003741,-0.019348,-0.015213,0.005434,-0.018074,-0.010806,-0.020679,0.007714,-0.003048,-0.001350,0.000667,-0.011335
0.009338,-0.025361,-0.047526,0.026683,-0.021258,-0.003159,-0.017717,-0.015193,0.005670,-0.018601,-0.009559,-0.021515,0.007070,-0.002344,-0.002204,0.001083,-0.010464
0.008423,-0.021726,-0.047314,0.028023,-0.020632,-0.002566,-0.016368,-0.014244,0.005866,-0.018939,-0.008490,-0.022240,0.004891,-0.001652,-0.003107,0.000940,-0.009346
0.008411,-0.018148,-0.045686,0.027163,-0.019581,-0.001577,-0.014434,-0.013170,0.006019,-0.018560,-0.007981,-0.022239,0.002902,-0.001014,-0.003558,0.000750,-0.008122
0.008371,-0.015595,-0.043212,0.026998,-0.018225,0.000475,-0.012775,-0.012274,0.006087,-0.018271,-0.007785,-0.021331,0.002086,-0.000702,-0.003923,0.001321,-0.006726
0.007917,-0.012827,-0.040928,0.026625,-0.017282,0.001958,-0.011063,-0.011638,0.006295,-0.017487,-0.007166,-0.019707,0.001196,-0.000132,-0.003759,0.002053,-0.005311
0.007184,-0.010873,-0.038930,0.025168,-0.016056,0.003754,-0.010193,-0.011046,0.006421,-0.016700,-0.005370,-0.017822,-0.000101,0.000901,-0.004122,0.003497,-0.003268
0.006199,-0.008060,-0.036327,0.022673,-0.014731,0.004481,-0.008658,-0.009722,0.007021,-0.015151,-0.002803,-0.015649,-0.001453,0.002537,-0.005138,0.003501,-0.001657
0.005342,-0.004923,-0.033064,0.018955,-0.012725,0.005412,-0.006980,-0.007866,0.007535,-0.013278,-0.000224,-0.013270,-0.001371,0.004318,-0.006303,0.003361,-0.000084
0.004854,-0.000951,-0.029826,0.013892,-0.010777,0.007446,-0.005193,-0.005774,0.007860,-0.011898,0.001803,-0.010221,-0.001332,0.006226,-0.007006,0.004601,0.001446
0.004367,0.002675,-0.026504,0.009979,-0.008871,0.008470,-0.003089,-0.005250,0.007747,-0.010390,0.002661,-0.006948,-0.000969,0.007061,-0.006807,0.005884,0.002662
0.003754,0.006968,-0.022790,0.004855,-0.006236,0.007516,0.000012,-0.003954,0.006982,-0.007875,0.003519,-0.003449,-0.000036,0.008882,-0.005675,0.004734,0.003336
0.003175,0.010675,-0.021645,-0.000081,-0.004431,0.005741,0.002348,-0.002360,0.006247,-0.005216,0.004292,0.000082,0.000836,0.010488,-0.004310,0.002439,0.004388
0.004167,0.014276,-0.019947,-0.005097,-0.003011,0.003363,0.004147,0.000557,0.005661,-0.001848,0.005288,0.002731,0.001437,0.013072,-0.002880,0.000033,0.005254
0.005663,0.019080,-0.017972,-0.007933,-0.001374,0.001124,0.004636,0.002582,0.004867,0.001628,0.005560,0.004357,0.000209,0.015345,-0.002208,-0.001741,0.006267
0.007409,0.021398,-0.015721,-0.010048,0.000367,-0.000525,0.004557,0.004484,0.004148,0.005118,0.007807,0.004580,-0.000888,0.017108,-0.001190,-0.003056,0.007024
0.007185,0.022577,-0.014844,-0.012099,0.002041,-0.001684,0.003702,0.005628,0.003426,0.008619,0.010180,0.005263,-0.000192,0.018007,-0.000924,-0.005241,0.007535
0.005587,0.023063,-0.013809,-0.013266,0.003201,-0.002786,0.002547,0.006259,0.002639,0.010467,0.012722,0.005306,0.000632,0.018625,-0.000531,-0.009182,0.008884
0.003329,0.021807,-0.014609,-0.014577,0.002510,-0.002494,0.001416,0.005602,0.001110,0.011258,0.014695,0.005808,0.002616,0.019714,-0.000196,-0.013532,0.009958
0.002699,0.019121,-0.015025,-0.015269,0.001794,-0.002168,0.002351,0.004826,-0.000228,0.011386,0.017155,0.009907,0.005739,0.020544,-0.000415,-0.017969,0.010883
0.003396,0.016347,-0.016436,-0.015547,0.000378,-0.003206,0.003137,0.003677,-0.001472,0.011133,0.020719,0.014579,0.011713,0.020522,-0.003075,-0.020937,0.011662
0.004097,0.013027,-0.017235,-0.015266,-0.000521,-0.003600,0.004160,0.001842,-0.003489,0.010373,0.023958,0.017948,0.017631,0.019944,-0.004765,-0.023326,0.012684
0.004467,0.009451,-0.018218,-0.012460,-0.001736,0.000164,0.004372,0.000224,-0.005484,0.009880,0.027445,0.020780,0.022686,0.018992,-0.005166,-0.025285,0.013913
0.005650,0.006095,-0.018988,-0.009937,-0.002478,0.004429,0.004445,-0.001606,-0.007770,0.009071,0.031010,0.023371,0.027456,0.018156,-0.005380,-0.026594,0.016020
0.006194,0.003361,-0.019168,-0.008370,-0.003228,0.009076,0.004979,-0.003861,-0.010079,0.008692,0.034064,0.025409,0.031915,0.017220,-0.008172,-0.029595,0.018013
0.007079,0.000949,-0.018298,-0.007338,-0.003987,0.014669,0.006149,-0.005641,-0.012092,0.009184,0.035639,0.027206,0.035899,0.015852,-0.011000,-0.032287,0.019300
0.007254,-0.002412,-0.018155,-0.006287,-0.004909,0.020181,0.007100,-0.007440,-0.013811,0.010297,0.036775,0.028599,0.039938,0.013837,-0.013570,-0.035079,0.020450
0.006771,-0.005761,-0.017840,-0.004558,-0.005228,0.025163,0.007401,-0.008866,-0.015552,0.011210,0.037984,0.028889,0.043239,0.011277,-0.014800,-0.037909,0.021316
0.004952,-0.010535,-0.017820,-0.001675,-0.004955,0.027887,0.007360,-0.010008,-0.017156,0.013805,0.038817,0.028669,0.044812,0.007185,-0.015648,-0.039931,0.021852
0.002127,-0.015484,-0.019219,0.001286,-0.005228,0.030592,0.006901,-0.009335,-0.018671,0.016059,0.038698,0.027880,0.044602,0.002520,-0.016426,-0.041436,0.022715
0.000022,-0.019707,-0.020351,0.001157,-0.005147,0.032587,0.005496,-0.008310,-0.020033,0.019031,0.037285,0.025204,0.041844,-0.002622,-0.015930,-0.042436,0.023496
-0.001814,-0.023555,-0.021145,0.001115,-0.005354,0.034453,0.003884,-0.007535,-0.021198,0.021825,0.035255,0.022196,0.039616,-0.008520,-0.015684,-0.043248,0.024182
-0.003582,-0.025685,-0.020899,0.001857,-0.005583,0.035298,0.002119,-0.006600,-0.021674,0.023582,0.033077,0.019486,0.038179,-0.013617,-0.015291,-0.043532,0.024598
-0.005419,-0.026665,-0.021719,0.001599,-0.005665,0.035966,0.000399,-0.005676,-0.022054,0.024397,0.031411,0.015897,0.036284,-0.018738,-0.016357,-0.042217,0.024803
-0.008203,-0.027342,-0.021876,0.001531,-0.005825,0.035270,-0.000748,-0.003464,-0.021290,0.025209,0.030488,0.012347,0.033968,-0.023293,-0.016977,-0.039877,0.024261
-0.011947,-0.030107,-0.022004,0.001029,-0.005706,0.034331,-0.001664,-0.001404,-0.019932,0.025896,0.029239,0.008917,0.031036,-0.027457,-0.017712,-0.037374,0.023494
-0.015635,-0.031620,-0.022312,-0.000315,-0.005579,0.033954,-0.002542,0.001228,-0.018265,0.026675,0.025509,0.005993,0.027109,-0.030924,-0.016793,-0.033156,0.022348
-0.018875,-0.032495,-0.020794,-0.002787,-0.005684,0.033033,-0.003192,0.003051,-0.016371,0.026882,0.019810,0.003241,0.022931,-0.034314,-0.015659,-0.028477,0.021085
-0.021742,-0.032976,-0.018795,-0.006125,-0.004783,0.031630,-0.002742,0.005273,-0.014852,0.026626,0.012638,0.000260,0.019135,-0.036214,-0.014163,-0.026531,0.019532
-0.024286,-0.033948,-0.016601,-0.008964,-0.003739,0.030024,-0.001697,0.007398,-0.013414,0.026044,0.005078,-0.002498,0.015127,-0.037880,-0.012212,-0.025373,0.018042
-0.024317,-0.034623,-0.013045,-0.011315,-0.002811,0.025960,-0.000969,0.011028,-0.011787,0.026173,-0.002318,-0.005830,0.010422,-0.038227,-0.009448,-0.022146,0.016218
-0.022577,-0.031357,-0.009674,-0.012478,-0.000997,0.022381,-0.000440,0.015098,-0.009678,0.025934,-0.009686,-0.008783,0.003650,-0.038064,-0.007548,-0.016159,0.013458
-0.020577,-0.027592,-0.005763,-0.013510,0.001133,0.018761,-0.000182,0.019250,-0.007354,0.025306,-0.014651,-0.012333,-0.004060,-0.036726,-0.005339,-0.009990,0.010769
-0.020304,-0.023902,-0.001090,-0.014626,0.003613,0.015136,-0.000898,0.022670,-0.004796,0.024166,-0.019104,-0.015845,-0.010646,-0.035229,-0.003318,-0.005147,0.008425
-0.020164,-0.019625,0.003540,-0.016569,0.005705,0.010855,-0.002902,0.024972,-0.002222,0.021932,-0.023434,-0.019113,-0.017129,-0.032662,-0.000851,-0.002258,0.007204
-0.021283,-0.015752,0.006124,-0.017843,0.006984,0.007612,-0.005039,0.025910,-0.000211,0.019429,-0.027128,-0.022098,-0.021401,-0.029417,0.002232,-0.000768,0.006070
-0.021631,-0.011951,0.007963,-0.018888,0.008204,0.003153,-0.005191,0.026726,0.001982,0.016585,-0.029719,-0.020745,-0.024102,-0.025653,0.005029,0.001056,0.004261
-0.021291,-0.007895,0.009657,-0.019109,0.009170,-0.001928,-0.005299,0.027935,0.004203,0.013323,-0.031357,-0.017198,-0.025623,-0.021432,0.006214,0.003113,0.002066
-0.018781,-0.001614,0.012267,-0.019186,0.010603,-0.005783,-0.004957,0.028615,0.005474,0.009734,-0.032604,-0.014458,-0.027831,-0.016644,0.007931,0.005370,0.000184
-0.016168,0.004627,0.014740,-0.015423,0.011179,-0.008147,-0.004556,0.028248,0.006332,0.005543,-0.032726,-0.011779,-0.028134,-0.011870,0.009580,0.007594,-0.001491
-0.012906,0.009883,0.015973,-0.012977,0.012192,-0.009776,-0.003906,0.027170,0.006510,0.001346,-0.031803,-0.009147,-0.028419,-0.006779,0.011163,0.010141,-0.002060
-0.009442,0.013942,0.016969,-0.010986,0.013171,-0.010242,-0.002588,0.026002,0.006357,-0.002388,-0.030220,-0.006115,-0.028542,-0.001571,0.011395,0.013613,-0.002959
-0.005333,0.019236,0.018419,-0.008877,0.013950,-0.009402,-0.000066,0.024943,0.006134,-0.005168,-0.029531,-0.002752,-0.028206,0.003426,0.011175,0.017432,-0.004280
-0.001154,0.023933,0.019869,-0.007042,0.014575,-0.007637,0.002574,0.024171,0.005910,-0.007406,-0.027326,0.000663,-0.026909,0.008295,0.011323,0.020317,-0.006439
0.003099,0.028456,0.021995,-0.005354,0.015353,-0.005815,0.004563,0.022967,0.005537,-0.009889,-0.024325,0.003206,-0.025007,0.012998,0.012598,0.022165,-0.008471
0.006220,0.030437,0.023577,-0.002825,0.016284,-0.004978,0.005871,0.020667,0.004712,-0.011827,-0.020839,0.004909,-0.022650,0.016876,0.014310,0.023660,-0.010415
0.007757,0.031523,0.022768,0.001894,0.016620,-0.001917,0.006599,0.018735,0.003605,-0.013567,-0.017425,0.006526,-0.021335,0.020028,0.015773,0.024841,-0.011693
0.009682,0.033439,0.021730,0.004979,0.017313,0.000718,0.006319,0.016381,0.002438,-0.013917,-0.014608,0.006995,-0.022000,0.022098,0.018028,0.025613,-0.012546
0.010641,0.034713,0.021026,0.006488,0.017536,0.003348,0.006021,0.013758,0.001346,-0.014037,-0.012063,0.007427,-0.023366,0.023169,0.020071,0.025741,-0.012987
0.012560,0.037427,0.020759,0.007664,0.017590,0.005871,0.005626,0.011280,0.000226,-0.014713,-0.009092,0.008500,-0.023239,0.023903,0.021017,0.026617,-0.013314
0.014509,0.039746,0.018993,0.007537,0.017015,0.008288,0.005169,0.009041,-0.001290,-0.015559,-0.006952,0.006956,-0.021449,0.023860,0.019362,0.027424,-0.013365
0.015608,0.041641,0.017571,0.008203,0.016109,0.009952,0.004148,0.008013,-0.002397,-0.015877,-0.002925,0.006119,-0.019070,0.023545,0.017367,0.028403,-0.013576
0.015609,0.039997,0.015589,0.008790,0.014508,0.010631,0.002855,0.006706,-0.003134,-0.016200,-0.000058,0.004686,-0.016452,0.022963,0.014653,0.028276,-0.013631
0.015240,0.037801,0.013543,0.010300,0.012594,0.010796,0.001545,0.006041,-0.003726,-0.016057,0.001746,0.004060,-0.014345,0.021535,0.012928,0.026318,-0.013873
0.014506,0.037080,0.013324,0.010219,0.010074,0.009519,0.000218,0.005445,-0.004183,-0.014960,0.002828,0.003659,-0.012099,0.019717,0.010710,0.023706,-0.013823
0.013586,0.035770,0.013031,0.009911,0.007408,0.008132,-0.001469,0.004778,-0.004579,-0.013503,0.002925,0.003095,-0.009565,0.017708,0.008617,0.020612,-0.013223
0.012114,0.031079,0.011730,0.009647,0.004582,0.008965,-0.002625,0.003950,-0.004728,-0.011871,0.002783,0.002719,-0.007067,0.014944,0.006443,0.016943,-0.012907
0.010848,0.026049,0.010538,0.009309,0.001716,0.009787,-0.003603,0.002834,-0.004809,-0.010251,0.002647,0.002422,-0.005729,0.011283,0.005080,0.014398,-0.012593
0.010812,0.022072,0.007644,0.007710,-0.000429,0.008991,-0.004299,0.001972,-0.004119,-0.008829,0.002982,0.001927,-0.004229,0.007400,0.002743,0.013524,-0.013086
0.010187,0.017667,0.004781,0.005123,-0.002991,0.008283,-0.004528,0.001109,-0.003408,-0.008804,0.002954,0.000609,-0.003206,0.003597,0.000228,0.011532,-0.013396
0.008728,0.013039,0.003444,0.002486,-0.005168,0.007840,-0.004537,0.000236,-0.002623,-0.008878,0.002843,-0.000808,-0.002541,-0.000210,-0.002371,0.008791,-0.013470
0.006971,0.008555,0.002369,-0.000726,-0.007101,0.007780,-0.005359,-0.000681,-0.002083,-0.008387,0.002106,-0.002030,-0.001687,-0.003215,-0.004719,0.006055,-0.013041
0.005622,0.005156,0.001681,-0.002172,-0.008793,0.007682,-0.006158,-0.001688,-0.001885,-0.007995,0.001713,-0.003007,-0.000094,-0.005757,-0.005835,0.003187,-0.012253
0.004110,0.001690,0.000402,-0.003521,-0.010089,0.007512,-0.006612,-0.003551,-0.001421,-0.007105,0.001483,-0.003686,0.001550,-0.008172,-0.006803,0.001078,-0.011249
0.002413,-0.001397,-0.000824,-0.004022,-0.010936,0.006969,-0.007040,-0.004776,-0.000655,-0.006637,0.001188,-0.003477,0.002527,-0.010483,-0.008010,-0.001401,-0.010239
0.002583,-0.002943,-0.001562,-0.004844,-0.011496,0.006671,-0.007944,-0.005739,0.000159,-0.005762,0.000152,-0.003151,0.002318,-0.012680,-0.009360,-0.003785,-0.009066
0.002702,-0.003946,-0.001700,-0.003160,-0.012285,0.006162,-0.009178,-0.006612,0.001177,-0.004929,-0.000827,-0.003398,0.002965,-0.014697,-0.010523,-0.006375,-0.007647
0.002093,-0.005982,-0.002392,-0.003698,-0.012773,0.004302,-0.010100,-0.007202,0.002025,-0.003956,-0.001231,-0.002484,0.003097,-0.016263,-0.011647,-0.009055,-0.006237
0.002392,-0.008073,-0.002455,-0.004180,-0.012908,0.001518,-0.010707,-0.007319,0.002860,-0.004015,-0.001432,-0.001397,0.002914,-0.017624,-0.012111,-0.010501,-0.005588
0.003090,-0.009185,-0.002517,-0.004859,-0.012840,-0.001806,-0.010367,-0.007429,0.004175,-0.004423,-0.002213,-0.001378,0.002804,-0.019641,-0.013040,-0.011331,-0.005130
0.003726,-0.010268,-0.002119,-0.005528,-0.012729,-0.004552,-0.009890,-0.007180,0.005442,-0.004673,-0.001770,-0.001270,0.003582,-0.021233,-0.013171,-0.011832,-0.005814
0.004210,-0.011213,-0.000809,-0.006652,-0.012573,-0.008843,-0.009204,-0.006435,0.006706,-0.004844,-0.001366,-0.001250,0.004298,-0.022689,-0.013129,-0.011677,-0.006460
0.005164,-0.012135,-0.000114,-0.006519,-0.012188,-0.012601,-0.008488,-0.006613,0.007188,-0.005810,-0.000499,-0.001629,0.004647,-0.023190,-0.012018,-0.011639,-0.007063
0.005694,-0.015840,-0.001247,-0.004956,-0.012061,-0.015784,-0.007818,-0.006011,0.007336,-0.006501,0.000268,-0.002049,0.003519,-0.023296,-0.010654,-0.011063,-0.007496
0.006552,-0.017855,-0.003107,-0.003298,-0.011767,-0.017909,-0.006504,-0.006667,0.007396,-0.006791,0.000867,-0.001318,0.002817,-0.022815,-0.008844,-0.010110,-0.007731
0.005983,-0.019196,-0.004429,-0.003622,-0.011248,-0.020184,-0.005958,-0.007338,0.007241,-0.006657,0.001206,-0.000550,0.001057,-0.021945,-0.006834,-0.009015,-0.007774
0.006239,-0.018156,-0.005521,-0.004065,-0.010888,-0.021390,-0.005432,-0.009787,0.007078,-0.006581,0.002412,0.001239,-0.000813,-0.019950,-0.005857,-0.005299,-0.007760
0.005648,-0.017598,-0.006469,-0.004422,-0.010733,-0.022696,-0.005117,-0.011728,0.006634,-0.006480,0.002891,0.001160,-0.001910,-0.017989,-0.005963,-0.001049,-0.007619
0.005065,-0.017986,-0.006709,-0.003893,-0.010947,-0.022904,-0.005097,-0.013966,0.006649,-0.005610,0.003954,0.000870,-0.003411,-0.015917,-0.006097,0.002778,-0.007343
0.004177,-0.018826,-0.007215,-0.004766,-0.011294,-0.023975,-0.004739,-0.016076,0.006805,-0.006442,0.003581,-0.000069,-0.003282,-0.013716,-0.005897,0.005742,-0.007117
0.003573,-0.020582,-0.007258,-0.004368,-0.011621,-0.024066,-0.003464,-0.017961,0.006818,-0.007095,0.003254,-0.000467,-0.002968,-0.012406,-0.005404,0.007809,-0.007269
0.003149,-0.020554,-0.005440,-0.003769,-0.011680,-0.025529,-0.002180,-0.019407,0.006599,-0.006989,0.002858,-0.000847,-0.002511,-0.011635,-0.005244,0.009822,-0.007286
0.003322,-0.019808,-0.003411,-0.003175,-0.011109,-0.026306,-0.001539,-0.020545,0.005934,-0.006223,0.002152,-0.001034,-0.001903,-0.010634,-0.005309,0.010406,-0.006977
0.003660,-0.021782,-0.001551,-0.002356,-0.010439,-0.025069,-0.000903,-0.021603,0.005583,-0.005276,0.001429,-0.001723,-0.001287,-0.009521,-0.005964,0.010794,-0.007084
0.003943,-0.023411,-0.000139,0.000070,-0.010393,-0.023354,-0.000450,-0.022674,0.005234,-0.003994,0.000816,-0.001448,-0.000804,-0.008499,-0.006799,0.010931,-0.007233
0.004059,-0.024858,0.000019,0.000143,-0.010202,-0.023924,-0.000456,-0.023469,0.005383,-0.002383,0.000821,-0.000521,-0.000377,-0.007354,-0.008225,0.011819,-0.007133
0.003597,-0.026521,-0.000535,-0.001286,-0.011038,-0.025028,-0.001046,-0.023603,0.005484,-0.002191,0.000819,0.000216,0.000151,-0.006566,-0.009379,0.011513,-0.006918
0.002108,-0.027905,-0.001551,-0.003077,-0.011563,-0.025709,-0.001482,-0.023469,0.005356,-0.002134,0.000883,0.000924,0.000499,-0.005728,-0.009623,0.010520,-0.006598
0.000482,-0.028800,-0.002479,-0.004584,-0.011857,-0.025658,-0.001997,-0.022507,0.004905,-0.001671,0.000928,0.001195,0.001027,-0.004588,-0.009575,0.009231,-0.006044
-0.000292,-0.029008,-0.002954,-0.003682,-0.011976,-0.023076,-0.002425,-0.020849,0.004050,-0.001431,0.000597,0.001474,0.001866,-0.003390,-0.009328,0.008155,-0.005476
-0.001031,-0.028708,-0.003877,-0.001763,-0.011662,-0.020559,-0.002572,-0.019693,0.002964,-0.001131,0.000320,0.001340,0.002665,-0.002213,-0.008927,0.006728,-0.004551
-0.001110,-0.027054,-0.005054,0.000472,-0.011838,-0.015542,-0.002652,-0.018348,0.001983,-0.001083,-0.000272,0.000162,0.002752,-0.001791,-0.009092,0.004696,-0.003747
-0.001235,-0.025655,-0.006473,0.002211,-0.011794,-0.011837,-0.003275,-0.017023,0.001045,-0.000951,-0.001474,-0.001244,0.002516,-0.001955,-0.008853,0.002679,-0.003050
-0.001204,-0.023016,-0.007115,0.005623,-0.011903,-0.007293,-0.004273,-0.015529,0.000733,0.000299,-0.002142,-0.002392,0.002620,-0.002581,-0.008602,0.001246,-0.002406
-0.001505,-0.020894,-0.007620,0.008557,-0.012002,-0.004701,-0.005374,-0.013836,0.000751,0.002011,-0.002183,-0.002032,0.002583,-0.003093,-0.008220,-0.000078,-0.002302
-0.000226,-0.018281,-0.007381,0.011570,-0.012095,-0.003461,-0.006354,-0.012116,0.000698,0.002653,-0.000893,-0.001569,0.002133,-0.002929,-0.007921,-0.001653,-0.002420
0.000963,-0.015466,-0.007206,0.014127,-0.012165,-0.002279,-0.007363,-0.010322,0.000942,0.002101,0.000039,-0.001886,0.001711,-0.003313,-0.008065,-0.003012,-0.002613
0.001963,-0.012371,-0.007731,0.015434,-0.012135,-0.001999,-0.008401,-0.009130,0.001165,0.001753,0.000911,-0.002231,0.001919,-0.004109,-0.007603,-0.004334,-0.002297
0.002887,-0.007902,-0.008070,0.016406,-0.012175,-0.003197,-0.009632,-0.007527,0.001515,0.000982,0.002006,-0.002077,0.002274,-0.005422,-0.007075,-0.005328,-0.001288
0.004376,-0.003222,-0.009868,0.018659,-0.012175,-0.003915,-0.010681,-0.006413,0.001209,0.000681,0.003181,-0.001383,0.002418,-0.006823,-0.006538,-0.008160,-0.000274
0.005900,-0.001356,-0.011767,0.021574,-0.012557,-0.005975,-0.011548,-0.004142,0.000738,-0.000155,0.004827,-0.000798,0.002401,-0.009040,-0.005853,-0.011469,0.001009
0.007397,0.000304,-0.014179,0.024228,-0.012626,-0.006873,-0.011362,-0.002516,0.000078,-0.000987,0.005190,-0.001553,0.003078,-0.010626,-0.004672,-0.014453,0.002260
0.009448,0.002310,-0.015655,0.025975,-0.012465,-0.008356,-0.011963,-0.000730,-0.001448,-0.001431,0.005292,-0.003142,0.004528,-0.011796,-0.003412,-0.017076,0.003250
0.011370,0.006421,-0.016729,0.027441,-0.012535,-0.008948,-0.012613,0.000072,-0.003286,-0.000608,0.005602,-0.004205,0.005825,-0.011744,-0.002750,-0.018020,0.004165
0.012199,0.011776,-0.017624,0.030268,-0.012632,-0.009196,-0.013774,0.000885,-0.005066,0.000186,0.005872,-0.005951,0.006742,-0.011157,-0.002112,-0.018017,0.004674
0.012607,0.014396,-0.018923,0.032880,-0.013168,-0.007689,-0.014995,0.000758,-0.006484,0.002278,0.005691,-0.008480,0.006675,-0.010451,-0.001418,-0.018208,0.005132
0.012439,0.018704,-0.020684,0.033598,-0.013712,-0.007853,-0.015732,0.000612,-0.007474,0.003077,0.005903,-0.010817,0.007101,-0.009545,-0.000099,-0.018661,0.005575
0.012060,0.021412,-0.021840,0.033789,-0.014337,-0.008783,-0.015468,0.000754,-0.008285,0.003959,0.006219,-0.012151,0.008198,-0.008329,0.001504,-0.019274,0.005792
0.011431,0.023731,-0.022199,0.033454,-0.014661,-0.010267,-0.015015,0.000966,-0.009105,0.004221,0.006493,-0.013229,0.009597,-0.007790,0.003089,-0.019701,0.006322
0.011523,0.026927,-0.022086,0.034684,-0.014353,-0.011994,-0.015043,0.001018,-0.010093,0.003949,0.007053,-0.013519,0.010679,-0.007518,0.004115,-0.021239,0.007227
0.011273,0.029676,-0.021568,0.035179,-0.013774,-0.012637,-0.015032,0.000892,-0.010984,0.004022,0.007715,-0.014491,0.011574,-0.006846,0.004819,-0.023317,0.008214
0.011556,0.032006,-0.020675,0.036001,-0.013299,-0.012717,-0.014899,0.000136,-0.011687,0.004700,0.008352,-0.014298,0.012940,-0.006018,0.004543,-0.025076,0.009045
0.011656,0.033593,-0.019448,0.035957,-0.012628,-0.012646,-0.014759,-0.000120,-0.012461,0.005618,0.009556,-0.013339,0.014041,-0.005071,0.004131,-0.025417,0.009821
0.012021,0.034539,-0.018252,0.035203,-0.012352,-0.012798,-0.014738,0.000074,-0.013199,0.006679,0.010779,-0.012172,0.015048,-0.004547,0.003203,-0.025376,0.010536
0.012486,0.035925,-0.017010,0.033353,-0.012567,-0.013882,-0.014299,0.000223,-0.014316,0.007680,0.012175,-0.010989,0.015716,-0.004128,0.003086,-0.024848,0.011202
0.012890,0.036955,-0.015658,0.031195,-0.012633,-0.014156,-0.013618,-0.000380,-0.015738,0.008574,0.013367,-0.012054,0.016406,-0.004478,0.002895,-0.024993,0.011742
0.012713,0.037770,-0.014229,0.028278,-0.012801,-0.012679,-0.012777,-0.000957,-0.017272,0.008821,0.013283,-0.012852,0.016604,-0.005136,0.002944,-0.023964,0.011289
0.013411,0.038151,-0.013195,0.026171,-0.012794,-0.014086,-0.012475,-0.001315,-0.019178,0.008209,0.012640,-0.012969,0.016623,-0.005901,0.002085,-0.024641,0.011049
0.015015,0.039116,-0.012489,0.025567,-0.014048,-0.013480,-0.012266,-0.002019,-0.021141,0.006449,0.011407,-0.013314,0.016393,-0.006983,0.001106,-0.024956,0.011021
0.016374,0.040070,-0.011437,0.024549,-0.015451,-0.012626,-0.011879,-0.002997,-0.023236,0.003806,0.010034,-0.013403,0.015502,-0.008200,-0.000689,-0.025010,0.010749
0.017495,0.040304,-0.010697,0.023590,-0.016773,-0.010981,-0.011791,-0.003815,-0.024715,0.001413,0.008973,-0.012988,0.014455,-0.009856,-0.002614,-0.024090,0.010157
0.016103,0.038926,-0.010070,0.021625,-0.019166,-0.012169,-0.011630,-0.005946,-0.025954,-0.000363,0.006968,-0.011716,0.012707,-0.011701,-0.004999,-0.022423,0.009029
0.015211,0.037239,-0.009150,0.020920,-0.021652,-0.013957,-0.011171,-0.007980,-0.026802,-0.002444,0.006238,-0.009187,0.009364,-0.012779,-0.007875,-0.019380,0.007508
0.014481,0.034974,-0.008149,0.021143,-0.024226,-0.015464,-0.010927,-0.008982,-0.027741,-0.003823,0.006442,-0.005861,0.005393,-0.013220,-0.012536,-0.015522,0.005462
0.013442,0.032649,-0.008271,0.019948,-0.026385,-0.017754,-0.010700,-0.010283,-0.028751,-0.005291,0.006581,-0.000522,0.001405,-0.013716,-0.016407,-0.010409,0.004141
0.012243,0.031207,-0.008306,0.016652,-0.028091,-0.019843,-0.010679,-0.011554,-0.029626,-0.008185,0.006858,0.005540,-0.004056,-0.014101,-0.020098,-0.004378,0.004365
0.010109,0.030133,-0.010302,0.011369,-0.030459,-0.021568,-0.009622,-0.015048,-0.030336,-0.011828,0.006716,0.013021,-0.009873,-0.011860,-0.036465,-0.000725,0.006010
0.007372,0.027674,-0.012096,0.006723,-0.032091,-0.021927,-0.007820,-0.018269,-0.032892,-0.017840,0.007733,0.021089,-0.014714,-0.010489,-0.051945,0.002626,0.008014
0.005343,0.025794,-0.012610,-0.001420,-0.033392,-0.021009,-0.004987,-0.021493,-0.035643,-0.024500,0.008455,0.027045,-0.018957,-0.009165,-0.065989,0.004510,0.012557
0.004631,0.025963,-0.007761,-0.009480,-0.035736,-0.019954,-0.000486,-0.026858,-0.041964,-0.031450,0.009967,0.032111,-0.018519,-0.008054,-0.078752,0.005738,0.018661
0.005807,0.031115,-0.001833,-0.017788,-0.040946,-0.021885,0.004763,-0.034807,-0.048265,-0.037336,0.010941,0.036565,-0.016892,-0.006833,-0.090452,0.004926,0.024147
0.008453,0.038082,0.003879,-0.023028,-0.045591,-0.023164,0.009538,-0.042874,-0.053827,-0.042568,0.011097,0.039956,-0.015336,-0.005454,-0.100714,0.004265,0.028111
0.011591,0.042675,0.008234,-0.026091,-0.051502,-0.026148,0.012489,-0.050382,-0.058758,-0.046667,0.011812,0.042151,-0.014155,-0.004335,-0.109476,0.004292,0.031499
0.014288,0.047655,0.011959,-0.028834,-0.056621,-0.029320,0.014966,-0.056584,-0.063354,-0.050514,0.012575,0.045214,-0.014279,-0.003212,-0.116806,0.004923,0.035607
0.012156,0.047717,0.014935,-0.031476,-0.060419,-0.029676,0.017117,-0.061232,-0.068462,-0.054950,0.013904,0.048597,-0.013549,-0.001411,-0.123433,0.005342,0.042571
0.009654,0.046306,0.017121,-0.035981,-0.063466,-0.028206,0.018564,-0.064762,-0.073162,-0.060145,0.015669,0.051475,-0.011602,0.001141,-0.128595,0.006050,0.049078
0.007264,0.044311,0.017622,-0.038937,-0.066168,-0.025567,0.019186,-0.065918,-0.077110,-0.065394,0.017885,0.057195,-0.009570,0.004473,-0.132811,0.006245,0.053480
0.002462,0.041823,0.016727,-0.041189,-0.068567,-0.023088,0.019187,-0.066205,-0.079949,-0.069684,0.020028,0.062028,-0.007379,0.007882,-0.135129,0.006470,0.055973
-0.001959,0.037456,0.015777,-0.041810,-0.070335,-0.020022,0.018832,-0.067705,-0.082450,-0.072524,0.022089,0.066292,-0.006300,0.011196,-0.135868,0.007399,0.057318
-0.006894,0.032621,0.014240,-0.040952,-0.071420,-0.016887,0.017791,-0.068021,-0.084144,-0.074760,0.024602,0.069806,-0.005848,0.014758,-0.135228,0.009065,0.057825
-0.011209,0.027579,0.013019,-0.038415,-0.071730,-0.013060,0.016599,-0.067436,-0.084876,-0.075707,0.027111,0.073468,-0.005558,0.017378,-0.132897,0.010537,0.057292
-0.014844,0.023309,0.012204,-0.034882,-0.071835,-0.010127,0.014730,-0.066074,-0.084474,-0.076293,0.029569,0.076542,-0.005107,0.020325,-0.128991,0.012100,0.056187
-0.018059,0.020564,0.011377,-0.031083,-0.070679,-0.006256,0.012906,-0.064651,-0.082766,-0.076092,0.031532,0.077576,-0.005060,0.022268,-0.123578,0.012128,0.054502
-0.020889,0.017889,0.010351,-0.028266,-0.068889,-0.002990,0.010745,-0.062798,-0.079892,-0.074933,0.032492,0.077395,-0.005007,0.023706,-0.114805,0.012875,0.051442
-0.025468,0.013879,0.008391,-0.027184,-0.064720,-0.000918,0.007644,-0.058825,-0.073716,-0.071143,0.033157,0.073462,-0.005896,0.021365,-0.104988,0.014690,0.047817
-0.031020,0.008763,0.006477,-0.023956,-0.059499,0.001262,0.004731,-0.054583,-0.065519,-0.065684,0.033686,0.068430,-0.008569,0.017750,-0.091354,0.017010,0.043869
-0.035641,0.003723,0.004741,-0.020169,-0.054055,0.005928,0.001633,-0.050067,-0.057248,-0.060434,0.033637,0.062879,-0.011647,0.013949,-0.077739,0.021186,0.039270
-0.039399,-0.002129,0.002407,-0.015450,-0.048640,0.009530,-0.001978,-0.044900,-0.048772,-0.054554,0.033183,0.057650,-0.014584,0.010650,-0.063531,0.026564,0.033600
-0.044695,-0.008211,-0.000841,-0.011709,-0.044214,0.010843,-0.005824,-0.040240,-0.040762,-0.047882,0.030909,0.053236,-0.016539,0.008243,-0.049424,0.031429,0.027236
-0.049197,-0.014608,-0.004073,-0.005424,-0.039533,0.010961,-0.009912,-0.035064,-0.032287,-0.041004,0.028233,0.050032,-0.018572,0.006018,-0.035713,0.036930,0.019893
-0.052050,-0.020421,-0.007186,0.002817,-0.034838,0.011026,-0.013557,-0.028724,-0.024193,-0.033499,0.025792,0.046219,-0.019510,0.003859,-0.022889,0.041281,0.011613
-0.053106,-0.024949,-0.010497,0.011261,-0.030317,0.011039,-0.017671,-0.021793,-0.017101,-0.026717,0.023278,0.043216,-0.019079,0.001771,-0.010174,0.044254,0.002183
-0.053517,-0.028160,-0.014712,0.018108,-0.026121,0.008406,-0.022846,-0.014299,-0.010411,-0.021479,0.020003,0.039813,-0.019921,0.001748,0.002718,0.047609,-0.006612
-0.053804,-0.029795,-0.020039,0.024109,-0.021990,0.004449,-0.026911,-0.008395,-0.003646,-0.016657,0.016239,0.037211,-0.021393,0.005029,0.003037,0.049651,-0.013782
-0.053413,-0.031667,-0.025470,0.029191,-0.017028,0.001884,-0.030136,-0.002464,0.000121,-0.014633,0.012554,0.034847,-0.022500,0.008205,0.003055,0.051395,-0.020465
-0.051879,-0.032853,-0.029479,0.030568,-0.012499,0.001070,-0.031979,0.003632,0.003119,-0.013589,0.009479,0.031488,-0.023393,0.011073,0.002875,0.050125,-0.024205
-0.048643,-0.032001,-0.029146,0.030788,-0.008936,0.000621,-0.031618,0.007435,0.002815,-0.014002,0.007329,0.028160,-0.020673,0.012657,0.003270,0.047180,-0.025348
-0.043087,-0.027369,-0.027290,0.030014,-0.007751,-0.002282,-0.029555,0.007322,0.003287,-0.014429,0.005342,0.024413,-0.017562,0.012045,0.004584,0.041888,-0.026446
-0.036205,-0.021719,-0.025299,0.029863,-0.005904,-0.006168,-0.027033,0.006109,0.003937,-0.012969,0.004385,0.023623,-0.014823,0.010252,0.005860,0.036185,-0.027658
-0.028763,-0.015345,-0.023001,0.031093,-0.005355,-0.011450,-0.025415,0.004773,0.005283,-0.010787,0.004353,0.021607,-0.014014,0.006851,0.005403,0.029685,-0.028736
-0.020572,-0.009512,-0.019495,0.032059,-0.004672,-0.014603,-0.023458,0.005321,0.006602,-0.008469,0.005477,0.019855,-0.014476,0.002638,0.004170,0.023157,-0.028461
-0.012344,-0.003397,-0.015429,0.027823,-0.005545,-0.020200,-0.017739,0.002550,0.002943,-0.008733,0.004598,0.017260,-0.010918,-0.001701,0.002006,0.009868,-0.018634
-0.004151,0.001864,-0.011614,0.021412,-0.006164,-0.023982,-0.012437,-0.000026,-0.001069,-0.009947,0.004451,0.014289,-0.006564,-0.005209,-0.000275,-0.002601,-0.008767
0.003988,0.005822,-0.009213,0.013363,-0.007001,-0.025473,-0.007238,-0.000788,-0.005295,-0.011488,0.004218,0.014135,-0.002064,-0.007395,-0.003254,-0.015222,-0.000539
0.010337,0.009535,-0.007625,0.005136,-0.008274,-0.027678,-0.002204,-0.001348,-0.009399,-0.013210,0.003944,0.013764,0.002715,-0.009159,-0.006259,-0.026620,0.006082
0.016254,0.011496,-0.005953,-0.001557,-0.010094,-0.029382,0.002651,-0.003316,-0.014243,-0.014762,0.003887,0.013173,0.006418,-0.010669,-0.009069,-0.036738,0.011925
0.021382,0.013156,-0.004743,-0.006943,-0.012171,-0.030818,0.006944,-0.005453,-0.019027,-0.016585,0.003989,0.012487,0.009445,-0.011557,-0.011888,-0.045526,0.017404
0.026376,0.014614,-0.003126,-0.010928,-0.014419,-0.031786,0.010880,-0.007520,-0.023789,-0.018228,0.004284,0.012622,0.012156,-0.012451,-0.014127,-0.053746,0.022125
0.031236,0.015868,-0.001437,-0.013419,-0.016591,-0.032401,0.013874,-0.009650,-0.028150,-0.020639,0.004558,0.013148,0.014858,-0.012374,-0.016309,-0.061453,0.026431
0.035970,0.018712,0.000322,-0.015580,-0.018326,-0.032632,0.016489,-0.011814,-0.031862,-0.023321,0.004630,0.014680,0.016814,-0.011857,-0.018381,-0.069057,0.030371
0.040571,0.021481,0.002140,-0.017501,-0.019931,-0.032479,0.018561,-0.013925,-0.034961,-0.025953,0.004669,0.016192,0.018661,-0.011020,-0.019169,-0.076178,0.034019
0.041540,0.023000,0.003045,-0.021145,-0.019794,-0.031211,0.020039,-0.014572,-0.034913,-0.026054,0.004902,0.014465,0.019147,-0.013494,-0.019309,-0.080012,0.037375
0.039768,0.022616,0.003951,-0.024688,-0.018246,-0.029329,0.021731,-0.015064,-0.032738,-0.024214,0.005392,0.011973,0.017286,-0.017159,-0.016669,-0.082839,0.040068
0.037445,0.021388,0.004298,-0.027922,-0.016394,-0.025894,0.023052,-0.015289,-0.030067,-0.022024,0.005609,0.009195,0.014402,-0.020853,-0.013678,-0.082459,0.042197
0.034727,0.019486,0.004777,-0.029933,-0.014733,-0.023035,0.024185,-0.015352,-0.027127,-0.019313,0.005787,0.007242,0.011153,-0.023798,-0.010900,-0.079206,0.043345
0.031468,0.017586,0.005202,-0.031749,-0.013055,-0.019888,0.024909,-0.014876,-0.024194,-0.016239,0.005339,0.006242,0.008345,-0.025293,-0.008506,-0.074926,0.043704
0.027833,0.015012,0.005624,-0.032110,-0.011126,-0.017252,0.025171,-0.014211,-0.020850,-0.012803,0.004829,0.006097,0.005928,-0.026272,-0.007050,-0.069134,0.043017
0.024444,0.012774,0.006159,-0.031622,-0.009176,-0.014247,0.025417,-0.013563,-0.017649,-0.009651,0.003833,0.005898,0.004655,-0.026922,-0.005418,-0.063013,0.041610
0.021867,0.011139,0.006677,-0.030808,-0.007741,-0.010871,0.024937,-0.012740,-0.015116,-0.007031,0.002987,0.005175,0.004526,-0.027102,-0.004799,-0.057931,0.038866
0.019067,0.010353,0.006284,-0.029669,-0.007160,-0.010030,0.023017,-0.011772,-0.012910,-0.005127,0.001822,0.004364,0.004668,-0.024618,-0.004922,-0.051986,0.035585
0.016410,0.010240,0.005810,-0.027092,-0.006546,-0.010626,0.020767,-0.010631,-0.010949,-0.003088,0.000808,0.003640,0.004771,-0.020676,-0.005046,-0.045316,0.032128
0.014567,0.010856,0.005199,-0.024110,-0.005949,-0.011174,0.018077,-0.009761,-0.010130,-0.002289,-0.000238,0.002840,0.005387,-0.016084,-0.005175,-0.038534,0.028571
0.012582,0.011433,0.004846,-0.020430,-0.006118,-0.011009,0.015438,-0.008749,-0.009850,-0.001860,-0.001356,0.001160,0.006360,-0.011034,-0.005276,-0.032637,0.024675
0.011441,0.011347,0.004097,-0.017042,-0.006256,-0.010750,0.012588,-0.007687,-0.009477,-0.002576,-0.002546,-0.000866,0.007358,-0.006371,-0.004695,-0.026853,0.020521
0.010134,0.009856,0.003263,-0.013280,-0.005596,-0.009658,0.009776,-0.006401,-0.007952,-0.003328,-0.003439,-0.003039,0.007361,-0.003391,-0.002668,-0.020445,0.015742
0.007816,0.007037,0.002009,-0.009222,-0.004266,-0.008920,0.006686,-0.004974,-0.006058,-0.002621,-0.003041,-0.001901,0.006642,-0.001203,-0.000469,-0.013414,0.010899
0.004064,0.003957,0.000647,-0.004796,-0.002268,-0.005924,0.003477,-0.003406,-0.003408,-0.001487,-0.002269,-0.000665,0.003644,-0.000215,0.000090,-0.006799,0.005616
