AU01,AU02,AU04,AU05,AU06,AU07,AU09,AU10,AU12,AU14,AU15,AU17,AU20,AU23,AU25,AU26,AU45
-0.069420,0.000128,-0.027185,-0.120500,-0.015015,0.001796,-0.035935,0.059509,0.051780,0.050134,-0.003760,-0.021399,-0.079605,-0.032018,-0.058576,-0.074236,-0.135886
-0.070933,0.000111,-0.027807,-0.122088,-0.014581,0.000954,-0.036043,0.063430,0.054398,0.052511,-0.003458,-0.023583,-0.079932,-0.031452,-0.060771,-0.074721,-0.138453
-0.071252,0.000078,-0.027672,-0.122654,-0.013518,0.000659,-0.035530,0.066589,0.056598,0.053949,-0.003123,-0.026223,-0.079021,-0.029400,-0.061991,-0.073988,-0.138740
-0.070296,0.000058,-0.026673,-0.121118,-0.012264,0.000316,-0.034880,0.068672,0.057949,0.054011,-0.001619,-0.028700,-0.074922,-0.026830,-0.062167,-0.072034,-0.136346
-0.068081,0.000024,-0.025212,-0.117507,-0.010844,0.000130,-0.033854,0.070047,0.058537,0.053229,-0.000665,-0.031293,-0.070166,-0.023917,-0.061548,-0.068687,-0.131383
-0.064574,-0.000007,-0.023018,-0.111906,-0.009172,0.000024,-0.032277,0.070273,0.058382,0.051906,-0.000081,-0.033345,-0.063590,-0.020666,-0.060594,-0.063144,-0.124262
-0.059922,-0.000085,-0.019950,-0.104848,-0.007430,0.000017,-0.030281,0.069170,0.057246,0.050753,0.000006,-0.033840,-0.056566,-0.016984,-0.058901,-0.055138,-0.115155
-0.053147,-0.000243,-0.016491,-0.095984,-0.005700,0.000022,-0.027570,0.066164,0.054992,0.049475,0.000085,-0.033717,-0.048811,-0.013182,-0.056159,-0.046549,-0.104252
-0.045269,-0.000350,-0.012168,-0.085853,-0.004011,0.000013,-0.024497,0.061735,0.051831,0.047504,0.000258,-0.032980,-0.040504,-0.009470,-0.052427,-0.037137,-0.091945
-0.036818,-0.000403,-0.007657,-0.073239,-0.002447,0.000008,-0.020859,0.056392,0.047827,0.044690,0.000690,-0.032173,-0.031953,-0.006001,-0.048264,-0.027597,-0.078313
-0.028082,-0.000262,-0.003408,-0.059403,-0.000989,0.000000,-0.016667,0.050365,0.042876,0.038620,0.001451,-0.030267,-0.023342,-0.003144,-0.043264,-0.018495,-0.063659
-0.019299,-0.000107,-0.000564,-0.045112,-0.000092,-0.000044,-0.012268,0.043656,0.037225,0.032023,0.002436,-0.027832,-0.015207,-0.000997,-0.037102,-0.010085,-0.048480
-0.011040,-0.000017,0.000226,-0.030482,0.000249,-0.000289,-0.007467,0.036385,0.031135,0.025224,0.004456,-0.024932,-0.008085,-0.000005,-0.030545,-0.003184,-0.033363
-0.004252,0.000040,0.003476,-0.017061,0.002455,-0.000762,-0.003259,0.028530,0.024956,0.018848,0.006696,-0.021518,-0.002384,0.001292,-0.023994,-0.000003,-0.019050
-0.000034,0.000499,0.011593,-0.009550,0.008449,-0.001061,-0.000479,0.021234,0.019122,0.013947,0.008202,-0.018140,0.000018,0.009858,-0.018450,0.004789,-0.007014
-0.000083,0.001412,0.010865,-0.007122,0.007704,-0.001420,-0.001419,0.015009,0.015986,0.010739,0.008422,-0.018443,0.010051,0.010279,-0.014050,0.024329,-0.000613
-0.000204,0.000782,0.009974,-0.006028,0.006959,-0.001133,-0.002809,0.010712,0.014635,0.009363,0.008219,-0.020649,0.010768,0.010531,-0.013049,0.027047,0.000267
-0.000386,0.000081,0.007756,-0.005752,0.006808,-0.000227,-0.003939,0.007515,0.013372,0.008127,0.005888,-0.020138,0.007948,0.010439,-0.012424,0.025887,0.000996
-0.000324,-0.000073,0.006739,-0.004858,0.006610,0.000092,-0.004892,0.004643,0.012355,0.006565,0.004265,-0.018462,0.005264,0.009966,-0.011238,0.025059,0.001315
-0.000268,-0.000451,0.005593,-0.002916,0.006817,0.001548,-0.005134,0.002056,0.011720,0.005512,0.003194,-0.016011,0.004037,0.009266,-0.007499,0.024210,0.001676
-0.000129,-0.000542,0.006243,-0.001303,0.007420,0.004460,-0.004773,0.000449,0.011446,0.004781,0.002374,-0.015532,0.003227,0.008399,-0.003870,0.023496,0.002274
0.000001,-0.000342,0.008692,-0.000488,0.008106,0.006076,-0.004001,-0.000046,0.011184,0.003941,0.001124,-0.015473,0.003352,0.007774,-0.001229,0.021813,0.003242
0.000330,-0.000227,0.011164,-0.000063,0.008822,0.003899,-0.003489,-0.001043,0.010883,0.003418,0.000216,-0.015207,0.002981,0.007284,-0.000079,0.019729,0.004136
0.001328,-0.000001,0.012810,0.000023,0.009056,0.002238,-0.003163,-0.002470,0.010535,0.002458,-0.000027,-0.013997,0.002463,0.007549,0.000287,0.018415,0.005049
0.003129,0.000235,0.012256,0.000353,0.009454,0.001118,-0.002974,-0.005299,0.010244,0.002276,-0.000703,-0.012620,0.001780,0.007714,0.001942,0.016521,0.005870
0.005334,0.001580,0.011569,0.001515,0.009887,0.000810,-0.002589,-0.008665,0.009913,0.001874,-0.002610,-0.012037,0.000663,0.007699,0.003371,0.014878,0.006404
0.006495,0.003646,0.011652,0.003594,0.010250,0.000514,-0.002526,-0.010467,0.010135,0.001407,-0.004987,-0.011816,0.000036,0.007426,0.004126,0.012637,0.006158
0.007089,0.005816,0.010562,0.004442,0.010338,0.001342,-0.002147,-0.011408,0.010167,0.000542,-0.007288,-0.011351,-0.000096,0.006946,0.004512,0.009912,0.005710
0.005504,0.005431,0.009256,0.005069,0.010344,0.001360,-0.001923,-0.011575,0.009967,0.000098,-0.009775,-0.012091,-0.000887,0.006154,0.005434,0.005370,0.005169
0.003395,0.003454,0.007045,0.002746,0.010582,0.001499,-0.001787,-0.011258,0.010053,0.000006,-0.013344,-0.013667,-0.002655,0.005800,0.006337,0.001780,0.004563
0.001698,0.001656,0.005002,0.000973,0.010644,0.001006,-0.001440,-0.011070,0.010052,-0.000081,-0.015521,-0.015354,-0.002454,0.004679,0.007260,0.000041,0.004520
0.000598,0.000490,0.003101,0.000228,0.010530,0.000650,-0.001735,-0.010339,0.010135,-0.000709,-0.017977,-0.017882,-0.002542,0.003184,0.009859,-0.001239,0.004864
0.000053,-0.000001,0.002793,-0.000000,0.010873,0.001397,-0.002107,-0.009386,0.010609,-0.001724,-0.019610,-0.021417,-0.002917,0.001937,0.011639,-0.004642,0.005213
-0.000146,-0.000578,0.002593,-0.000148,0.011035,0.002786,-0.003214,-0.008412,0.011395,-0.002287,-0.021448,-0.023345,-0.003479,0.001126,0.013560,-0.007845,0.005650
-0.000012,-0.002288,0.001754,-0.000419,0.010925,0.004743,-0.004214,-0.008132,0.011920,-0.002311,-0.022847,-0.024774,-0.003318,0.000800,0.015874,-0.011302,0.005989
0.000038,-0.003518,0.001031,-0.000909,0.010570,0.006320,-0.005329,-0.008015,0.012419,-0.002137,-0.023946,-0.025546,-0.002644,0.000519,0.017920,-0.014144,0.006051
0.000128,-0.004396,0.000649,-0.000773,0.010049,0.005879,-0.006116,-0.007753,0.012707,-0.001746,-0.024553,-0.026518,-0.001948,0.000197,0.019204,-0.016711,0.005996
0.000222,-0.004573,0.000700,-0.000265,0.009625,0.005291,-0.005833,-0.006914,0.012585,-0.003040,-0.024438,-0.028237,-0.001392,-0.000006,0.019496,-0.019165,0.006245
0.000288,-0.004784,0.001051,-0.000046,0.009781,0.006248,-0.005251,-0.006006,0.012179,-0.005637,-0.024328,-0.029505,-0.001446,-0.000401,0.019827,-0.021517,0.006371
0.000419,-0.005022,0.001525,0.000065,0.009948,0.006783,-0.004099,-0.004994,0.012010,-0.008751,-0.021898,-0.030543,-0.002186,-0.001539,0.021854,-0.022579,0.005993
0.000712,-0.003602,0.002092,0.000296,0.010816,0.007091,-0.001977,-0.003902,0.012231,-0.011202,-0.019841,-0.030937,-0.003110,-0.003234,0.024764,-0.022557,0.005131
0.001192,-0.001464,0.002578,0.001018,0.011814,0.008304,-0.000578,-0.001536,0.012669,-0.011759,-0.018160,-0.032238,-0.004303,-0.004939,0.027735,-0.022178,0.004226
0.001967,-0.000206,0.001859,0.001601,0.012618,0.010085,-0.000150,-0.000244,0.013390,-0.011388,-0.017955,-0.033021,-0.005333,-0.006745,0.031469,-0.021684,0.003513
0.003034,0.000226,0.001124,0.002018,0.013474,0.013001,-0.000001,0.000011,0.014729,-0.012323,-0.017598,-0.034430,-0.007375,-0.008814,0.035510,-0.020725,0.002774
0.003867,0.001222,0.000229,0.001696,0.014785,0.017165,0.000080,0.000492,0.016386,-0.013521,-0.015568,-0.035716,-0.010510,-0.011617,0.041243,-0.018024,0.001474
0.004503,0.002582,-0.000103,0.001348,0.016330,0.022293,0.000355,0.001275,0.018665,-0.015024,-0.013793,-0.037896,-0.013901,-0.015168,0.047848,-0.014613,0.000628
0.004569,0.003950,-0.001129,0.001744,0.018497,0.027337,0.001008,0.002639,0.021962,-0.016299,-0.012540,-0.040235,-0.015948,-0.019344,0.056048,-0.010790,0.000127
0.004923,0.005236,-0.002231,0.002484,0.021072,0.031798,0.002258,0.004669,0.025577,-0.016873,-0.011097,-0.045590,-0.018064,-0.023671,0.065264,-0.008036,-0.000005
0.006387,0.006267,-0.002409,0.003524,0.024193,0.033755,0.003266,0.007475,0.029850,-0.017670,-0.009497,-0.052374,-0.020593,-0.027942,0.073907,-0.005482,-0.000143
0.007927,0.004707,-0.003406,0.004759,0.027108,0.033807,0.002429,0.010809,0.034285,-0.018158,-0.008171,-0.058718,-0.023932,-0.032008,0.081753,-0.003237,-0.000520
0.009354,0.003369,-0.004671,0.006024,0.029708,0.034670,0.001315,0.014125,0.039006,-0.019099,-0.007491,-0.063044,-0.027123,-0.035212,0.089866,-0.001465,-0.000935
0.009284,0.001285,-0.007690,0.007375,0.032254,0.035643,0.000375,0.015935,0.043384,-0.018923,-0.006778,-0.066101,-0.030150,-0.037859,0.096656,-0.000358,-0.001370
0.008678,0.001037,-0.010954,0.008999,0.034491,0.037677,0.000007,0.017483,0.048001,-0.019111,-0.006350,-0.068951,-0.033244,-0.039881,0.102654,0.000006,-0.001968
0.007490,0.001121,-0.013115,0.009910,0.036397,0.038760,-0.000167,0.018746,0.052043,-0.018832,-0.005760,-0.071505,-0.035824,-0.041495,0.106169,0.001070,-0.002683
0.006592,0.001283,-0.014934,0.010856,0.037886,0.039292,-0.000738,0.020466,0.055305,-0.019083,-0.004933,-0.073746,-0.037959,-0.042945,0.108267,0.003349,-0.003442
0.004805,0.000550,-0.017030,0.011367,0.038889,0.039757,-0.001554,0.022201,0.057653,-0.020203,-0.004013,-0.076111,-0.040623,-0.044179,0.110315,0.004396,-0.004253
0.003264,0.000017,-0.019172,0.010157,0.039630,0.040084,-0.002865,0.024554,0.059127,-0.021015,-0.003490,-0.077754,-0.042669,-0.044729,0.110789,0.005161,-0.005360
0.002707,-0.000190,-0.021260,0.008520,0.040341,0.039015,-0.003802,0.026226,0.059917,-0.022152,-0.003047,-0.078004,-0.043433,-0.044799,0.109819,0.005579,-0.005982
0.002286,-0.001042,-0.022802,0.007003,0.040567,0.036289,-0.005762,0.027570,0.060185,-0.023705,-0.002294,-0.076744,-0.044188,-0.044328,0.109802,0.005049,-0.006099
0.001664,-0.002491,-0.020929,0.005537,0.040768,0.035815,-0.007575,0.028909,0.059767,-0.024884,-0.001545,-0.075743,-0.045742,-0.042686,0.107718,0.004298,-0.005736
0.000972,-0.004649,-0.018773,0.005272,0.040423,0.033747,-0.010330,0.029792,0.058767,-0.025576,-0.001261,-0.073531,-0.046884,-0.040356,0.105564,0.004279,-0.005039
0.001039,-0.007509,-0.017334,0.005353,0.040037,0.032026,-0.012558,0.029039,0.056161,-0.025313,-0.000765,-0.068011,-0.046384,-0.036767,0.101929,0.004686,-0.004146
0.001073,-0.009037,-0.016621,0.005532,0.038233,0.029306,-0.014752,0.027519,0.052709,-0.024584,-0.000355,-0.061341,-0.044377,-0.032681,0.096629,0.005531,-0.002957
0.000973,-0.009895,-0.015673,0.005586,0.036604,0.024631,-0.015550,0.025599,0.048075,-0.023257,-0.000150,-0.054760,-0.040073,-0.028601,0.089596,0.006257,-0.001806
0.000857,-0.010631,-0.012944,0.006404,0.034869,0.020676,-0.015374,0.023572,0.042789,-0.021665,-0.000091,-0.049518,-0.035312,-0.024532,0.080761,0.004383,-0.000522
0.000619,-0.010326,-0.009526,0.006975,0.033044,0.018475,-0.015808,0.021268,0.037813,-0.019840,-0.000268,-0.043557,-0.030667,-0.019739,0.070621,0.002409,-0.000002
0.000906,-0.008484,-0.005653,0.007973,0.030905,0.016181,-0.016020,0.018737,0.033016,-0.017744,-0.000281,-0.035673,-0.026492,-0.014837,0.061482,0.002012,0.000193
0.002034,-0.004801,-0.002116,0.007740,0.029175,0.013654,-0.014097,0.016143,0.028370,-0.015464,-0.000395,-0.024623,-0.022989,-0.009879,0.054277,0.001896,0.000542
0.004081,-0.001444,-0.000085,0.006525,0.027331,0.011741,-0.011642,0.014458,0.023963,-0.013318,-0.000465,-0.015270,-0.019240,-0.005402,0.046676,0.001642,0.001089
0.006854,-0.000084,0.000552,0.004564,0.025244,0.009440,-0.009434,0.012412,0.019582,-0.011996,-0.001426,-0.007292,-0.015428,-0.001971,0.039418,0.000645,0.001597
0.009858,0.000508,0.003031,0.003886,0.022768,0.007479,-0.007326,0.010376,0.016150,-0.012074,-0.002833,-0.002222,-0.012007,-0.000059,0.032819,0.000048,0.002343
0.012681,0.002442,0.005667,0.002978,0.020472,0.004534,-0.005554,0.008108,0.013135,-0.011096,-0.002613,-0.000261,-0.007959,0.000720,0.028420,0.000013,0.002374
0.014004,0.004607,0.007196,0.001995,0.017988,0.002382,-0.003692,0.005866,0.010783,-0.009751,-0.002232,0.000018,-0.004414,0.002229,0.024830,0.000022,0.002416
0.013235,0.007891,0.009809,0.001188,0.015398,0.000694,-0.001778,0.003321,0.008411,-0.008553,-0.001903,0.000682,-0.002785,0.004142,0.021256,0.000230,0.002672
0.011570,0.010839,0.013046,0.000597,0.012855,-0.000004,-0.000362,0.001484,0.006226,-0.007174,-0.001218,0.001045,-0.001539,0.006126,0.016752,0.000317,0.002737
0.010005,0.013011,0.016464,0.000162,0.010723,-0.000533,0.000035,0.000422,0.004656,-0.006655,-0.000653,0.000792,-0.000999,0.007945,0.012319,0.001053,0.002485
0.007559,0.009693,0.016041,0.000004,0.008849,-0.001179,0.000440,0.000037,0.003334,-0.006861,-0.000338,0.000627,-0.000804,0.008013,0.008220,0.001983,0.002211
0.004919,0.006877,0.013203,-0.000131,0.007734,-0.001195,0.001335,-0.000036,0.002074,-0.007603,-0.000756,0.000452,-0.000569,0.008011,0.004495,0.002681,0.002153
0.002247,0.003393,0.009237,-0.001153,0.006099,-0.000887,0.002066,-0.000112,0.001268,-0.008344,-0.000618,0.000506,-0.000405,0.007387,0.001107,0.003295,0.002748
0.000188,0.001182,0.004794,-0.002453,0.004609,-0.000686,0.002298,-0.000151,0.001462,-0.008840,-0.000555,0.000319,-0.000468,0.006722,-0.000001,0.003759,0.003368
-0.000400,0.000162,0.001437,-0.004274,0.003045,-0.000818,0.002037,-0.000288,0.001745,-0.009150,-0.000272,0.000198,-0.000481,0.005857,-0.001060,0.003966,0.004210
-0.002679,-0.000072,0.000040,-0.005544,0.001385,-0.001014,0.000953,-0.000884,0.001749,-0.009476,-0.000268,0.000060,-0.000700,0.004019,-0.004018,0.002606,0.005007
-0.006703,-0.001141,-0.000712,-0.006769,0.000284,-0.001395,0.000336,-0.001806,0.001703,-0.010352,-0.000115,-0.000001,-0.000773,0.002254,-0.005838,0.001399,0.005687
-0.011697,-0.003329,-0.002865,-0.007977,-0.000004,-0.000812,0.000018,-0.001681,0.001641,-0.011517,-0.000206,-0.000096,-0.000825,0.000856,-0.007665,0.000800,0.005994
-0.015207,-0.005329,-0.005815,-0.010225,-0.000157,-0.000377,-0.000005,-0.001561,0.001495,-0.013095,-0.000069,-0.000381,-0.000849,0.000145,-0.008519,0.000352,0.005902
-0.018797,-0.007646,-0.009211,-0.012444,-0.000588,-0.000278,-0.000592,-0.001337,0.001725,-0.014444,0.000048,-0.001107,-0.001431,-0.000024,-0.008928,0.000084,0.005839
-0.022499,-0.009857,-0.012251,-0.013535,-0.001312,-0.000577,-0.001848,-0.000852,0.001889,-0.015748,0.001288,-0.002789,-0.002653,-0.000365,-0.008970,0.000007,0.005916
-0.026111,-0.012203,-0.015434,-0.012847,-0.002247,-0.001389,-0.003807,-0.000300,0.001704,-0.016757,0.003252,-0.006079,-0.005134,-0.001125,-0.008144,0.000007,0.006298
-0.029708,-0.014648,-0.018358,-0.011036,-0.002495,-0.001139,-0.004255,-0.000157,0.001026,-0.016026,0.005326,-0.008343,-0.008057,-0.002012,-0.007117,0.000031,0.006680
-0.032369,-0.016729,-0.019950,-0.008984,-0.003239,-0.000958,-0.004701,-0.000063,0.000585,-0.015062,0.007153,-0.010343,-0.010751,-0.003003,-0.005998,0.000064,0.006939
-0.033594,-0.017949,-0.021515,-0.006123,-0.003106,-0.000739,-0.004413,-0.000014,0.000133,-0.014198,0.008898,-0.012823,-0.010666,-0.004340,-0.005253,0.000127,0.007234
-0.033819,-0.017922,-0.021540,-0.003517,-0.002499,-0.000330,-0.004041,0.000000,-0.000145,-0.013396,0.009190,-0.015374,-0.009965,-0.006096,-0.005452,-0.000056,0.008363
-0.034023,-0.016498,-0.020160,-0.001800,-0.001873,-0.000120,-0.003707,0.000207,-0.000719,-0.012408,0.008442,-0.017960,-0.009117,-0.007282,-0.006098,-0.000882,0.009701
-0.031974,-0.013992,-0.016322,-0.000717,-0.001297,0.000029,-0.003392,0.000673,-0.001342,-0.011174,0.007577,-0.018569,-0.007991,-0.008061,-0.006682,-0.001329,0.011136
-0.028540,-0.011063,-0.013248,-0.000466,-0.000523,0.000405,-0.002428,0.000825,-0.002250,-0.009966,0.008009,-0.015458,-0.007831,-0.008066,-0.006325,-0.000961,0.012275
-0.024145,-0.008795,-0.008798,-0.000246,-0.000008,0.001805,-0.001333,0.001217,-0.003084,-0.007967,0.008301,-0.011545,-0.006753,-0.007741,-0.004441,-0.000618,0.013239
-0.018817,-0.006528,-0.004017,-0.000297,0.000331,0.003738,-0.000427,0.001745,-0.004312,-0.007389,0.007148,-0.007761,-0.006374,-0.006989,-0.002661,-0.001196,0.012874
-0.012223,-0.004223,-0.000667,-0.000012,0.001152,0.006736,-0.000036,0.002631,-0.005178,-0.006010,0.005719,-0.004522,-0.004804,-0.004526,-0.001521,-0.002269,0.012221
-0.005610,-0.002402,0.000003,0.000518,0.001698,0.007722,-0.000001,0.003327,-0.005988,-0.004535,0.003461,-0.002210,-0.003381,-0.002650,-0.000446,-0.002913,0.011590
-0.001586,-0.002018,0.000779,0.002121,0.001634,0.008679,-0.000083,0.004136,-0.005186,-0.002460,0.001617,-0.000563,-0.002108,-0.003042,0.000000,-0.002901,0.013086
-0.000033,-0.001200,0.002665,0.003704,0.001341,0.009159,-0.000183,0.005335,-0.003026,-0.000331,0.000526,0.000052,-0.002378,-0.003282,0.000772,-0.002140,0.019091
0.000600,-0.000020,0.004352,0.001549,0.002047,0.008939,-0.000168,0.006894,-0.001585,0.000363,0.000102,0.000961,-0.003438,-0.003454,0.002227,-0.000974,0.029018
0.003497,0.001032,0.006290,-0.000000,0.002823,0.008481,-0.000135,0.009102,-0.000681,0.003031,0.000107,0.002720,-0.003798,-0.003504,0.004293,-0.000034,0.039918
0.007330,0.002008,0.007779,-0.001064,0.003708,0.010845,-0.000068,0.011499,-0.000070,0.006139,0.000098,0.005082,-0.004319,-0.004137,0.007188,0.000418,0.051096
0.011680,0.002336,0.007854,-0.003431,0.005487,0.013411,-0.000001,0.013804,0.000026,0.008509,0.000001,0.007116,-0.004282,-0.005229,0.009356,0.002546,0.061971
0.016392,0.002707,0.007958,-0.007439,0.006378,0.015475,0.000022,0.016879,0.000437,0.010329,-0.000001,0.009634,-0.003195,-0.006575,0.011195,0.005917,0.073621
0.017855,0.003021,0.008060,-0.011637,0.007166,0.016348,0.000071,0.020152,0.001605,0.012025,-0.000011,0.011915,-0.002134,-0.007810,0.012457,0.010527,0.084509
0.018573,0.003216,0.006883,-0.015988,0.007581,0.016660,0.000041,0.022669,0.003289,0.012659,0.000094,0.014014,-0.001278,-0.008877,0.013511,0.013518,0.095052
0.018044,0.002817,0.005932,-0.019873,0.007450,0.017208,-0.000026,0.023855,0.005429,0.012505,0.000259,0.016611,-0.002168,-0.009848,0.011765,0.015306,0.104145
0.017038,0.001713,0.004315,-0.022108,0.007151,0.017088,-0.000283,0.024283,0.007759,0.012440,0.000330,0.018989,-0.002360,-0.010338,0.010834,0.015879,0.111555
0.013593,0.000523,0.001901,-0.024027,0.006272,0.017623,-0.000576,0.025321,0.010365,0.013669,0.000037,0.022062,-0.002160,-0.010715,0.008211,0.015998,0.117442
0.011043,0.000079,0.000524,-0.027061,0.005736,0.013935,-0.001075,0.025104,0.012432,0.015322,-0.000054,0.024984,-0.001683,-0.011334,0.005967,0.015822,0.122375
0.008167,-0.000222,0.000001,-0.029218,0.004844,0.010590,-0.002398,0.024478,0.014375,0.017153,-0.000423,0.026604,-0.000851,-0.011958,0.002513,0.015173,0.125636
0.004164,-0.001863,-0.000482,-0.029880,0.003926,0.006501,-0.004253,0.023315,0.016013,0.018601,-0.000568,0.027205,-0.000375,-0.012810,0.000774,0.015041,0.127219
0.001397,-0.004461,-0.002240,-0.030696,0.002311,0.003150,-0.006516,0.022019,0.017611,0.018852,-0.000812,0.025844,-0.000287,-0.013564,0.000055,0.016055,0.127330
0.000036,-0.007982,-0.005221,-0.031426,0.000865,0.001068,-0.007675,0.020981,0.018976,0.019195,-0.000992,0.019769,-0.000272,-0.014597,-0.000038,0.016696,0.125182
-0.000341,-0.011383,-0.007502,-0.031468,0.000155,0.000061,-0.008722,0.019806,0.020513,0.019289,-0.000989,0.014237,-0.000429,-0.015698,-0.000324,0.016296,0.119990
-0.001573,-0.014641,-0.009998,-0.029973,-0.000028,-0.000361,-0.010247,0.017681,0.021884,0.018853,-0.000742,0.009143,-0.000447,-0.016752,-0.001336,0.015382,0.112869
-0.003283,-0.016539,-0.012753,-0.027724,-0.000623,-0.001867,-0.011880,0.014571,0.022077,0.017667,-0.000669,0.005668,-0.000185,-0.017507,-0.002582,0.012799,0.104472
-0.005813,-0.018024,-0.015138,-0.025409,-0.001750,-0.004913,-0.012613,0.012179,0.022042,0.015666,-0.000662,0.002178,-0.000001,-0.017532,-0.004001,0.008956,0.094739
-0.008704,-0.017883,-0.015944,-0.023006,-0.002989,-0.006928,-0.013129,0.009131,0.021296,0.013716,-0.000601,0.000192,0.000281,-0.016090,-0.004706,0.004939,0.083555
-0.011683,-0.017900,-0.017649,-0.021174,-0.004240,-0.009418,-0.012629,0.005598,0.019028,0.011578,-0.000188,-0.000293,0.000902,-0.013810,-0.005541,0.002391,0.070491
-0.015798,-0.020067,-0.016290,-0.015788,-0.004833,-0.010303,-0.011807,0.002308,0.015395,0.009350,-0.000210,-0.001948,0.001410,-0.010543,-0.004874,0.000717,0.055941
-0.020346,-0.024276,-0.013463,-0.005006,-0.004586,-0.010821,-0.008977,0.000164,0.011303,0.003681,-0.000520,-0.004901,0.001225,-0.007234,-0.004104,-0.000002,0.030665
-0.022957,-0.028213,-0.005820,-0.000124,-0.004288,-0.010550,-0.004923,-0.000550,0.006060,0.000771,-0.000739,-0.009569,0.001567,-0.003658,-0.003796,-0.001067,0.005943
-0.019541,-0.028524,-0.000879,0.002590,-0.003681,-0.010756,-0.001537,-0.003559,0.001868,-0.000027,-0.001375,-0.014033,0.002731,-0.000112,-0.004187,-0.004231,-0.001629
-0.016148,-0.028223,0.000336,0.011625,-0.002413,-0.009883,-0.000366,-0.009417,0.000144,-0.001212,-0.002387,-0.017597,0.004046,0.000291,-0.004750,-0.008573,-0.016679
-0.012835,-0.026564,0.003318,0.023171,-0.001285,-0.008686,-0.000003,-0.011941,-0.000135,-0.002977,-0.003694,-0.018608,0.004342,0.001567,-0.004747,-0.013162,-0.032821
-0.009113,-0.019402,0.006386,0.029721,-0.000035,-0.005218,0.000462,-0.014520,-0.001212,-0.004580,-0.005507,-0.019364,0.003208,0.003663,-0.003826,-0.017063,-0.046346
-0.005442,-0.011646,0.009204,0.032500,0.000397,-0.002707,0.001811,-0.014797,-0.003440,-0.005919,-0.005490,-0.017639,0.002783,0.006426,-0.002962,-0.021545,-0.060481
-0.002562,-0.005410,0.012132,0.032891,0.001642,-0.001414,0.004174,-0.014844,-0.005628,-0.007275,-0.005360,-0.015019,0.002038,0.009527,-0.001949,-0.025974,-0.074012
-0.000967,-0.002542,0.014962,0.033106,0.003432,-0.000589,0.007334,-0.014642,-0.007950,-0.008236,-0.005132,-0.011359,0.001534,0.011628,-0.000862,-0.026057,-0.086591
-0.000130,-0.000644,0.018222,0.030826,0.005285,-0.000101,0.010607,-0.014107,-0.010050,-0.009324,-0.004933,-0.007834,0.001531,0.013469,0.000000,-0.025205,-0.097345
0.000082,0.000025,0.022485,0.029092,0.006981,0.000009,0.013943,-0.014132,-0.011885,-0.010373,-0.004903,-0.005167,0.001415,0.015985,0.001064,-0.023057,-0.107271
0.000804,0.001375,0.024123,0.026999,0.008087,0.000473,0.016927,-0.013809,-0.013660,-0.011016,-0.003767,-0.003118,0.001303,0.018923,0.004668,-0.020584,-0.115975
0.002359,0.004111,0.026448,0.024684,0.009037,0.001717,0.019068,-0.012853,-0.014267,-0.011047,-0.002823,-0.001332,0.000314,0.022354,0.007735,-0.018249,-0.122951
0.004694,0.007689,0.027741,0.023464,0.009976,0.003965,0.021044,-0.011939,-0.014519,-0.010541,-0.002342,-0.000296,-0.000015,0.025769,0.011449,-0.016370,-0.128038
0.006203,0.011493,0.026173,0.022150,0.010078,0.005611,0.022962,-0.010022,-0.014393,-0.009554,-0.002004,0.000007,-0.000939,0.028832,0.013727,-0.015049,-0.129994
0.008093,0.017591,0.024321,0.020229,0.010113,0.003931,0.022912,-0.008606,-0.014260,-0.008421,-0.002240,0.000365,-0.002839,0.030866,0.015450,-0.013240,-0.128403
0.010379,0.022883,0.022214,0.018850,0.010343,0.002647,0.022558,-0.006792,-0.013920,-0.007127,-0.002426,0.001345,-0.004191,0.032163,0.013891,-0.011521,-0.124355
0.011042,0.025682,0.020603,0.016625,0.010616,0.001888,0.021687,-0.005115,-0.013370,-0.006181,-0.002497,0.002633,-0.004922,0.032592,0.012896,-0.009277,-0.117888
0.011211,0.027869,0.018464,0.013652,0.010050,0.001301,0.020311,-0.003501,-0.012000,-0.005763,-0.002705,0.003263,-0.004043,0.032491,0.011447,-0.005098,-0.109368
0.010640,0.028803,0.015375,0.010027,0.008979,0.000494,0.018620,-0.001616,-0.010432,-0.005505,-0.003003,0.001475,-0.003076,0.031401,0.009838,-0.001956,-0.098938
0.010364,0.028386,0.012190,0.007220,0.008189,0.000003,0.016448,-0.000324,-0.008683,-0.004833,-0.002439,0.000498,-0.001950,0.029156,0.006165,-0.000344,-0.087536
0.009059,0.025712,0.008935,0.004532,0.007106,-0.000322,0.013962,0.000010,-0.006934,-0.004356,-0.001575,0.000049,-0.001918,0.026287,0.002431,0.000094,-0.075414
0.006680,0.022709,0.005776,0.001524,0.005869,-0.001475,0.011128,0.000354,-0.005029,-0.004397,-0.000727,0.000002,-0.000969,0.023206,0.001249,0.001277,-0.062323
0.004354,0.018830,0.002505,0.000021,0.004500,-0.003678,0.008157,0.001567,-0.003309,-0.004631,-0.000185,-0.000109,-0.000317,0.020062,0.000562,0.003123,-0.048674
0.002031,0.016269,0.000211,-0.001356,0.002987,-0.005816,0.005280,0.003189,-0.001564,-0.004521,0.000114,-0.000493,-0.000001,0.017282,0.000644,0.004984,-0.035120
0.000599,0.013601,-0.000635,-0.007745,0.001559,-0.008326,0.002981,0.005043,-0.000416,-0.003419,0.001345,-0.001051,0.000267,0.014266,0.000808,0.007290,-0.022760
-0.000025,0.010168,-0.003225,-0.017168,0.000520,-0.008462,0.000927,0.006128,0.000025,-0.002541,0.001600,-0.001503,0.000450,0.011530,0.001128,0.009930,-0.012851
-0.001653,0.005563,-0.008664,-0.015344,0.000047,-0.008509,0.000039,0.005755,0.001236,-0.003721,0.001609,-0.002064,0.000220,0.008166,0.001556,0.010103,-0.007756
-0.006653,0.001783,-0.010475,-0.012411,-0.000065,-0.008476,-0.000210,0.005742,0.002006,-0.005112,0.001595,-0.003331,0.000281,0.004211,0.001708,0.009615,-0.005361
-0.006848,0.000489,-0.009829,-0.010484,-0.000262,-0.008100,-0.000579,0.005885,0.002501,-0.005074,0.001646,-0.005114,0.000862,0.002238,0.000866,0.007741,-0.005199
-0.006544,0.000185,-0.008887,-0.009347,-0.000272,-0.007775,-0.001160,0.004626,0.002868,-0.004967,0.001661,-0.006998,0.001914,0.001123,0.000167,0.005793,-0.004925
-0.005276,0.000187,-0.007338,-0.009170,-0.000381,-0.007354,-0.002145,0.004063,0.002881,-0.006267,0.002060,-0.008232,0.003282,0.000291,-0.000001,0.003315,-0.003442
-0.003451,0.000504,-0.005616,-0.009320,-0.000156,-0.005328,-0.002362,0.003187,0.002732,-0.007238,0.002273,-0.010214,0.004963,-0.000002,-0.000031,0.001076,-0.002097
-0.003348,0.000440,-0.004091,-0.008349,-0.000010,-0.003801,-0.002458,0.002086,0.001935,-0.007981,0.002559,-0.009826,0.006624,-0.000430,-0.000116,0.000016,-0.001444
-0.002726,0.000854,-0.003051,-0.007426,0.000109,-0.003273,-0.001929,0.001074,0.001674,-0.007386,0.001683,-0.009510,0.008283,-0.001499,-0.000284,-0.000112,-0.000960
-0.002180,0.001088,-0.002035,-0.005601,0.000490,-0.002116,-0.001351,0.000380,0.001042,-0.006313,0.001047,-0.007356,0.009075,-0.003402,-0.000093,-0.000004,-0.000484
-0.000865,0.002782,-0.001063,-0.005229,0.001178,-0.000855,-0.000752,0.000185,0.000591,-0.007138,0.001544,-0.005898,0.009310,-0.006332,0.000064,-0.000001,-0.000287
-0.000109,0.004419,-0.000358,-0.004706,0.001346,-0.000239,-0.000292,-0.000059,0.000240,-0.007757,0.001657,-0.003340,0.008525,-0.007660,0.000793,0.000017,-0.000623
0.000024,0.005986,-0.000327,-0.002234,0.000928,0.000052,-0.000120,-0.000224,0.000045,-0.008117,0.001709,-0.002014,0.007572,-0.007751,0.002518,0.000050,-0.001355
0.000437,0.005298,-0.000138,-0.000778,0.000440,0.000944,-0.000181,-0.000479,-0.000004,-0.007891,0.001127,-0.000891,0.006273,-0.007814,0.004998,0.000078,-0.002396
0.001263,0.004638,-0.000013,-0.000117,0.000110,0.003528,-0.000022,-0.000826,-0.000070,-0.007721,0.000952,-0.000145,0.004902,-0.008057,0.007802,0.000094,-0.003767
0.002778,0.005238,0.000093,0.000053,-0.000041,0.002777,0.000005,-0.001216,-0.000272,-0.008276,0.000749,0.000007,0.002914,-0.008353,0.010555,0.000089,-0.004315
0.004909,0.007419,0.001041,0.000765,-0.000557,0.000315,0.000016,-0.001400,-0.000639,-0.008639,0.000515,0.000534,0.000954,-0.008574,0.012521,0.000110,-0.004817
0.007545,0.010647,0.002462,0.002294,-0.001349,-0.000075,0.000043,-0.000840,-0.001116,-0.009070,0.000188,0.002277,0.000013,-0.008719,0.013362,0.000155,-0.005166
0.009635,0.013281,0.004005,0.003829,-0.002610,-0.000770,0.000076,-0.000323,-0.001752,-0.009471,0.000012,0.004067,-0.000674,-0.008584,0.015108,0.000478,-0.004752
0.011142,0.015151,0.005218,0.005556,-0.004081,-0.000909,0.000013,-0.000010,-0.002338,-0.007682,-0.000009,0.004187,-0.001359,-0.008433,0.017176,0.001518,-0.004255
0.012478,0.016671,0.005750,0.006276,-0.005694,-0.001065,-0.000001,0.000133,-0.002921,-0.005991,-0.000086,0.003450,-0.002159,-0.008047,0.019145,0.003026,-0.003168
0.013749,0.014885,0.006107,0.009652,-0.006398,-0.001849,-0.000045,0.000341,-0.003497,-0.004389,-0.000284,0.001270,-0.002871,-0.007952,0.019032,0.004321,-0.002489
0.014349,0.012276,0.006314,0.014222,-0.007091,-0.002089,-0.000146,0.000429,-0.004418,-0.003203,-0.000665,0.000124,-0.004375,-0.007760,0.018923,0.005933,-0.002039
0.013604,0.009625,0.006467,0.016240,-0.007064,-0.002455,-0.000378,0.000324,-0.005067,-0.002487,-0.001564,0.000057,-0.004725,-0.007478,0.020021,0.007959,-0.001599
0.011935,0.005971,0.006114,0.017372,-0.006902,-0.002779,-0.000713,0.000074,-0.005801,-0.001999,-0.002655,0.000021,-0.005454,-0.007483,0.020688,0.010791,-0.001136
0.009232,0.002879,0.004879,0.017246,-0.006895,-0.003928,-0.000860,0.000007,-0.005947,-0.001617,-0.003149,0.000006,-0.004938,-0.007608,0.021242,0.012832,-0.000196
0.006673,0.000874,0.003599,0.015568,-0.006873,-0.005125,-0.000963,-0.000001,-0.006485,-0.000792,-0.003291,0.000045,-0.005239,-0.007866,0.021367,0.014784,0.000008
0.004795,0.000011,0.003688,0.013197,-0.006805,-0.005314,-0.001183,-0.000001,-0.006471,-0.000435,-0.003942,0.000306,-0.004625,-0.008000,0.020036,0.016671,0.000368
0.003032,-0.000460,0.003872,0.011508,-0.006781,-0.005005,-0.001430,0.000001,-0.006609,-0.000045,-0.004607,0.000757,-0.003396,-0.008423,0.018074,0.016492,0.000827
0.001611,-0.002201,0.003848,0.010117,-0.006494,-0.004416,-0.002053,0.000109,-0.006806,0.000054,-0.005910,0.000971,-0.001558,-0.009378,0.015518,0.016697,0.001203
0.001424,-0.003791,0.004182,0.007866,-0.006327,-0.003516,-0.002192,0.000358,-0.007099,0.000718,-0.006754,0.001099,-0.000529,-0.010485,0.012218,0.016724,0.001631
0.001455,-0.004847,0.004716,0.005443,-0.006196,-0.001959,-0.001765,0.000108,-0.006966,0.002210,-0.007606,0.000632,-0.000046,-0.010796,0.007782,0.016324,0.002022
0.001818,-0.005827,0.004961,0.003167,-0.006723,-0.000883,-0.001396,0.000006,-0.006877,0.002702,-0.007844,0.000130,0.000075,-0.011194,0.004117,0.014850,0.002405
0.001845,-0.006754,0.004071,0.001529,-0.007086,-0.000693,-0.001172,-0.000066,-0.006550,0.002134,-0.008010,-0.000042,0.000634,-0.011407,0.002106,0.010866,0.002695
0.000910,-0.009141,0.003144,0.000205,-0.007267,-0.000709,-0.000973,-0.000348,-0.006486,0.001766,-0.008303,-0.000361,0.001763,-0.011439,0.000949,0.006582,0.002754
0.000208,-0.011891,0.001590,-0.000141,-0.006922,-0.000721,-0.000523,-0.000852,-0.006150,0.002465,-0.010070,-0.001445,0.003433,-0.011330,0.000161,0.003525,0.002779
-0.000054,-0.013759,0.000848,-0.001369,-0.006795,-0.000447,-0.000224,-0.001597,-0.006051,0.003602,-0.011797,-0.001976,0.004416,-0.011544,-0.000005,0.002058,0.002458
-0.000264,-0.012997,0.000368,-0.003770,-0.006416,-0.000232,-0.000058,-0.002279,-0.006012,0.002903,-0.010794,-0.002444,0.005226,-0.011730,-0.000545,0.000652,0.002027
-0.000368,-0.011509,0.000101,-0.007220,-0.006318,-0.000262,-0.000000,-0.003746,-0.005979,0.002418,-0.009372,-0.001688,0.006222,-0.011966,-0.001803,0.000342,0.001225
-0.000489,-0.010472,-0.000002,-0.008387,-0.006127,-0.000202,0.000024,-0.004841,-0.005916,0.001598,-0.006761,-0.001853,0.007357,-0.012074,-0.003037,0.000099,0.000612
-0.000756,-0.011173,-0.000175,-0.009452,-0.005987,-0.000000,0.000084,-0.005680,-0.005901,0.000917,-0.004312,-0.001999,0.007997,-0.012339,-0.003414,-0.000052,0.000149
-0.001035,-0.012660,-0.000697,-0.010809,-0.005880,0.000265,0.000450,-0.006516,-0.005820,0.000174,-0.001807,-0.002288,0.008520,-0.012412,-0.003748,-0.000627,0.000008
-0.001024,-0.011883,-0.001170,-0.012206,-0.005978,0.000544,0.001322,-0.007339,-0.005689,-0.000077,-0.000260,-0.003317,0.008546,-0.012418,-0.003798,-0.001938,-0.000145
-0.000990,-0.010461,-0.000411,-0.012422,-0.006292,0.000169,0.002990,-0.007418,-0.006265,-0.000954,0.000108,-0.004024,0.007757,-0.012374,-0.004847,-0.003854,-0.000654
-0.000926,-0.008540,-0.000007,-0.011731,-0.006549,0.000000,0.004779,-0.007406,-0.006940,-0.003682,0.001409,-0.004672,0.006546,-0.012204,-0.005768,-0.006718,-0.001649
-0.001312,-0.006982,0.000018,-0.009617,-0.007265,-0.000220,0.006528,-0.006208,-0.007666,-0.005991,0.003278,-0.004567,0.005536,-0.011601,-0.006339,-0.008772,-0.002357
-0.001910,-0.006845,0.000007,-0.007396,-0.008272,-0.000103,0.007416,-0.005370,-0.008697,-0.006967,0.005817,-0.004173,0.005958,-0.010910,-0.006027,-0.011537,-0.003143
-0.002694,-0.006753,-0.000012,-0.006860,-0.009489,-0.000025,0.008402,-0.005592,-0.010048,-0.006878,0.008943,-0.002914,0.006249,-0.010255,-0.007144,-0.014311,-0.003660
-0.003539,-0.007756,-0.000101,-0.005078,-0.010719,-0.000095,0.009372,-0.006194,-0.011746,-0.007232,0.011993,-0.003196,0.006423,-0.010303,-0.008253,-0.016785,-0.004553
-0.004252,-0.008771,-0.000239,-0.003546,-0.012382,-0.000188,0.010387,-0.007405,-0.013859,-0.007502,0.014888,-0.003590,0.006753,-0.010279,-0.010044,-0.018636,-0.005290
-0.004020,-0.008292,-0.000356,-0.002179,-0.014034,-0.000292,0.011120,-0.008974,-0.016124,-0.007377,0.015864,-0.000906,0.006984,-0.010077,-0.012267,-0.019933,-0.005733
-0.004080,-0.007990,-0.000170,-0.000990,-0.015649,-0.000315,0.012009,-0.011451,-0.018504,-0.005425,0.014254,-0.000000,0.006984,-0.009945,-0.015033,-0.020876,-0.006057
-0.004669,-0.007969,-0.000014,-0.000394,-0.017408,-0.000788,0.013221,-0.013997,-0.020911,-0.003503,0.012541,0.000659,0.008095,-0.009978,-0.018254,-0.022606,-0.005479
-0.005315,-0.008147,0.000015,-0.000435,-0.019078,-0.001436,0.014255,-0.016459,-0.023885,-0.001792,0.010842,0.002708,0.008402,-0.009964,-0.022263,-0.025084,-0.004798
-0.005834,-0.008703,0.000233,-0.000595,-0.020728,-0.002784,0.015109,-0.018848,-0.026962,-0.000935,0.008608,0.005614,0.009110,-0.009134,-0.027042,-0.027257,-0.003724
-0.006336,-0.008804,0.000708,-0.000632,-0.022461,-0.003889,0.015734,-0.020917,-0.030449,-0.000148,0.007204,0.009384,0.010663,-0.008182,-0.031847,-0.028540,-0.002985
-0.006691,-0.008778,0.001651,-0.000396,-0.024284,-0.004761,0.015697,-0.022507,-0.033833,0.000154,0.006012,0.012845,0.012476,-0.006920,-0.036925,-0.028205,-0.002362
-0.005862,-0.006756,0.003008,-0.000314,-0.026090,-0.003768,0.015726,-0.025149,-0.037916,0.001572,0.005278,0.017399,0.014085,-0.005046,-0.041720,-0.027282,-0.001748
-0.004771,-0.004397,0.004993,-0.000338,-0.027962,-0.001046,0.015686,-0.028383,-0.040948,0.004413,0.005367,0.022095,0.015611,-0.003146,-0.048386,-0.025909,-0.000867
-0.003708,-0.002848,0.006776,-0.000342,-0.029438,-0.000213,0.015239,-0.031255,-0.043926,0.007973,0.005281,0.025639,0.017557,-0.001787,-0.054616,-0.024491,-0.000177
-0.002584,-0.001716,0.008006,-0.000219,-0.030901,-0.000037,0.014417,-0.033873,-0.046185,0.009956,0.004895,0.029284,0.018930,-0.000473,-0.060233,-0.022768,0.000005
-0.001316,-0.000710,0.009280,-0.000138,-0.031974,0.000004,0.013381,-0.035611,-0.048239,0.011797,0.004388,0.032838,0.019900,0.000091,-0.064039,-0.021215,0.000250
-0.000323,-0.000004,0.009875,-0.000148,-0.032964,0.000082,0.012645,-0.037770,-0.049938,0.013635,0.003683,0.035712,0.020546,0.001326,-0.066872,-0.019549,0.000882
0.000000,0.000654,0.011310,-0.000239,-0.033983,0.000027,0.012209,-0.039323,-0.051494,0.015510,0.002440,0.038852,0.022405,0.003954,-0.072727,-0.016445,0.001739
0.000343,0.002271,0.012458,-0.000359,-0.035010,-0.000032,0.011780,-0.041379,-0.052963,0.017184,0.001515,0.042936,0.024233,0.007148,-0.079167,-0.013633,0.002770
0.001466,0.004768,0.012759,-0.000074,-0.036149,-0.000567,0.011142,-0.042785,-0.054156,0.018383,0.001168,0.046752,0.025962,0.010141,-0.084874,-0.009882,0.003851
0.003227,0.007284,0.012058,0.000001,-0.036705,-0.001377,0.010568,-0.044747,-0.055182,0.018972,0.001113,0.049220,0.028719,0.013139,-0.089443,-0.006610,0.004707
0.003825,0.009042,0.011523,0.000099,-0.036922,-0.001433,0.009020,-0.045424,-0.055446,0.020615,0.001212,0.050914,0.031469,0.016047,-0.093403,-0.006757,0.005196
0.004467,0.008726,0.012026,0.000755,-0.036371,-0.001125,0.007416,-0.045159,-0.055097,0.021331,0.001187,0.052655,0.034158,0.019096,-0.095870,-0.006611,0.005793
0.004664,0.008376,0.011550,0.001773,-0.035554,-0.000818,0.005817,-0.043990,-0.054206,0.021794,0.001266,0.053551,0.035999,0.021964,-0.095226,-0.005667,0.006121
0.004595,0.009655,0.011927,0.003218,-0.034286,-0.000157,0.004795,-0.041949,-0.053542,0.021950,0.001282,0.052759,0.037377,0.024380,-0.092193,-0.003682,0.007059
0.004449,0.011337,0.012064,0.005211,-0.032850,0.000002,0.003868,-0.040140,-0.052338,0.021400,0.001468,0.051112,0.038165,0.026473,-0.087536,-0.001809,0.007756
0.004343,0.012467,0.012319,0.007858,-0.031228,0.000163,0.003038,-0.038056,-0.050467,0.021620,0.001649,0.049283,0.038190,0.029176,-0.082771,-0.000388,0.008221
0.003924,0.010950,0.012171,0.010274,-0.029893,0.000535,0.001777,-0.037001,-0.048801,0.020711,0.002425,0.047581,0.038146,0.031797,-0.077733,-0.000010,0.008122
0.003047,0.008749,0.011657,0.012610,-0.028738,0.000766,0.000742,-0.037315,-0.047159,0.020129,0.003805,0.046007,0.037337,0.034076,-0.073188,0.000166,0.008287
0.001890,0.006619,0.010519,0.014722,-0.027347,0.000822,0.000020,-0.037015,-0.045387,0.017924,0.005689,0.042767,0.036807,0.035353,-0.066810,0.000908,0.008347
0.000928,0.003999,0.009316,0.015640,-0.025815,0.000845,-0.000222,-0.035735,-0.043336,0.015175,0.007378,0.038958,0.036255,0.035955,-0.061751,0.002138,0.008261
0.000652,0.002605,0.008129,0.016141,-0.024314,0.001077,-0.001231,-0.033821,-0.040995,0.011842,0.008434,0.036822,0.034630,0.035958,-0.056895,0.003421,0.007492
0.000452,0.001471,0.006881,0.016612,-0.022582,0.001777,-0.001860,-0.031287,-0.038727,0.009221,0.007576,0.034452,0.032040,0.035471,-0.052642,0.003727,0.006572
0.000261,0.000485,0.005850,0.016724,-0.021321,0.002333,-0.002417,-0.029787,-0.036500,0.006890,0.006590,0.031554,0.029678,0.034520,-0.047905,0.003436,0.005642
0.000127,-0.000003,0.004523,0.015770,-0.019852,0.002416,-0.002817,-0.028117,-0.034120,0.005061,0.005715,0.028438,0.026924,0.033086,-0.043039,0.002258,0.004874
-0.000000,-0.000681,0.002371,0.014580,-0.018319,0.001622,-0.003187,-0.026401,-0.031304,0.003301,0.004607,0.025202,0.023653,0.031142,-0.037628,0.001242,0.004303
-0.000205,-0.002498,0.000795,0.014049,-0.016818,0.000645,-0.003337,-0.024409,-0.028077,0.001221,0.003869,0.021850,0.020517,0.028362,-0.032366,0.000653,0.003644
-0.000180,-0.002915,0.001156,0.011745,-0.016352,-0.000612,-0.003357,-0.021293,-0.024035,0.001295,0.003362,0.018201,0.015275,0.021945,-0.024047,0.001022,0.001723
-0.000149,-0.002614,0.001983,0.009121,-0.015601,-0.002519,-0.002983,-0.019289,-0.020544,0.001513,0.002897,0.015161,0.010176,0.016141,-0.016257,0.001370,0.000481
-0.000132,-0.002068,0.002935,0.006274,-0.014924,-0.003998,-0.002906,-0.017109,-0.016995,0.001827,0.003080,0.012710,0.005861,0.010821,-0.010000,0.001666,0.000036
-0.000135,-0.001635,0.003827,0.003723,-0.014038,-0.006357,-0.002946,-0.014733,-0.013769,0.002642,0.003194,0.010500,0.002767,0.006085,-0.004697,0.001739,-0.000041
-0.000077,-0.001383,0.005567,0.001634,-0.013284,-0.008750,-0.002962,-0.012204,-0.010564,0.003484,0.003253,0.008563,0.000671,0.002509,-0.001302,0.002362,-0.000320
-0.000012,-0.001197,0.007603,0.000484,-0.012411,-0.011119,-0.002953,-0.009599,-0.007644,0.004243,0.003621,0.006996,-0.000027,0.000596,0.000011,0.002991,-0.000951
0.000012,-0.000543,0.009422,0.000002,-0.011615,-0.013447,-0.002879,-0.007687,-0.005034,0.004709,0.003942,0.005472,-0.001779,-0.000010,0.003448,0.003592,-0.001875
0.000198,-0.000053,0.011389,-0.000468,-0.011017,-0.016560,-0.002371,-0.005743,-0.002935,0.005046,0.003539,0.004503,-0.004468,-0.000356,0.005666,0.005013,-0.002701
0.000724,0.000094,0.012545,-0.002325,-0.010531,-0.020251,-0.001658,-0.004180,-0.001369,0.005244,0.003084,0.003807,-0.007901,-0.001067,0.007032,0.006314,-0.003604
0.001596,0.000560,0.012395,-0.003946,-0.010486,-0.023857,-0.000993,-0.002679,-0.000378,0.004840,0.003405,0.003063,-0.012414,-0.002123,0.008347,0.007977,-0.004561
0.002799,0.001332,0.011403,-0.006026,-0.010265,-0.026477,-0.000439,-0.001781,-0.000019,0.004287,0.003724,0.002074,-0.013971,-0.003495,0.008943,0.009410,-0.005131
0.003089,0.001794,0.010679,-0.008332,-0.010065,-0.028778,-0.000260,-0.001079,0.000140,0.004632,0.004010,0.001175,-0.014708,-0.005166,0.008197,0.007598,-0.005648
0.003328,0.001756,0.010731,-0.008384,-0.009414,-0.030250,-0.000124,-0.000429,0.000731,0.004881,0.003791,0.000893,-0.014583,-0.006760,0.007268,0.005762,-0.006222
0.003646,0.001654,0.010581,-0.007912,-0.008859,-0.031299,-0.000033,-0.000028,0.001421,0.005356,0.003511,0.000614,-0.014233,-0.008424,0.007327,0.004340,-0.006740
0.003990,0.002643,0.010668,-0.006801,-0.007941,-0.030259,0.000007,0.000184,0.001976,0.005617,0.003144,0.000263,-0.013219,-0.010118,0.008600,0.003529,-0.006322
0.004290,0.003876,0.010565,-0.005648,-0.007110,-0.028717,0.000200,0.001134,0.002548,0.006444,0.002611,0.000030,-0.011753,-0.011833,0.009881,0.003389,-0.005800
0.004685,0.004785,0.010709,-0.004835,-0.006380,-0.026884,0.000777,0.002126,0.002938,0.007116,0.002085,-0.000000,-0.010359,-0.012246,0.009900,0.003639,-0.005229
0.004804,0.005296,0.010689,-0.004611,-0.005775,-0.024699,0.001262,0.001931,0.002835,0.007876,0.001759,0.000056,-0.009069,-0.012058,0.008897,0.004081,-0.004949
0.004621,0.005480,0.010504,-0.004310,-0.005280,-0.022780,0.001622,0.001272,0.002613,0.008452,0.001415,0.000282,-0.007733,-0.011277,0.007748,0.004505,-0.004239
0.004134,0.005884,0.009671,-0.003939,-0.004701,-0.020114,0.001499,0.000661,0.002381,0.007873,0.001185,0.000093,-0.006314,-0.009925,0.007216,0.004814,-0.003435
0.003583,0.005648,0.008680,-0.003427,-0.003964,-0.017152,0.001338,0.000745,0.002110,0.006922,0.000808,-0.000000,-0.004958,-0.008427,0.006568,0.004888,-0.002618
0.002981,0.005323,0.007555,-0.002866,-0.003179,-0.013953,0.000799,0.001129,0.001809,0.005583,0.000564,-0.000007,-0.003821,-0.006824,0.005814,0.004257,-0.002185
0.002348,0.004617,0.006058,-0.002271,-0.002389,-0.010340,0.000466,0.001620,0.001467,0.004198,0.000383,-0.000028,-0.002890,-0.005153,0.004415,0.003566,-0.001766
0.001644,0.003542,0.004472,-0.001626,-0.001652,-0.006797,0.000193,0.001068,0.000967,0.002876,0.000218,-0.000068,-0.002010,-0.003433,0.003020,0.002469,-0.001298
0.000973,0.002061,0.002785,-0.001003,-0.000953,-0.003857,0.000055,0.000562,0.000508,0.001761,0.000174,-0.000182,-0.001174,-0.001841,0.001824,0.001428,-0.000755
0.000390,0.000786,0.001044,-0.000444,-0.000355,-0.001364,0.000001,0.000207,0.000167,0.000776,0.000047,-0.000068,-0.000518,-0.000645,0.000775,0.000535,-0.000279
