AU01,AU02,AU04,AU05,AU06,AU07,AU09,AU10,AU12,AU14,AU15,AU17,AU20,AU23,AU25,AU26,AU45
-1.293340,-0.879939,0.387791,0.039290,0.023480,0.917662,1.086090,0.444732,0.308276,0.994261,-0.102825,0.934318,0.079812,0.420001,1.129250,1.190830,0.302474
-1.276830,-0.759208,0.550767,0.145086,0.092319,1.183740,1.043750,0.498444,0.288504,1.011400,-0.135866,1.073070,-0.048177,0.325661,1.068340,1.039930,0.344102
-1.231750,-1.056710,0.489334,0.115891,0.081776,1.062660,0.957035,0.467605,0.300939,0.971974,-0.035206,1.025860,-0.060069,0.315388,1.143250,1.038670,0.293333
-1.182060,-0.833339,0.334153,0.110296,0.066116,1.366580,0.964608,0.563538,0.351847,1.158200,0.227712,0.930813,-0.038793,0.355861,1.131490,1.160490,0.261862
-1.245400,-0.845117,0.439513,-0.069479,0.142912,0.985214,0.965349,0.615335,0.364001,0.996022,0.092803,0.682845,-0.046631,0.270342,1.077530,1.014170,0.267950
-1.165250,-0.555116,0.372680,0.155362,0.093047,0.947283,1.054390,0.593840,0.394249,0.964202,-0.002885,0.870990,0.034638,0.220200,1.073330,1.081670,0.262280
-0.753774,-0.008406,0.338037,0.701290,0.035456,0.832634,0.846005,0.612872,0.452459,0.875262,-0.100490,0.754563,0.141257,0.203010,1.124690,1.353630,0.218457
-0.388373,0.032706,-0.210015,0.824388,-0.181975,0.754863,0.528157,0.560430,0.439805,0.978107,0.092225,0.753824,0.218800,0.034055,1.068180,1.155080,0.020082
0.486628,0.725266,-0.500798,1.412790,-0.028928,0.773671,0.337421,0.671854,0.674411,0.869606,0.090224,0.519728,0.305178,-0.309500,1.192450,1.615830,0.033807
1.316700,1.242180,-0.558608,1.422660,0.176706,0.103460,0.445171,0.816358,0.797312,0.833971,-0.072596,0.340457,0.272744,-1.031670,1.875480,2.247970,-0.092432
1.536790,1.390090,-0.718859,1.749630,0.197928,0.228072,0.385201,0.771691,0.909382,0.881307,0.089184,0.552212,0.328399,-1.154840,2.302440,2.391970,-0.264332
1.854600,1.425000,-0.693643,1.688630,-0.036124,0.254472,0.347462,0.655071,0.759828,0.796508,-0.134692,0.453412,0.477356,-0.791231,2.475590,2.622700,-0.236709
1.817950,1.748020,-0.755051,1.545120,0.002515,-0.074761,0.162436,0.813789,0.786411,0.573348,-0.201867,0.164212,0.348247,-0.499502,2.118180,2.676020,-0.299296
1.801980,1.614700,-0.840106,2.205640,-0.068557,0.415690,0.064906,0.513981,0.736511,0.357071,-0.265449,0.360790,0.256128,-0.420588,2.382390,2.933160,-0.199570
1.990020,1.668760,-0.939934,2.189200,-0.000912,0.650607,0.123604,0.570234,0.761422,0.357784,-0.235295,0.331490,0.307044,-0.431502,2.375740,3.266240,-0.288490
2.105410,1.711200,-0.501363,1.905240,-0.100562,0.144483,0.031733,0.580781,0.881230,0.406044,-0.088558,0.734299,0.361177,-0.313386,2.256780,3.324240,-0.263949
2.008820,1.800090,-0.590786,2.039790,-0.094825,0.433832,0.059815,0.539273,0.874601,0.492040,-0.090645,0.418471,0.582449,-0.287706,2.184630,2.876970,-0.147143
2.027100,1.848590,-0.433273,2.325030,-0.012015,0.575854,0.156584,0.538291,0.973127,0.441662,-0.225040,0.447886,0.469860,-0.358562,2.244290,2.554090,-0.017582
2.131490,1.672800,-0.602938,1.617350,0.118492,0.630363,0.108161,0.486569,1.012710,0.631475,0.036964,0.356267,0.375671,-0.519565,2.202770,2.652270,0.176531
1.933650,1.248610,-0.647154,1.107560,0.010634,0.451186,0.101115,0.691957,1.282910,0.840229,0.287869,0.523680,0.603604,-0.617175,2.131040,2.661930,0.362420
1.825830,1.641380,-0.544170,0.827606,0.180770,0.526725,0.283592,0.680542,1.609890,0.873503,0.315781,0.464584,0.451669,-0.281305,1.987140,2.739540,0.537962
1.571040,1.614890,-0.799533,0.227551,0.281552,1.166220,0.457610,0.829861,1.819140,1.185380,0.253891,0.439280,0.457584,0.050746,1.918290,2.274000,0.574150
1.579660,1.430730,-0.931095,0.179779,0.422612,0.925101,0.447549,0.782727,2.047450,1.230850,0.095127,0.421368,0.208791,0.167384,1.691180,1.977740,0.504140
1.592950,1.847840,-0.819632,0.255457,0.632362,1.068090,0.423626,0.752820,2.339070,1.457740,-0.048025,0.134117,0.144797,0.070181,1.502580,1.842330,0.575162
1.475270,1.875460,-0.833990,0.541768,0.659053,0.911134,0.509127,0.736785,2.386220,1.601790,0.047001,0.283638,0.018423,0.077029,1.624890,1.512990,0.549381
1.614220,2.277880,-0.425296,0.660393,0.709915,1.218430,0.296879,0.693284,2.559650,1.426290,0.133737,0.304424,0.019938,0.137533,1.678730,1.693290,0.572518
1.344950,1.809670,-0.847208,0.452990,0.887795,0.959571,0.486400,0.835373,2.774240,1.556900,-0.161371,0.128739,0.200289,0.224285,1.565750,1.362090,0.431507
1.531630,1.737450,-0.663371,1.003180,1.002220,1.135530,0.170417,0.679768,3.025500,1.362510,-0.062965,0.523605,0.194154,0.390995,1.622260,1.540640,0.433722
1.804580,1.833950,-0.479349,1.203860,1.273060,1.603660,0.068055,0.711074,3.165050,1.366990,-0.072494,0.348929,-0.044773,0.470765,1.766840,1.535360,0.525388
1.639090,1.722240,-0.785926,0.844491,1.184130,1.174400,-0.258852,0.771977,3.284920,1.560500,-0.044914,0.393888,0.252572,0.577887,1.768610,1.889090,0.547777
1.435460,1.525200,-1.090480,1.200460,1.276130,0.957243,-0.237422,0.682498,3.270280,1.340590,-0.044317,0.550789,0.327867,0.586254,1.700960,1.855470,0.466798
1.642530,1.297820,-1.073810,0.838342,1.345150,0.834881,-0.192209,0.822695,3.318190,1.813370,-0.063209,0.679423,0.248802,0.752765,1.599240,2.073710,0.453343
1.498270,1.182750,-1.289300,0.795215,1.435950,1.320290,-0.279863,0.869813,3.470880,1.777910,0.068527,0.247792,0.011740,0.780521,1.606810,2.414020,0.504280
1.461430,1.253840,-1.279640,0.746170,1.287640,1.224850,-0.404898,0.798678,3.545760,1.671720,0.219717,0.581900,0.281015,0.788790,1.650100,2.295360,0.552847
1.619800,1.537520,-1.074470,0.878505,1.475010,1.424430,-0.105170,0.883100,3.512780,1.863490,0.047309,0.580687,0.374846,0.799836,1.354440,2.034110,0.466669
1.437030,1.553520,-1.336560,0.962568,1.304600,1.362700,-0.176363,0.771320,3.548990,1.754530,0.027242,0.557954,0.181453,0.629226,1.390370,2.243990,0.386587
1.386580,1.372730,-1.390410,0.830603,1.337080,1.375200,-0.050653,0.707531,3.521970,1.811060,-0.037404,0.495369,0.236736,0.632178,1.585580,2.229010,0.376642
1.385100,1.607200,-1.230860,0.662521,1.381230,1.323120,0.117844,0.769978,3.504010,1.698440,0.171242,0.405754,0.103293,0.605616,1.488190,2.105600,0.547354
1.218690,1.369240,-1.288660,0.787350,1.379990,1.474030,0.194018,0.590823,3.466730,1.806980,0.043720,0.481103,0.244750,0.682984,1.626220,2.039170,0.560186
1.213790,1.330570,-1.120140,0.602606,1.548850,1.308460,0.280855,0.675398,3.580250,2.139730,0.533735,0.593725,0.471201,0.892302,1.501520,1.684410,0.493863
1.376790,1.499780,-1.338190,1.017550,1.541100,1.492550,0.273069,0.669471,3.590470,2.242970,0.352660,0.452057,0.197912,0.938786,1.585580,1.854100,0.459228
1.406010,1.351620,-1.131390,0.863424,1.519550,1.245020,0.164566,0.545962,3.644240,2.304370,0.418225,0.810254,0.069414,1.003950,1.709800,1.894090,0.639736
1.463990,1.377570,-1.037810,0.864750,1.472050,1.427850,0.241000,0.833099,3.648080,2.306470,0.335587,0.609237,0.279394,1.036320,1.601260,1.826810,0.602997
1.552200,1.300030,-1.147360,0.627971,1.480190,1.264690,0.146229,0.850682,3.660370,2.327640,0.352897,0.773786,0.371860,1.019330,1.622090,1.622100,0.575546
1.384010,1.374210,-1.207640,0.360110,1.561050,1.284710,0.135256,0.697937,3.658660,1.975760,0.446432,0.836898,0.539875,0.998560,1.632410,1.709000,0.649204
1.415660,1.458580,-1.012240,0.894317,1.578010,1.501490,0.233618,0.957558,3.784080,2.288140,0.739777,0.836081,0.295276,1.073530,1.600670,1.652610,0.676285
1.328630,1.388020,-0.956387,0.629839,1.605520,1.530650,0.288163,0.954601,3.783970,2.299960,0.602784,0.924153,0.493561,1.143580,1.437930,1.649640,0.673964
1.238450,1.176210,-1.272490,0.269593,1.433210,1.457650,0.280358,1.028540,3.804770,2.248080,0.721225,0.861133,0.298578,1.085530,1.464510,1.591440,0.635025
1.279700,1.391090,-1.237200,0.417117,1.660770,1.565320,0.306488,0.888978,3.751460,2.057020,0.461780,0.963655,0.240887,0.920606,1.336240,1.703390,0.692850
1.250140,1.146440,-1.138010,0.560505,1.530990,1.378000,0.343274,1.002780,3.767060,2.143690,0.276035,0.822424,0.402555,1.033650,1.399910,1.769300,0.682636
1.150160,1.087380,-1.029850,0.321278,1.489300,1.487210,0.301591,0.934773,3.764770,2.053040,0.551559,0.984439,0.297755,0.991591,1.336730,1.574620,0.682921
1.201290,1.272840,-0.901112,0.329459,1.501970,1.772320,0.330813,0.951533,3.869750,2.082320,0.673994,0.762237,0.002872,1.004540,1.367690,1.647500,0.757427
1.046710,1.029900,-0.981092,0.502062,1.537900,1.606860,0.325262,1.121010,3.811610,2.399070,0.622774,1.108950,0.071818,1.136210,1.339360,1.400810,0.742950
1.078630,0.827386,-0.971254,0.142041,1.515660,1.888700,0.284122,0.999335,3.762270,2.318750,0.591774,1.166900,0.047364,1.087580,1.233210,1.454760,0.781487
0.878706,0.624128,-1.023470,0.540526,1.556860,1.880680,0.234469,0.986802,3.774230,2.298580,0.497360,1.204960,0.188098,1.014280,1.198090,1.333450,0.836947
0.805068,0.935775,-1.129320,0.287164,1.594890,1.871200,0.319015,0.955970,3.772290,2.237960,0.462578,0.966916,-0.112049,0.971823,1.302900,1.635170,0.770090
0.678797,0.656194,-1.072750,0.101817,1.555590,1.763990,0.243551,0.882852,3.825160,2.386170,0.596043,0.976906,-0.083168,0.972107,1.228670,1.443530,0.781853
0.891970,0.787455,-0.887756,0.134893,1.560420,1.707080,0.303541,0.946963,3.808150,2.363040,0.520635,0.952743,-0.021084,0.949395,1.268340,1.431060,0.784510
0.891744,0.666116,-0.870694,0.202781,1.695700,1.702870,0.257711,0.981471,3.809020,2.333380,0.344964,0.938779,0.035201,0.923830,1.245400,1.571980,0.777254
0.844475,0.558518,-0.870122,0.060753,1.725260,1.814490,0.221484,1.013010,3.829470,2.248340,0.538875,0.874604,-0.098011,0.920365,1.232150,1.728490,0.825250
0.868415,0.766820,-0.777995,0.108380,1.735470,1.773260,0.329261,1.096040,3.810940,2.198580,0.475862,1.004050,0.176678,0.897492,1.129850,1.331460,0.831269
0.849376,0.631047,-0.652300,0.040381,1.787910,1.658910,0.215698,1.013910,3.802550,2.204170,0.309602,0.732878,0.117361,0.925260,1.274380,1.615700,0.816831
0.703155,0.555080,-0.855526,0.146333,1.811110,1.791200,0.179679,1.094350,3.853580,2.275210,0.345281,0.788075,-0.008665,0.923276,1.204910,1.491840,0.792363
0.700057,0.826899,-0.770639,0.362945,1.798760,1.679860,0.144132,1.113620,3.837540,2.251430,0.645639,0.928426,0.045196,0.941999,1.165630,1.511680,0.785410
0.653340,0.561482,-0.832047,0.122111,1.702290,1.831870,0.251568,1.218280,3.880690,2.219820,0.258482,0.715963,0.188178,0.950493,1.235500,1.793560,0.756627
0.638247,0.700777,-0.734127,0.121305,1.853820,1.829670,0.331463,1.086910,3.880390,2.206680,0.539555,0.846526,0.329396,0.873071,1.190480,1.719090,0.756129
0.810420,0.539376,-0.798007,0.198089,1.872010,1.748770,0.268919,1.204510,3.852270,2.185990,0.596150,0.817901,0.177361,0.914599,1.105510,1.605480,0.728678
0.648663,0.680019,-0.956351,0.355073,1.820660,1.564960,0.290319,1.165480,3.828960,2.243750,0.559060,0.790368,0.296039,0.956271,0.986799,1.726740,0.721594
0.600284,0.453624,-1.092260,0.203750,1.844180,1.701750,0.269068,1.171880,3.833340,2.206370,0.450599,0.791518,0.272899,0.918495,0.898613,1.641790,0.646339
0.452724,0.069101,-0.783114,0.289868,1.958690,1.462690,0.348241,1.272890,3.895700,2.281210,0.629736,0.900293,0.202446,0.881897,0.865659,1.469760,0.692201
0.267376,-0.099122,-0.899052,0.120735,1.918840,1.828340,0.276900,1.426020,3.873680,2.247050,0.479240,0.909862,0.228260,0.969668,0.979861,1.517440,0.649516
0.088067,-0.126027,-1.040790,-0.046031,1.927020,1.745750,0.277613,1.376110,3.842960,2.129670,0.570639,0.754403,0.025094,0.982821,1.117560,1.558640,0.606659
0.095409,-0.158933,-1.029340,0.255157,2.022510,1.767570,0.436368,1.568700,3.875070,2.342200,0.464102,0.853876,0.139722,0.976107,1.182510,1.849060,0.525226
-0.047206,-0.290740,-0.979397,0.150095,1.939400,1.869560,0.431698,1.530140,3.821670,2.320400,0.444245,0.896224,-0.073000,0.946522,1.232290,1.778300,0.507901
-0.105845,0.032096,-0.940613,0.363282,2.006730,1.554000,0.444630,1.734970,3.795790,2.231390,0.670731,0.921373,0.090466,0.974214,1.404650,1.447200,0.468680
-0.544357,-0.704033,-1.040350,0.070945,2.028370,1.726500,0.546274,1.854800,3.713880,2.428810,0.759723,0.789026,0.040603,0.997135,1.504750,1.656170,0.349932
-0.954381,-0.800002,-0.815440,-0.079495,2.001640,1.833860,0.627751,1.917410,3.621410,2.487230,0.901377,0.764008,0.084893,0.938320,1.444840,1.359800,0.383428
-1.247360,-0.763888,-0.867450,0.031002,1.974730,1.844310,0.957611,1.915010,3.461420,2.391000,0.929497,1.198030,0.185251,0.872716,1.495450,1.545170,0.304613
-1.548900,-1.088990,-0.702692,0.034572,2.041390,1.908110,1.149950,2.017580,3.215610,2.364560,0.823374,0.951770,0.111496,0.850772,1.456040,1.685190,0.345638
-1.526390,-1.042470,-0.654918,0.093167,1.988770,1.884110,1.101980,2.035590,3.129230,2.282930,1.096100,1.035780,0.150801,0.787670,1.787330,1.591800,0.367947
-1.888710,-1.087730,-0.642718,-0.233970,1.851550,2.172280,1.350890,1.944940,2.745390,2.295780,0.965263,1.290060,0.246063,0.592383,1.634450,1.623120,0.403569
-2.094910,-1.668380,-0.473700,-0.108754,1.673550,2.002000,1.345550,1.948080,2.490160,2.165970,0.838409,1.223750,0.161365,0.349309,1.400040,1.634900,0.478670
-2.184670,-1.574900,-0.244796,0.040632,1.454450,1.935120,1.230240,1.849850,2.338220,2.053260,0.890741,1.108580,0.062832,0.253634,1.395360,1.806670,0.540790
-2.062110,-1.436740,-0.020274,-0.166879,1.357770,1.204200,1.422960,1.955160,2.160040,2.453560,0.809911,1.011200,0.064144,0.040538,1.396890,1.533360,0.423211
-2.104870,-1.333680,0.033245,-0.063287,1.321220,1.540300,1.315370,1.625760,2.078340,2.285990,0.680740,1.006770,-0.084094,0.156379,1.399780,1.753260,0.418734
-2.121700,-1.304100,0.041944,-0.182505,1.229340,1.614290,1.133350,1.677870,1.813930,2.126220,0.458595,1.062480,-0.056158,0.041986,1.340760,1.684770,0.544108
-2.211250,-1.231980,0.279606,-0.314559,1.123000,1.198540,1.103780,1.900340,1.893170,1.970050,0.418242,1.129910,-0.072169,-0.055425,1.289800,1.526890,0.533261
-2.200340,-1.211570,0.468357,0.148022,1.131110,1.087530,1.037580,1.847000,1.683500,2.125200,0.328597,0.859641,-0.025966,0.058186,1.751740,1.569460,0.727416
-2.275640,-1.073340,0.287510,-0.205452,0.974270,1.304920,0.773167,1.783390,1.645900,2.086290,0.274829,0.780452,0.099740,-0.031568,1.579080,1.735600,0.643194
-2.192430,-0.831773,0.309334,0.013229,1.015860,1.480090,0.942009,1.695750,1.740780,2.121700,0.048865,1.091320,0.286745,0.253611,1.302360,2.061150,0.542596
-2.063230,-0.796935,0.504657,-0.320656,0.797234,1.537220,0.926422,1.595820,1.457350,1.978600,0.166393,0.755249,0.362685,0.204491,1.233450,1.999780,0.664322
-2.074580,-0.953777,0.444868,-0.478292,0.673130,1.768380,0.933907,1.649950,1.323910,1.928370,0.081449,0.950070,0.433548,0.355762,1.229820,1.904440,0.589612
-2.073140,-0.612384,0.355143,-0.079845,0.494403,1.898230,0.961320,1.494370,1.111390,1.583250,0.172175,1.013850,0.249204,0.546684,1.142270,1.841530,0.669238
-2.114390,-0.369262,0.526183,0.129387,0.507865,2.462130,0.891507,1.483190,1.037490,1.722920,0.122454,1.136240,0.459883,0.712759,0.872533,1.858540,0.543078
-2.114040,-0.545574,0.451440,0.228433,0.421242,1.818620,0.772095,1.395670,0.878462,1.729900,-0.169103,1.197840,0.168254,0.848695,0.742887,1.819900,0.682644
-2.147840,-0.501334,0.480368,0.344197,0.383378,1.722480,0.703490,1.090320,0.862965,1.264760,-0.213930,0.935302,0.397309,0.890320,0.522181,1.434140,0.594254
-2.141710,-0.626221,0.341010,0.064566,0.429325,1.790640,0.789431,1.010290,0.779291,1.289760,-0.346957,0.821554,0.273010,0.880984,0.452194,1.306160,0.545813
-1.846660,-0.394210,0.594626,0.443959,0.365491,1.569160,0.761456,0.824932,0.737585,1.193010,-0.346888,1.240010,0.203042,1.170060,0.494960,1.509780,0.625342
-1.853240,-0.410538,0.518506,0.375873,0.286811,1.667060,1.002230,0.792052,0.671379,1.218730,-0.464236,0.931631,0.319669,1.014210,0.289709,1.199160,0.659739
-1.883190,-0.522111,0.460434,0.428887,0.347001,1.614840,1.024770,0.604504,0.730241,0.973058,-0.291884,0.588811,0.242090,0.885923,0.181994,1.090630,0.597689
-1.596630,-0.387178,0.522920,0.219819,0.285917,1.606610,1.104410,0.725390,0.660766,1.133250,-0.292070,0.772134,0.064513,0.709587,0.053330,1.026440,0.519628
-1.881790,-0.596961,0.514031,0.165818,0.440416,1.638340,1.267260,0.699793,0.632631,1.250540,-0.340669,0.759847,-0.074868,0.618621,-0.072450,0.922440,0.461555
-1.580840,0.163114,0.423794,0.094372,0.390235,2.195330,1.142760,0.881129,0.718383,1.146240,-0.580402,0.850097,0.090609,0.564219,-0.089504,1.083990,0.486313
-1.520940,-0.425287,0.479986,0.001714,0.394774,2.140920,1.222800,0.837886,0.694827,1.231010,-0.555222,0.661026,-0.133253,0.630052,-0.029687,1.026540,0.376895
-1.341390,-0.132138,0.591972,-0.213648,0.342910,2.104290,1.387840,0.775814,0.682046,1.274560,-0.490566,0.673174,-0.285428,0.772175,0.073919,1.002200,0.373212
-1.132620,-0.329213,0.496802,0.204556,0.391269,1.939510,1.431820,0.790429,0.649712,1.244670,-0.301892,0.795085,-0.282862,0.716949,0.090057,0.968466,0.298247
-1.000780,0.164264,0.720566,-0.102352,0.384622,2.232500,1.431140,0.844220,0.639981,1.401010,-0.440876,0.664229,-0.230015,0.942123,0.072258,0.740374,0.111025
-0.870593,0.193663,0.537544,-0.068508,0.572140,2.146450,1.438080,0.814544,0.632554,1.420490,-0.691653,0.913178,-0.177903,0.997176,-0.009678,0.876729,0.085338
-0.520673,0.363054,0.376967,-0.321553,0.568369,2.070500,1.536330,0.956854,0.706763,1.525560,-0.547278,0.538395,-0.096886,0.965327,0.247378,0.825826,0.034764
-0.702436,-0.211208,0.712346,-0.196786,0.659119,2.190300,1.708870,0.882817,0.640802,1.606950,-0.625578,0.779682,-0.171711,1.109400,0.214840,0.775792,-0.058876
-0.653699,-0.086165,0.765449,-0.289592,0.718777,2.184510,1.708880,0.999677,0.729058,1.630650,-0.389743,0.790062,0.018311,1.060310,0.439182,0.675208,-0.002610
-0.365188,-0.079292,0.878615,-0.138499,0.777041,1.874110,1.748700,0.927980,0.808046,1.564420,-0.330342,0.677986,-0.269587,1.044640,0.336557,0.746333,-0.090500
-0.364759,0.113240,0.869369,-0.105546,0.838752,1.593400,1.725650,1.099370,0.851156,1.657090,-0.258141,0.597496,-0.254540,1.012240,0.436077,0.368473,-0.063412
-0.335614,0.031830,0.674773,-0.132760,0.853457,1.902620,1.650550,1.016600,0.890602,1.611920,-0.275238,0.535486,-0.246093,0.959253,0.538764,0.264630,-0.073294
-0.276668,0.102612,0.655819,0.037125,0.783996,1.983760,1.682640,0.946456,0.902471,1.472250,-0.276847,0.788588,-0.190019,1.031310,0.572143,0.470146,-0.075954
-0.275028,0.011562,0.748649,-0.209105,0.851688,1.901620,1.642520,1.036150,0.900970,1.480070,-0.254979,0.480642,-0.270601,1.062240,0.606193,0.366362,-0.043781
