AU01,AU02,AU04,AU05,AU06,AU07,AU09,AU10,AU12,AU14,AU15,AU17,AU20,AU23,AU25,AU26,AU45
1.531730,1.355030,0.031908,0.150323,0.079775,1.952330,0.111960,-0.890678,0.657904,1.272590,-0.350131,0.564408,-0.002196,1.287650,-0.006720,0.686911,0.007309
1.335650,1.328440,-0.018035,0.362893,-0.083078,1.781110,-0.077762,-0.949574,0.597178,1.050690,-0.457422,0.418542,0.027529,1.453270,0.105204,0.711472,0.006248
1.297550,1.383690,-0.168206,0.168531,-0.048745,1.970100,0.087833,-0.916690,0.667620,1.175270,-0.337195,0.529904,0.171805,1.385480,0.030982,0.728042,-0.012082
1.232260,1.325370,-0.153415,0.199323,-0.102122,1.694520,-0.077402,-0.934027,0.681190,1.138120,-0.345955,0.401387,0.200911,1.439080,0.145930,0.706707,0.045149
1.282900,1.140010,0.150200,0.151247,0.001284,1.796980,-0.054877,-1.150780,0.720646,1.058440,-0.306674,0.422929,0.159954,1.471350,0.087432,0.606835,-0.026268
1.287820,1.478990,0.023529,0.017117,0.017523,1.906190,-0.157478,-0.889526,0.779649,1.041610,-0.363623,0.312259,0.157345,1.447130,0.215017,0.584666,0.074721
1.342040,1.370800,0.175305,0.029194,0.081126,1.860080,-0.092145,-0.852140,0.706434,0.918350,-0.263567,0.471936,0.251104,1.386710,0.110163,0.487662,0.058454
1.182730,1.223040,0.154945,0.220968,0.122681,1.996690,-0.081939,-0.869356,0.884271,0.892777,-0.389612,0.060944,0.165929,1.354530,0.181030,0.444211,0.075713
1.154520,1.213410,0.125012,0.215410,0.160920,2.060020,0.093415,-0.812233,0.973699,0.968959,-0.236967,0.000310,0.269902,1.192720,0.282716,0.347693,0.166596
1.310360,1.112300,0.038108,-0.149437,0.360237,1.987470,0.163363,-0.816325,1.047590,0.846158,-0.301100,0.203801,0.128086,1.310540,0.426713,0.309094,0.102019
1.272870,1.109660,0.004055,-0.039247,0.399278,2.056730,0.053118,-0.754698,1.152200,0.979458,-0.361959,0.086786,0.075370,1.447300,0.577860,0.462703,0.072707
1.326440,1.330370,-0.011867,0.141258,0.365695,2.072990,0.062520,-0.564374,1.230490,0.910060,-0.451530,0.231911,0.119044,1.488030,0.705405,0.609461,0.207043
1.350360,1.406130,0.048041,-0.025259,0.402138,2.097390,0.115813,-0.515694,1.210450,1.089450,-0.292638,0.351397,-0.036687,1.645140,0.763409,0.876194,-0.050838
1.544280,1.234780,0.264252,0.004967,0.335726,2.235610,0.166195,-0.409345,1.252660,1.279670,-0.459385,0.037572,0.262540,1.644490,1.084660,0.855262,0.045538
1.381120,1.362860,0.118651,0.122839,0.298816,2.345030,0.161034,-0.457924,1.202260,1.094100,-0.242202,0.008240,0.182052,1.653470,1.130020,1.118640,0.033757
1.391290,1.656890,0.119602,0.219001,0.265989,2.142990,0.171516,-0.390813,1.209690,1.093290,-0.387962,-0.036149,0.367749,1.689030,1.054490,0.991835,0.046584
1.344150,1.491330,0.213783,0.004955,0.312293,2.340570,0.249478,-0.469395,1.189890,0.950730,-0.393508,0.024745,0.199222,1.633180,1.100090,1.145300,0.077754
1.442170,1.576290,0.150798,0.017749,0.292754,2.184810,0.251066,-0.473376,1.195280,0.982928,-0.473892,0.121482,0.002351,1.584560,1.146710,1.105110,-0.045237
1.452510,1.599650,0.150808,-0.220891,0.310735,2.188470,0.323427,-0.411913,1.180130,1.098660,-0.451147,0.044913,-0.027483,1.585970,1.114400,1.163270,0.008711
1.527430,1.574940,0.094662,-0.084281,0.249196,2.097120,0.259211,-0.570748,1.171740,0.990230,-0.321915,-0.184085,0.001096,1.568720,1.188020,1.124240,-0.015845
1.403890,1.453970,-0.075688,-0.009142,0.171657,1.871850,0.246540,-0.535469,1.113520,0.953915,-0.244562,-0.169746,0.020350,1.516120,1.141370,1.220540,0.019177
1.295490,1.471190,-0.047566,-0.167701,0.185485,1.952080,0.270484,-0.572407,1.108170,1.215270,-0.289278,-0.035830,0.145156,1.550840,1.185440,1.321240,0.162495
1.200000,1.187730,-0.056173,-0.047374,0.162000,2.038960,0.210142,-0.640192,1.122530,1.034020,-0.221511,0.003329,0.149977,1.564270,1.086310,1.352620,0.155997
1.357820,1.262890,0.048313,0.023283,0.179151,2.083900,0.170525,-0.656264,1.141010,1.115590,-0.280470,-0.023760,0.144454,1.588160,0.902913,1.220110,0.028829
1.377220,1.320090,0.215941,0.119860,0.130118,1.913360,0.032851,-0.661593,1.107920,1.175440,-0.294049,0.200719,0.201016,1.573200,0.951574,1.340920,0.112994
1.438460,1.701810,-0.040730,-0.099401,0.107426,1.909470,0.104163,-0.665604,1.122320,1.144930,-0.473339,0.114621,0.161992,1.624370,1.034510,1.150260,0.216931
1.455670,1.688350,0.306505,0.203390,0.180033,2.011270,0.029211,-0.725424,1.039840,0.999226,-0.436623,0.107291,0.220079,1.639440,0.985276,1.287800,-0.013181
1.332040,1.607690,0.034709,0.062353,0.042811,2.071130,-0.021116,-0.634777,1.042080,1.238950,-0.346975,0.192455,0.069697,1.659080,0.894066,1.023010,0.278120
1.142360,1.367830,0.125417,-0.231759,0.168469,1.905080,0.012857,-0.708720,1.080400,0.982656,-0.185939,0.157298,0.029972,1.626760,1.078020,1.096230,0.174667
1.187490,1.358530,0.087548,-0.057252,0.158518,1.894080,0.136579,-0.696769,1.050690,0.994420,-0.213835,0.141626,0.248318,1.629630,1.082530,1.011540,0.122936
1.443240,1.382020,0.102757,0.096629,0.132841,1.726970,-0.025691,-0.869165,0.960962,0.985152,-0.336515,0.277170,0.298070,1.522710,0.868722,0.836039,0.258893
1.238510,1.717460,0.082263,-0.078562,0.167010,2.053560,0.075264,-0.744042,0.995376,0.972367,-0.274443,0.040605,0.318488,1.566620,1.088630,0.869575,0.141316
1.207390,1.661450,-0.110377,0.201289,0.296292,2.259150,0.057145,-0.869016,1.045490,0.950616,-0.277868,0.087467,0.498354,1.495890,1.061080,0.840583,0.121814
1.460240,1.813790,0.064006,0.301030,0.149585,1.986640,0.071136,-0.707698,0.936711,1.136040,-0.464834,0.075822,0.263099,1.509180,0.802930,0.697413,0.338288
1.209240,1.416050,0.021473,0.531866,0.143931,2.004010,0.009337,-0.923165,0.977038,0.964248,-0.432447,-0.045854,0.268482,1.512140,0.787199,0.693187,0.187862
1.398700,1.822780,0.104964,0.385441,0.139406,2.203120,0.023671,-0.833882,0.888630,1.250960,-0.474632,0.080809,0.334565,1.657730,0.818077,0.724401,0.241584
1.264280,1.545380,0.007515,0.209516,0.106254,1.836300,-0.028596,-0.761103,0.907608,1.159060,-0.645778,0.125034,0.349789,1.667570,0.741623,0.937791,0.252158
1.341740,1.639700,-0.043733,0.278525,0.244331,2.178620,0.027030,-0.774728,0.948869,1.144950,-0.426172,0.190553,0.427889,1.668590,0.751247,0.719739,0.086582
1.612170,1.654820,0.043935,0.191289,0.207737,2.133360,0.188339,-0.814457,0.961325,1.290050,-0.547087,-0.097361,0.172122,1.579360,0.635398,0.848532,0.121721
1.300090,1.552730,-0.062618,0.217616,0.140618,2.098540,0.237925,-0.849085,0.947858,1.160890,-0.480564,0.007036,0.196647,1.688870,0.688021,0.923856,0.112603
1.334030,1.319940,-0.175944,0.264800,0.225441,2.194370,0.159144,-0.898027,0.940089,0.964379,-0.581787,0.086640,0.292588,1.648270,0.801147,0.877640,0.145368
1.288650,1.386470,-0.085988,0.136366,0.213823,2.230060,0.105161,-0.749215,1.014950,1.078020,-0.596889,-0.086291,0.264597,1.624720,0.556934,0.767164,0.259978
1.299320,1.638390,-0.128079,0.008472,0.296146,2.163570,0.155553,-0.751699,1.047150,1.030340,-0.497637,-0.029609,0.251563,1.583380,0.733166,0.689762,0.101289
1.353850,1.472410,0.226330,0.151219,0.382113,2.379530,0.198822,-0.710406,1.057700,0.929521,-0.562623,0.151962,0.446978,1.601620,0.586439,0.589711,0.077914
1.339070,1.596170,0.174157,0.245308,0.439670,2.239670,0.198243,-0.635312,1.053030,1.018800,-0.414045,0.100783,0.418617,1.594140,0.899404,0.820725,0.033200
1.308900,1.620320,0.137012,0.212983,0.445162,2.296930,0.154698,-0.608390,1.116500,1.001740,-0.416047,0.045040,0.242794,1.565330,0.893838,0.684713,0.029202
1.206910,1.444210,0.016645,0.050951,0.492821,2.406150,0.165600,-0.685218,1.164460,1.181610,-0.384882,0.047333,0.323926,1.593600,0.906111,0.770706,0.061560
1.305970,1.543310,0.071409,0.381303,0.468947,2.402310,0.190195,-0.688542,1.169250,1.137710,-0.422387,0.012977,0.337906,1.597870,0.975246,0.608105,0.118598
1.264930,1.564340,-0.096253,0.471964,0.516844,2.235370,0.242436,-0.606738,1.228580,1.122080,-0.454040,0.187622,0.291792,1.662340,0.977956,0.668066,0.039071
1.316650,1.454600,0.026466,0.355555,0.558735,2.351120,0.209483,-0.582897,1.282210,1.081560,-0.427906,0.114706,0.257116,1.659860,1.069330,0.551318,-0.019795
1.401750,1.693450,-0.091980,0.257128,0.601701,2.283460,0.134325,-0.411588,1.426800,1.268430,-0.307967,0.122399,0.160974,1.667790,1.052430,0.600891,0.075743
1.343200,1.575420,0.187000,0.446138,0.703786,2.417370,0.258172,-0.353456,1.472050,1.214120,-0.286047,0.160668,0.207954,1.736000,1.004600,0.549679,-0.088519
1.341640,1.645160,0.037729,0.435990,0.740149,2.361440,0.209912,-0.270353,1.514670,1.247640,-0.171750,0.085416,0.092653,1.752540,0.946739,0.360454,-0.008474
1.360900,1.611450,0.079527,0.489237,0.708249,2.093720,0.232096,-0.330398,1.520390,1.295930,0.069842,0.179982,0.075611,1.690510,1.004660,0.541806,-0.064229
1.364130,1.562540,0.064037,0.244216,0.762207,2.253950,0.289666,-0.346976,1.507780,1.199460,0.000270,0.165787,0.209163,1.772660,0.814102,0.777743,-0.111242
1.258510,1.549120,-0.075550,0.417939,0.564863,2.255420,0.273700,-0.431200,1.499140,1.027910,-0.162643,0.057391,0.248864,1.794070,0.975070,0.605333,-0.183932
1.277730,1.602940,-0.008100,0.378495,0.605117,2.363290,0.252704,-0.380400,1.471330,1.073160,-0.154098,0.000717,0.175930,1.795370,0.994550,0.460722,-0.166238
1.404760,1.486090,0.077728,0.104051,0.654045,2.370510,0.258566,-0.478812,1.520480,1.032990,-0.098284,0.039673,0.093369,1.764390,1.071820,0.544325,-0.196642
1.275060,1.220620,-0.044689,0.300946,0.588620,2.071540,0.166844,-0.402581,1.541530,1.100480,-0.125630,0.092775,0.143499,1.786480,1.033890,0.496694,-0.149984
1.273820,1.164710,0.017051,0.178420,0.693467,2.174470,0.207720,-0.439561,1.553190,1.008880,-0.123084,0.038030,0.038273,1.780780,1.157670,0.602568,-0.102078
1.303460,1.207210,-0.012131,0.046032,0.661044,2.036660,0.220710,-0.275229,1.550590,1.143950,-0.139141,-0.034446,0.031368,1.773900,1.147890,0.440942,-0.057253
1.278700,1.253200,-0.072918,0.195721,0.648279,1.938360,0.177213,-0.383746,1.538220,0.974461,-0.155595,-0.078459,0.147418,1.735460,1.091020,0.467430,-0.072205
1.309120,1.367760,-0.065317,0.097024,0.661562,1.967990,0.219812,-0.323359,1.577820,1.085160,-0.193660,-0.024702,-0.001581,1.761880,1.120250,0.563544,-0.100841
1.450040,1.513590,-0.076442,-0.083779,0.607490,2.078960,0.159976,-0.253485,1.502010,1.024520,-0.130583,-0.078257,0.129434,1.709530,1.209600,0.482812,-0.076321
1.419670,1.569340,-0.056349,0.099904,0.679079,2.126650,0.206117,-0.266185,1.533050,0.994983,-0.263859,-0.078603,0.134542,1.694950,1.193210,0.591716,-0.087327
1.426460,1.492440,-0.044611,0.179846,0.637927,2.098680,0.260060,-0.282245,1.558110,0.996382,-0.286625,-0.004019,0.222303,1.716410,1.080260,0.498244,-0.106979
1.397340,1.409940,-0.008825,0.144969,0.586142,2.011500,0.286187,-0.260868,1.540780,0.984538,-0.297573,-0.074065,0.172913,1.718460,1.093280,0.504186,-0.070471
1.464450,1.422820,0.067515,0.218103,0.625421,2.215740,0.220454,-0.300112,1.532300,0.999809,-0.244075,-0.078675,0.216451,1.716730,1.080560,0.302701,-0.074273
1.380770,1.321710,-0.148928,0.071696,0.690502,2.224210,0.242843,-0.240727,1.562390,0.874023,-0.260365,-0.025857,0.217308,1.689920,0.888929,0.250221,-0.166188
1.404240,1.481100,0.038405,0.022397,0.664696,2.122270,0.323864,-0.338131,1.506370,0.912170,-0.362284,-0.073806,0.302476,1.570480,0.869138,0.266550,0.007214
1.430610,1.567460,0.028745,0.040183,0.722597,2.273390,0.349435,-0.234018,1.523650,0.882571,-0.247661,-0.042342,0.260536,1.643400,1.024290,0.339716,-0.120483
1.301820,1.340860,0.207324,0.049051,0.801595,2.231550,0.225555,-0.227123,1.626330,0.923335,-0.278862,0.024703,0.110136,1.635410,1.032060,0.394175,-0.041170
1.303620,1.234690,0.068555,-0.014643,0.743210,2.366060,0.192856,-0.232179,1.616720,0.894008,-0.290424,0.016333,0.063942,1.613670,1.022200,0.448797,-0.056980
1.340950,1.258850,0.098894,0.228131,0.754592,2.428830,0.230931,-0.305956,1.630150,0.838820,-0.255737,0.079076,0.108853,1.618800,0.999117,0.327445,-0.026612
1.394970,1.538120,0.171811,0.441788,0.761791,2.496270,0.187838,-0.182944,1.675010,0.925272,-0.326243,0.023734,0.111167,1.657920,0.984122,0.321121,-0.051247
1.495710,1.278250,0.007463,0.486372,0.733648,2.403350,0.132149,-0.250144,1.739500,0.831710,-0.216757,-0.069856,0.369842,1.630040,0.985922,0.319781,-0.036168
1.516260,1.547170,0.115860,0.606428,0.903419,2.495660,0.227101,-0.159672,1.825160,0.933236,-0.188806,-0.070811,0.299920,1.555320,1.004490,0.421001,-0.050879
1.374120,1.509380,0.201616,0.489401,0.945374,2.531280,0.292423,-0.039900,1.930260,0.784435,-0.265951,-0.123802,0.312500,1.451700,1.025730,0.344104,-0.035116
1.390580,1.534150,0.232297,0.384534,1.005830,2.468780,0.259730,0.078821,2.035970,0.824148,-0.254748,-0.083538,0.256430,1.480870,1.026770,0.366481,0.047873
1.076060,1.214550,-0.062514,0.517045,1.208630,2.618780,0.221759,0.252168,2.194270,0.894524,-0.111686,0.037350,0.288223,1.396900,1.164470,0.450800,-0.083841
1.229200,1.462890,0.070136,0.252813,1.107890,2.666150,0.266120,0.296374,2.179780,0.995544,-0.049052,-0.126265,0.115830,1.507700,1.174590,0.522916,0.030145
1.158390,1.255210,-0.068401,0.259733,1.339550,2.874700,0.399634,0.420549,2.287900,0.710127,0.057176,0.003712,0.238603,1.135890,1.793020,0.557423,-0.143236
1.198300,1.422700,-0.000624,0.451889,1.385250,2.884480,0.406449,0.543821,2.246870,0.937767,0.035612,-0.124799,0.180088,0.863105,2.004890,0.463477,-0.116364
1.266970,1.233290,0.119479,0.381508,1.435390,2.826980,0.495377,0.681614,2.309920,0.868382,0.021995,-0.135093,0.242751,0.810391,2.061860,0.567629,-0.086616
0.941363,1.075690,0.216728,0.617944,1.640290,3.189530,0.577721,0.660393,2.414220,0.771317,0.048716,-0.089226,0.175261,0.660136,2.222790,0.623764,-0.332362
1.173050,1.274910,0.334865,0.288033,1.617200,3.060400,0.585767,0.807460,2.338830,0.883263,0.044748,-0.149927,0.138216,0.626739,2.256470,0.798120,-0.236164
0.866985,1.067520,0.200315,0.388318,1.791360,3.021170,0.605904,0.879800,2.389480,0.820072,-0.071359,0.046589,0.153517,0.625026,2.522730,0.832784,-0.144257
0.686015,0.918134,0.235414,0.360650,1.972390,3.093640,0.575090,1.063240,2.431100,0.767920,-0.074577,0.034058,0.136214,0.589862,2.602040,0.660624,-0.327516
0.684251,0.967823,0.072017,0.297909,1.929090,3.117070,0.617796,1.160860,2.492890,0.790900,0.244060,0.048422,0.346722,0.538098,2.842550,0.802122,-0.242778
0.674450,1.138920,0.083767,0.404586,2.115800,3.497470,0.474539,1.456980,2.539810,0.796920,0.129228,-0.093860,0.097871,0.402374,3.031440,1.187460,-0.066732
0.915505,1.336920,0.040689,0.406494,2.064750,4.005930,0.518604,1.310320,2.523850,0.775759,0.019625,-0.137800,0.267769,0.487539,3.074520,1.126510,-0.251578
0.635166,0.892773,-0.016159,0.453004,1.993350,3.631010,0.334899,1.310390,2.535780,0.744961,0.063852,-0.049093,0.329281,0.495040,3.207410,0.993469,-0.054696
0.644015,0.804334,-0.097390,0.858977,2.052470,3.761310,0.273032,1.281590,2.483980,0.667623,-0.065682,-0.203019,0.375957,0.305484,3.305840,1.186200,-0.102606
0.641406,0.688024,-0.125576,0.635106,2.044380,3.924480,0.294402,1.336610,2.457280,0.721950,0.137413,-0.282797,0.405391,0.321102,3.222270,1.092790,-0.076996
0.736148,0.719239,-0.065039,0.749541,2.074980,4.048480,0.477674,1.342640,2.550540,0.573687,0.156292,-0.242334,0.509390,0.090907,3.224290,1.165900,-0.070412
0.490025,0.719277,-0.278630,0.725084,2.101070,3.733690,0.504446,1.312430,2.640820,0.326727,0.000491,-0.086151,0.713132,0.141619,3.413020,1.084360,0.052721
0.513175,0.514941,-0.143399,0.681361,2.020200,3.604320,0.218367,1.367080,2.683900,0.581979,0.292280,-0.154103,0.680218,0.114420,3.375710,0.789041,0.055101
0.690148,0.784715,-0.174745,0.658972,1.915590,3.640770,0.190539,1.565440,2.656660,0.429864,0.515436,-0.217085,0.805313,0.048011,3.330790,0.794543,-0.021416
0.522321,0.500396,-0.223343,0.665173,1.915960,3.652300,0.040848,1.360850,2.671210,0.502939,0.134059,-0.276125,0.838002,0.078598,3.555270,0.763962,-0.051806
0.544228,0.565164,-0.048120,0.667681,1.958730,3.861170,0.021115,1.196680,2.736530,0.481676,0.376063,-0.228027,0.883415,0.129278,3.502560,0.678430,-0.022420
0.512818,0.739165,-0.058221,0.784142,1.929580,3.900170,0.147936,1.369460,2.740010,0.439533,0.316132,-0.204399,0.972155,0.043384,3.373070,0.572008,0.024699
0.772347,0.438749,0.308073,0.565382,1.897390,3.731930,0.321340,1.108460,2.494950,0.755265,0.432528,0.053884,0.953969,0.046196,3.262150,0.647845,-0.119850
0.678545,0.684877,0.225293,0.485166,1.836730,3.623700,0.212924,1.154160,2.576370,0.880815,0.697621,-0.149789,0.917640,0.118983,3.256660,0.787910,-0.125955
0.495084,0.504177,0.235250,0.666378,1.894410,3.746580,0.273635,1.059200,2.603920,0.723228,0.472696,-0.006600,1.047900,0.122593,3.181320,0.775216,-0.083213
0.714274,0.741256,0.360008,0.889634,1.867070,3.975680,0.191479,1.021220,2.550370,0.639304,0.692341,-0.030035,0.962250,0.128958,3.102240,0.826455,-0.079927
0.905504,0.848072,0.434785,0.699941,1.784180,3.940420,0.259576,0.901336,2.606620,0.679163,0.728219,-0.092686,0.974470,0.071294,3.221890,0.713762,0.016494
0.556392,0.460057,0.263434,0.618139,1.854580,3.563930,0.343089,0.917835,2.626670,0.598298,0.590390,-0.112149,1.034170,0.154748,3.099430,0.791953,-0.000364
0.774465,0.634138,0.323270,0.588704,1.836640,3.809350,0.397855,1.057290,2.665100,0.654563,0.640401,-0.150701,1.033660,0.068355,3.045430,0.698854,0.016966
0.787205,0.652183,0.366501,0.568766,1.858820,3.753890,0.359646,1.045590,2.681570,0.700368,0.620867,-0.223541,0.976923,0.107604,3.050300,0.872511,0.072412
0.696621,0.624730,0.394716,0.785229,1.762720,3.488440,0.254348,0.887908,2.660000,0.680275,0.864871,-0.261385,1.047950,0.110174,2.978320,0.651447,0.168508
0.582253,0.600528,0.418737,0.653233,1.801710,3.688310,0.229018,0.907659,2.688680,0.627316,0.809721,-0.166878,0.924542,0.075965,2.941380,0.902785,0.309988
0.566807,0.779597,0.282430,0.764966,1.799180,3.478190,0.217087,0.858414,2.667070,0.584009,0.836732,-0.190737,0.840141,0.094207,2.943810,0.569963,0.252406
0.691894,0.750961,0.389004,0.738636,1.745960,3.702560,0.128222,0.889713,2.689990,0.507104,0.786713,-0.297079,0.800791,0.071538,2.979800,0.551696,0.337572
1.005920,0.784340,0.357025,0.470720,1.740980,3.846020,0.220669,0.884850,2.689840,0.560774,0.676965,-0.256216,0.870398,0.063847,2.771780,0.601818,0.337251
0.822288,0.821721,0.217010,0.619858,1.768520,3.711730,0.245742,0.832351,2.753930,0.578464,0.619202,-0.159622,0.884397,0.091178,3.002280,0.660710,0.310922
1.159190,0.620656,0.191273,0.635289,1.698690,3.828630,0.143847,0.777496,2.734450,0.793389,0.687484,-0.024470,0.701903,0.176925,2.667290,0.520175,0.372288
1.029900,0.706754,0.366918,0.852628,1.806310,3.481260,0.145999,0.940581,2.786800,0.702652,0.881251,-0.061550,0.663622,0.001878,2.925920,0.465356,0.450838
0.933677,0.575721,0.370264,0.535122,1.811520,3.837740,0.268673,0.793240,2.791870,0.638877,0.754463,-0.070668,0.795729,-0.008958,2.714490,0.464640,0.328051
1.039140,0.596900,0.531885,0.662465,1.605360,3.390510,0.193718,0.574122,2.688810,0.720567,0.661697,-0.222343,0.630326,-0.018352,2.681330,0.386357,0.418598
1.064280,0.529840,0.346177,0.473399,1.680600,3.811850,0.311741,0.531275,2.704700,0.531956,0.763040,-0.067648,0.472973,0.046395,2.573250,0.093150,0.254809
0.972283,0.544618,0.261953,0.619917,1.636640,3.621950,0.296932,0.617839,2.778020,0.508898,0.903786,0.037164,0.482282,0.059245,2.485580,0.238028,0.241187
0.978401,0.657730,0.340037,0.634339,1.757380,3.221030,0.182751,0.698266,2.843070,0.849140,0.668254,-0.183426,0.487822,0.009124,2.555230,0.261666,0.278241
1.245060,0.778953,0.430189,0.473968,1.707220,3.388570,0.338582,0.719791,2.845710,0.876292,0.576878,-0.261768,0.369947,-0.096518,2.574650,0.298570,0.255052
0.921577,0.542668,0.147861,0.520947,1.696750,3.570210,0.250146,0.897804,2.835420,0.741506,0.706493,-0.115229,0.478981,-0.083043,2.439480,0.182033,0.127125
1.193670,0.761724,0.099643,0.528081,1.529620,3.312300,0.061945,0.587399,2.890340,0.796447,0.774725,0.073289,0.497848,0.032832,2.274790,0.390600,0.248076
1.246500,0.578139,0.114608,0.409349,1.601180,3.763350,0.113882,0.523296,2.819810,0.794737,0.764643,-0.049958,0.402023,0.023697,2.367320,0.348911,0.274758
1.215060,0.734273,0.260820,0.485943,1.641600,3.592640,0.241985,0.509926,2.855140,0.825241,0.807018,-0.015289,0.593252,0.033219,2.453940,0.168377,0.236067
1.022020,0.644804,0.255837,0.426211,1.541890,3.611030,0.076359,0.801007,2.909060,0.928962,0.794923,-0.190486,0.336190,0.075860,2.363020,0.356693,0.359089
1.182770,0.749276,0.162149,0.402262,1.579140,3.613150,0.188013,0.761360,2.878400,1.010640,0.832570,-0.015503,0.500698,0.059420,2.391710,0.682882,0.269695
0.854092,0.540126,0.039654,0.530759,1.645390,3.634460,0.145615,0.824294,2.891930,0.973267,0.924730,-0.065559,0.392014,0.071127,2.432700,0.400595,0.140196
1.171930,0.905285,0.270848,0.203502,1.674070,3.536720,0.011085,0.851189,2.987050,1.270020,0.761497,0.125349,0.337253,0.321477,1.473570,0.048669,0.459671
0.997940,1.210820,0.344674,0.278293,1.783990,3.367370,0.147129,0.875365,3.002240,1.195060,0.677601,0.194081,0.319565,0.383737,1.393410,-0.201360,0.324831
0.869166,1.179520,0.212753,0.246754,1.764560,3.135000,0.274475,0.848470,2.938850,1.211360,0.619485,0.368209,0.411941,0.492357,1.382850,-0.057739,0.348813
1.090560,1.250630,0.287256,0.181195,1.705980,3.288670,0.251927,0.978011,2.994550,1.451500,0.535039,0.339992,0.251036,0.456359,1.344660,-0.153463,0.355168
0.937826,1.280130,0.374583,0.153206,1.748200,3.427360,0.206459,0.882217,2.999710,1.313020,0.804224,0.441057,0.499844,0.513316,1.489810,-0.149594,0.237561
1.034800,1.111240,0.359421,-0.081375,1.717870,3.481260,0.183654,0.665335,2.968810,1.491080,0.473895,0.317360,0.296338,0.494592,1.415080,-0.215491,0.285684
1.073030,1.141760,0.356438,0.070830,1.791050,3.227970,0.293595,0.718272,2.942330,1.372300,0.521509,0.234362,0.478826,0.560991,1.386620,-0.166331,0.214411
0.936723,1.196950,0.427361,0.154340,1.791680,3.369140,0.325161,0.776993,2.909880,1.288890,0.495464,0.316590,0.541611,0.518806,1.371330,-0.170365,0.239393
1.005720,0.996192,0.322234,0.302967,1.663720,3.039700,0.177368,0.665324,2.878290,1.361730,0.534357,0.122037,0.540649,0.462601,1.325420,-0.189320,0.245807
0.974997,1.032560,0.344308,0.190102,1.819060,3.263800,0.381063,0.789205,2.943340,1.221450,0.621572,0.101130,0.534914,0.443848,1.255290,-0.304768,0.202782
0.959716,1.404650,0.435789,0.265389,1.741970,3.350970,0.388042,0.692957,2.814830,1.242720,0.590989,0.314493,0.645099,0.463327,1.178530,-0.248392,0.255432
0.964611,1.333940,0.413610,0.433519,1.757410,3.376910,0.465996,0.744056,2.847610,1.342260,0.411403,0.222123,0.597329,0.523213,1.330590,-0.275258,0.199249
1.018030,1.751440,0.411281,0.302267,1.745550,3.268480,0.436916,0.867699,2.798050,1.383640,0.509107,0.217471,0.542535,0.489876,1.105190,-0.257543,0.164552
1.208190,1.659750,0.650694,0.273314,1.750290,3.257670,0.413158,0.675092,2.810630,1.500680,0.385865,0.127318,0.879602,0.662402,1.088590,-0.323841,0.131827
0.992434,1.485860,0.699961,0.344343,1.783230,3.243630,0.447894,0.730426,2.827320,1.498410,0.395768,0.176099,0.685775,0.608555,1.046840,-0.351470,0.169208
0.879360,1.559440,0.405172,0.226957,1.776170,3.069640,0.433405,0.703243,2.822970,1.271940,0.407037,0.158467,0.668975,0.595829,1.132040,-0.197804,0.236143
1.165310,1.803720,0.493916,0.321980,1.685800,2.953480,0.419155,0.583829,2.763310,1.466600,0.356304,0.263643,0.752681,0.623491,0.884556,-0.501780,0.193500
1.112150,1.534400,0.246006,0.154851,1.696940,2.807260,0.455704,0.703958,2.816130,1.502650,0.464490,0.354410,0.594130,0.645387,0.947947,-0.557661,0.154901
0.900923,1.903050,0.280342,0.201245,1.826170,2.932440,0.594666,0.559395,2.758400,1.491740,0.358229,0.350423,0.808042,0.786910,0.767624,-0.460404,0.130146
0.922189,1.650010,0.290743,0.188577,1.842190,3.060590,0.630550,0.515902,2.777000,1.520120,0.235348,0.178746,0.677166,0.838685,0.775281,-0.452049,0.219099
0.971207,1.634820,0.197547,0.249297,1.835090,2.886890,0.534725,0.819678,2.873170,1.299660,0.198342,0.267624,0.799801,0.698163,0.825269,-0.272431,0.125653
0.925280,1.809350,0.365866,0.400794,1.898010,3.123110,0.680935,0.793058,2.877310,1.309020,0.252613,0.125585,0.784747,0.712999,1.074280,-0.376250,0.093529
0.833267,1.561980,0.242625,0.486441,1.777690,3.156770,0.626815,0.879692,2.872850,1.294280,0.460906,0.027414,0.768787,0.603999,1.463970,-0.217449,-0.094496
0.912466,1.307630,-0.025881,0.662200,1.783500,3.142700,0.646710,0.792649,2.848140,1.178570,0.469670,-0.078461,0.733700,0.420372,1.635520,-0.085564,-0.172929
0.778079,1.361620,0.000109,0.368148,1.766080,2.991360,0.618766,0.816038,2.824240,1.176390,0.452764,-0.047877,0.640279,0.400729,1.760860,-0.284411,-0.300873
0.844713,1.276010,0.236102,0.701415,1.754280,3.025220,0.563485,0.749600,2.895030,1.289220,0.502193,-0.059373,0.671103,0.460528,1.694220,-0.071167,-0.286291
0.953395,1.381170,0.237581,0.964202,1.756770,2.631470,0.558907,0.689363,2.818900,1.123570,0.444799,-0.123290,0.565591,0.490658,1.664360,0.112599,-0.386824
0.964018,1.394340,-0.076081,0.778421,1.774000,2.736160,0.526123,0.575773,2.771670,1.276200,0.628994,-0.147802,0.591913,0.410141,1.799660,0.119201,-0.427369
1.084290,1.733910,-0.008038,0.608304,1.706370,2.588880,0.484598,0.657243,2.786430,1.063740,0.465047,-0.114666,0.433107,0.654207,1.911220,-0.127335,-0.385057
1.061520,1.506160,-0.015572,0.763246,1.734530,3.140560,0.570033,0.700695,2.677420,1.075390,0.388980,-0.091191,0.608132,0.668432,1.898420,-0.248922,-0.533078
1.081150,1.227380,0.057645,0.842362,1.761820,2.908710,0.482295,0.566607,2.702890,0.973439,0.447304,-0.172679,0.635494,0.531860,2.031760,0.252118,-0.585058
0.956147,0.874068,-0.061132,1.056130,1.717810,2.862840,0.439071,0.503842,2.679670,1.011020,0.474730,-0.222135,0.655902,0.580583,1.983470,0.241717,-0.463444
0.813662,0.782673,-0.268224,0.725733,1.704990,2.811610,0.481512,0.533211,2.685360,0.933029,0.443428,-0.195075,0.499369,0.536770,1.996110,0.162625,-0.477449
0.781690,0.698944,-0.159624,0.586403,1.671380,2.778220,0.406472,0.704498,2.794590,0.967312,0.283660,-0.420604,0.450394,0.447301,1.888420,0.280491,-0.429705
0.937081,0.784481,-0.355797,0.660341,1.622910,2.739630,0.392724,0.529952,2.672420,0.947584,0.229692,-0.284758,0.286746,0.410414,1.932090,0.218324,-0.414514
0.753027,0.630958,-0.287708,0.541960,1.608920,2.924630,0.218843,0.533802,2.716500,0.897982,0.236825,-0.311081,0.377645,0.312328,2.027410,0.055013,-0.370629
0.613429,0.635664,-0.141724,0.284059,1.576920,3.136180,0.332695,0.705929,2.755540,1.020200,0.224071,-0.270017,0.527644,0.255824,2.111640,0.270461,-0.166034
0.862879,0.598162,-0.089302,0.552571,1.559770,3.350880,0.247619,0.712088,2.739480,0.888333,0.143194,-0.073577,0.693564,0.229290,2.080030,0.200114,-0.233472
0.687600,0.551285,-0.147150,0.547565,1.593380,3.232540,0.313485,0.561386,2.740350,1.012140,0.325914,0.011842,0.439782,0.179467,2.084780,0.354833,-0.193153
0.650885,0.450467,-0.067190,0.434170,1.562770,3.354310,0.356122,0.760186,2.757870,0.919673,0.100249,-0.055280,0.567109,0.180460,2.056320,0.246692,-0.132686
0.746073,0.725339,-0.117505,0.574607,1.502430,3.299550,0.386982,0.633007,2.670510,0.696478,0.437668,-0.021475,0.815200,0.178212,2.106390,0.054029,-0.193715
0.605473,0.585902,-0.103460,0.424199,1.718370,3.442620,0.390806,0.624315,2.758140,0.796634,0.328805,-0.143558,0.497193,0.158026,2.146930,-0.008798,-0.285667
0.666504,0.494100,-0.109054,0.532749,1.528440,3.520140,0.362388,0.549099,2.671940,0.627696,0.274728,-0.202387,0.570243,0.253618,2.263860,0.063705,-0.263707
0.620257,0.547861,-0.249628,0.707886,1.557260,3.309060,0.287371,0.516221,2.666470,0.697386,0.260617,-0.072304,0.435233,0.227990,2.267840,0.189908,-0.257366
0.613912,0.668621,-0.430648,0.673246,1.428700,3.048200,0.084109,0.321443,2.605300,0.618461,0.418178,-0.013087,0.420128,0.252144,2.342060,0.412813,-0.182668
0.557773,0.469082,-0.459614,0.880271,1.469310,3.195090,0.182699,0.551304,2.565370,0.642633,0.207122,-0.332186,0.583484,0.331039,2.277090,0.322650,-0.263804
0.593195,0.509789,-0.568733,0.731916,1.421370,2.961780,0.238567,0.499700,2.619280,0.881320,0.320958,-0.207048,0.531860,0.341770,2.535000,0.271116,-0.202743
0.518611,0.401041,-0.191019,0.822958,1.534420,3.256490,0.338378,0.590349,2.648240,0.758236,0.413611,-0.375650,0.426113,0.299495,2.555280,0.247082,-0.147066
0.365892,0.194357,-0.145592,0.867411,1.428620,2.870700,0.222171,0.483886,2.560450,0.779262,0.458067,-0.442971,0.176977,0.243566,2.408310,0.780498,-0.126224
0.420281,0.074904,-0.328268,0.590315,1.424300,2.946910,0.108436,0.515679,2.592490,0.629006,0.533651,-0.315311,0.314065,0.162862,2.593840,0.723334,-0.005946
0.630098,0.285608,-0.073602,0.458263,1.476770,3.144530,0.168363,0.419377,2.513470,0.677672,0.466422,-0.395591,0.535974,0.269741,2.310980,0.555451,0.142324
0.486586,0.292967,0.073315,0.346171,1.531160,3.061570,0.271856,0.651613,2.585660,0.540864,0.332775,-0.612471,0.503535,0.175920,2.305410,0.588582,0.177162
0.377381,0.228390,-0.179870,0.410506,1.525280,2.959290,0.261303,0.500275,2.575670,0.599213,0.339564,-0.773845,0.692792,0.343081,2.299930,0.673524,0.277882
0.290167,0.021438,-0.145008,0.655637,1.409440,2.884620,0.209901,0.561636,2.577200,0.617741,0.344450,-0.640510,0.600662,0.185002,2.292440,0.524469,0.398453
0.405340,0.155578,-0.165140,0.766194,1.494230,2.483400,0.229830,0.358836,2.523960,0.513579,0.301861,-0.629891,0.696317,0.275793,2.415690,1.004910,0.201045
0.439714,0.354142,-0.223247,0.451113,1.427890,2.475780,0.337320,0.247958,2.470650,0.775774,0.216668,-0.643760,0.658669,0.269316,2.547530,0.742324,0.263254
0.392522,0.398962,-0.388698,0.469630,1.495900,2.375700,0.357015,0.387442,2.495260,0.796538,0.252128,-0.518578,0.560218,0.321751,2.286630,0.603335,0.246546
0.573319,0.616669,-0.131610,0.565560,1.501990,2.433940,0.392987,0.244620,2.444020,0.519357,0.300339,-0.567241,0.771883,0.262750,2.165480,0.335370,0.173003
0.592233,0.657613,-0.131301,0.484240,1.515640,2.404870,0.354465,0.101927,2.446080,0.669822,0.169246,-0.460067,0.738959,0.261684,1.997790,0.447549,0.289946
0.664283,0.455521,-0.231191,0.502021,1.495380,2.307260,0.366201,0.101287,2.415160,0.674131,0.179438,-0.475903,0.858696,0.294815,1.900890,0.351850,0.224390
0.608971,0.868671,-0.055009,0.316075,1.573920,2.430370,0.386771,0.130482,2.463860,0.601126,0.297973,-0.704364,0.741758,0.265095,1.768460,0.237414,0.165313
0.550617,0.757201,-0.342926,0.344203,1.530410,2.361610,0.514176,0.345276,2.429990,0.669189,0.193852,-0.870244,0.958815,0.325012,1.828860,0.459973,0.352578
0.416809,0.507894,-0.449950,0.351538,1.456360,2.388790,0.337843,0.153969,2.430690,0.626559,0.483881,-0.872053,0.905505,0.315495,1.832460,0.500805,0.423638
0.481187,0.687514,-0.268814,0.529065,1.448550,2.269600,0.524235,0.295398,2.500250,0.598070,0.233627,-0.802781,1.036330,0.387502,1.883400,0.450966,0.361506
0.520843,1.044910,-0.231903,0.502516,1.407380,2.585800,0.570157,0.125714,2.402460,0.637416,0.371638,-0.626931,0.938436,0.382403,1.745780,0.294431,0.538377
0.358192,0.701709,-0.119098,0.451765,1.515870,2.795550,0.616901,-0.018896,2.409010,0.704122,0.380147,-0.564954,0.906552,0.292900,1.677900,0.564963,0.552372
0.362092,0.658192,-0.214018,0.448884,1.489800,2.647020,0.586954,0.130748,2.377590,0.578767,0.343843,-0.518123,1.009370,0.297250,1.524070,0.474250,0.563589
0.496333,1.119960,-0.069666,0.429264,1.680910,2.572660,0.513886,0.097742,2.413500,0.543280,0.526102,-0.512022,0.744549,0.231023,1.804020,0.442644,0.684915
0.588139,0.869507,0.374948,0.542801,1.674250,3.051140,0.696772,0.113468,2.445220,0.532119,0.500654,-0.487611,0.796613,0.108314,1.941190,0.583862,0.691061
0.397442,0.935836,0.001443,0.347570,1.456630,2.910710,0.320971,0.002348,2.538170,0.507932,0.533169,-0.579057,0.506905,0.067622,1.945320,0.617939,0.716625
0.749601,1.012800,-0.021751,0.500746,1.425970,2.936570,0.440494,0.117463,2.528270,0.573347,0.540084,-0.537123,0.548208,0.090069,1.794950,0.692121,0.722189
0.726080,0.869610,-0.018826,0.300243,1.360130,2.747400,0.351914,-0.114689,2.508110,0.712222,0.564780,-0.587797,0.565438,0.122927,1.905040,0.669673,0.633304
0.815664,0.491241,-0.029881,0.413482,1.206290,2.752800,0.163991,0.191844,2.536030,0.774381,0.599777,-0.384831,0.488675,0.019227,2.034280,0.605979,0.778933
0.827914,0.645059,0.168124,0.876209,1.256400,2.792520,0.227371,0.078036,2.528860,0.752992,0.657183,-0.486690,0.548486,0.185391,1.959310,0.593564,0.584646
0.731630,0.656497,-0.050905,0.559685,1.294880,3.045900,0.304931,0.103079,2.587800,0.703259,0.665558,-0.461913,0.471525,0.095021,2.292600,0.777506,0.575441
0.441450,0.305575,-0.028437,0.617029,1.290610,2.701680,0.258265,0.193304,2.556650,0.459977,0.572355,-0.545481,0.557487,0.176406,2.447060,0.690202,0.361589
0.420241,0.435393,0.076994,0.796339,1.407310,2.921660,0.315652,0.301125,2.515860,0.507928,0.675906,-0.602051,0.476160,0.102992,2.442200,0.336310,0.274624
0.569568,0.299189,-0.075876,0.263977,1.464310,2.772950,0.173596,0.434377,2.518120,0.451412,0.479818,-0.535269,0.524332,0.327713,2.754730,0.493626,0.130975
0.794430,0.702672,-0.301070,0.159207,1.516380,2.802110,0.233641,0.466988,2.542240,0.316094,0.592363,-0.438290,0.418139,0.298864,2.702350,0.452006,0.560820
0.998056,1.152550,0.025598,0.248730,1.572980,2.198640,0.092680,0.526216,2.784950,0.808069,0.791637,-0.359037,0.409950,0.526395,2.759400,0.374263,1.385000
0.567986,0.775028,-0.402264,0.109309,1.497890,2.258050,-0.044062,0.353301,2.868120,1.041270,0.787584,-0.271920,0.506580,0.331055,2.962930,0.577769,1.720840
0.775037,0.703745,-0.171395,0.347293,1.414610,2.358890,-0.048787,0.337215,2.770630,0.928102,0.763777,-0.381175,0.616110,0.360202,2.710970,0.484219,1.876960
0.520731,0.651345,-0.485973,0.444839,1.275880,2.295560,-0.130430,0.190849,2.739480,0.882849,0.714873,-0.585213,0.276260,0.278762,2.787320,0.516270,1.974090
0.612144,0.372428,-0.169750,0.347015,1.253460,2.184440,0.046692,-0.231643,2.627540,0.436164,1.028510,-0.759516,0.066036,0.291666,2.396590,0.671848,1.764290
0.489552,0.510994,-0.482540,0.260464,1.218440,2.248000,0.179292,0.108253,2.487850,0.655823,1.061150,-0.379341,0.008366,0.283858,2.213710,0.714073,1.632390
0.719364,0.527443,-0.370331,0.307195,1.295570,2.112630,0.119861,-0.362251,2.527150,0.520517,0.885848,-0.386626,-0.015641,0.438702,2.001820,0.501003,1.387200
0.775615,0.522906,-0.357634,0.081411,1.273860,2.486090,0.157873,-0.155382,2.434580,0.585548,1.057900,-0.592002,0.030754,0.372269,2.152360,0.588042,1.546790
0.883878,0.563971,-0.224413,0.102507,1.348420,2.497230,0.332735,-0.102965,2.381340,0.490876,0.827925,-0.665957,0.165224,0.300248,2.055310,-0.029140,1.356920
0.840613,0.956787,-0.521651,-0.058575,1.115170,2.867960,0.391754,-0.115738,2.305580,0.475106,0.826420,-0.572982,0.190937,0.494120,1.864680,0.442699,1.105660
0.396217,0.515844,-0.657860,0.121098,1.197030,2.870160,0.552378,0.035037,2.407010,0.593074,0.765810,-0.718380,0.446084,0.411815,1.965520,0.774828,1.143520
0.328824,0.355619,-0.529050,0.226778,1.223610,2.863890,0.730371,-0.029876,2.387190,0.719807,0.716514,-0.716171,0.510652,0.497166,1.780970,0.874652,1.079760
0.280436,0.452573,-0.847786,0.030638,1.265280,2.689950,0.617861,0.345064,2.356070,0.842996,0.609514,-0.590869,0.632416,0.307093,1.755310,0.960382,1.214430
0.684863,0.470028,-0.675737,-0.078965,1.396170,2.801350,0.484511,0.245953,2.477590,0.766754,0.948832,-0.865472,0.481254,0.394092,1.980160,0.809630,1.323420
0.418630,0.376110,-0.703844,0.109280,1.466330,2.712360,0.389328,0.411022,2.441100,0.830789,0.541205,-1.039400,0.407482,0.332976,1.802360,0.795176,1.199800
0.993096,0.342588,-0.778427,0.024675,1.505960,2.478870,0.284505,0.471016,2.483210,0.829411,0.512356,-1.166980,0.178089,0.473039,1.987390,0.996423,1.199640
1.040570,0.117918,-0.640220,-0.300935,1.469600,2.054710,0.131360,0.368225,2.363970,0.933620,0.290896,-0.966521,0.276291,0.220042,1.988810,0.722347,1.214880
1.132820,0.366930,-0.685111,-0.215613,1.458880,2.092830,0.282645,0.352471,2.451300,1.000450,0.147640,-0.809598,0.174363,0.499587,1.941320,0.882350,1.016920
1.223120,0.268942,-0.736219,-0.264222,1.423330,1.887030,0.374028,0.334623,2.317050,0.931580,0.065470,-0.807965,0.044652,0.331448,1.711110,0.748351,1.066820
1.256690,0.416878,-0.727377,-0.092449,1.312920,2.388000,0.303008,0.382118,2.358670,0.840820,-0.099076,-0.913023,-0.072154,0.497303,2.252830,1.123880,0.923470
1.113740,0.218655,-0.685619,-0.118456,1.354280,2.209640,0.386677,0.262298,2.331970,0.832176,0.207346,-0.889711,-0.010294,0.309948,1.792950,0.996415,0.903937
1.073130,0.337660,-0.677780,0.110876,1.211670,2.191440,0.401488,0.285527,2.260620,1.040480,0.043893,-0.925596,0.518079,0.646195,1.909910,1.023250,0.853476
1.035410,0.398216,-0.648647,-0.044316,1.330640,2.317020,0.524736,0.511141,2.237980,1.096470,-0.006147,-0.809884,0.576223,0.510795,1.591340,1.049740,0.793059
1.076900,0.652251,-0.769142,0.301404,1.194290,2.512220,0.463622,0.335158,2.279770,0.862797,-0.088697,-0.930812,0.592561,0.598358,1.697730,0.806713,0.728838
0.923481,0.405675,-0.662434,0.235267,1.345260,2.545570,0.599190,0.500031,2.238050,0.824577,0.062154,-0.783784,0.202447,0.444173,1.672080,0.583662,0.534686
0.592800,0.212746,-0.704672,0.153289,1.236740,2.454170,0.595066,0.347360,2.149880,0.742787,0.140982,-0.691978,0.230585,0.518619,1.769700,0.773278,0.454582
0.580008,0.108056,-0.648690,0.082099,1.236970,2.752260,0.750436,0.644404,2.251220,0.856308,-0.112178,-0.404459,0.162042,0.472089,1.759540,0.534509,0.412137
0.568488,0.297824,-0.595299,0.292761,1.136190,2.397920,0.454473,0.346367,2.215190,0.654126,0.058428,-0.492991,0.022439,0.473630,1.998330,0.758831,0.249133
0.643200,0.358559,-0.511857,-0.074283,1.113070,2.523040,0.668596,0.434759,2.116680,0.651838,0.072303,-0.435665,0.128746,0.486147,2.081400,0.937487,0.232818
0.579279,0.546762,-0.277680,0.376592,1.143770,2.564580,0.476098,0.392605,2.188760,0.737330,0.179595,-0.600100,0.108406,0.414115,2.153440,0.670747,0.048751
0.861782,0.562541,-0.187258,0.192474,1.164040,2.659420,0.472857,0.434112,2.205100,0.739469,0.114414,-0.539171,0.187803,0.409810,2.051500,0.824939,-0.056198
0.924453,0.762315,-0.157561,0.093431,1.254590,2.504690,0.376526,0.514527,2.237270,0.712092,0.320157,-0.617227,0.158112,0.417648,2.088450,0.651302,0.006764
0.929234,0.512741,-0.249365,0.125753,1.326500,2.687530,0.442703,0.537236,2.277740,0.826140,0.262039,-0.702215,-0.026417,0.466263,2.149780,0.778718,-0.028036
0.926654,0.516686,-0.088919,0.310881,1.213200,2.489590,0.411736,0.360143,2.218190,0.717928,0.144082,-0.579775,0.247492,0.457931,2.455470,0.682445,-0.091142
1.081840,0.668510,0.067422,0.329134,1.230690,2.368410,0.404836,0.279718,2.201310,0.887212,0.228982,-0.407779,0.265969,0.442253,2.106700,0.355033,-0.066872
0.955918,0.407433,0.012896,0.409389,1.154280,2.518330,0.429054,0.164991,2.157690,0.975942,-0.064213,-0.348204,0.333419,0.468265,2.006690,0.398801,-0.116852
0.976518,0.743701,-0.007654,0.122354,1.213550,2.328280,0.430723,0.239674,2.216500,0.916924,0.187207,-0.243493,0.274157,0.411406,1.920980,0.732235,0.012035
1.147140,1.080330,-0.032099,0.525268,1.224670,2.624460,0.301552,0.302705,2.256040,1.034140,0.222642,-0.371092,0.557408,0.347383,1.985720,0.500466,0.052396
0.925735,0.805189,-0.101772,0.222292,1.237350,2.645620,0.307699,0.236722,2.189670,0.874776,0.126005,-0.322852,0.366495,0.528684,2.014650,0.621157,0.133383
0.794261,0.634046,-0.253500,0.488510,1.223910,2.658520,0.318053,0.350176,2.238270,0.841049,0.450917,-0.494509,0.505878,0.443953,1.905170,0.620864,0.375152
0.706287,0.724104,-0.050549,0.318146,1.283620,2.576360,0.312541,0.165876,2.303870,0.799726,0.274695,-0.257659,0.546957,0.412823,1.724480,0.561379,0.524478
0.636030,0.929491,-0.126442,0.144190,1.199710,2.436200,0.137460,-0.063740,2.264240,0.606686,0.163281,-0.495726,0.242098,0.410939,1.984040,0.500674,0.459454
0.552322,0.544803,-0.170478,0.005910,1.114490,2.683650,0.393281,-0.040802,2.166730,0.790866,0.318990,-0.565302,0.337838,0.496693,1.889450,0.447156,0.497699
0.707944,1.042660,0.021759,0.304495,1.116270,2.491530,0.305043,0.155342,2.238760,0.664783,0.301934,-0.586578,0.506230,0.522945,2.075380,0.626331,0.445924
0.714155,0.786889,-0.063456,0.428482,1.195300,2.720480,0.291005,0.034424,2.298410,0.645764,0.384835,-0.672055,0.336115,0.455459,1.932960,0.589228,0.469803
0.613970,0.840835,-0.285036,0.367831,1.285350,2.725730,0.397748,0.189908,2.322870,0.766305,0.497829,-0.558878,0.599196,0.437596,1.870930,0.770868,0.551416
0.605761,1.128130,-0.171405,0.494396,1.161220,2.566890,0.358947,0.169088,2.348910,0.775265,0.447209,-0.481047,0.804844,0.508560,1.871210,0.584163,0.554412
0.669095,1.134330,-0.190073,0.387220,1.200910,2.543220,0.226972,0.184325,2.360380,0.784503,0.453493,-0.897605,0.971941,0.408222,1.721980,0.744138,0.748761
0.814776,1.255720,-0.104576,0.267571,1.136180,2.596690,0.220165,-0.077069,2.397930,0.854801,0.648863,-0.900992,0.528759,0.343388,1.888520,0.236252,0.649071
0.940072,1.124800,0.068875,0.082396,1.236030,2.410010,0.072650,-0.121428,2.354630,0.919518,0.333966,-0.496844,0.725721,0.928718,1.084860,0.450197,0.707423
0.898670,1.092550,0.298425,0.010269,1.066490,2.360590,-0.067323,-0.295277,2.398460,0.863478,0.339340,-0.618002,0.661070,1.118400,1.042510,0.672886,0.765459
1.070700,1.378310,0.296161,0.069092,1.181430,2.568900,0.317092,-0.127871,2.351870,0.969669,0.313905,-0.819262,0.669200,1.050120,0.948382,0.345703,0.658845
0.831883,0.973598,0.126732,-0.114573,1.239250,2.771370,0.446892,-0.067951,2.410020,0.970114,0.382356,-0.387477,0.666811,0.915884,0.997968,0.335276,0.660184
0.834193,1.229060,0.215538,0.054198,1.274250,2.873190,0.295979,-0.074769,2.467910,0.823338,0.453610,-0.329676,0.896491,0.954584,0.818029,-0.076248,0.768892
0.809242,1.369580,0.313129,0.343578,1.414690,3.130920,0.339314,-0.218714,2.449090,0.722744,0.319125,-0.229920,0.936322,1.026200,0.879132,0.239844,0.686629
0.851313,1.069510,0.187120,0.293214,1.236940,2.765110,0.366670,-0.155801,2.428480,0.895669,0.424129,-0.409012,0.667997,0.939287,0.986368,0.429708,0.577156
0.691252,0.882012,0.342415,0.334890,1.237790,2.903000,0.414728,-0.120710,2.413850,0.687008,0.343693,-0.253497,0.655882,1.015430,0.956902,0.793017,0.596070
0.708981,0.905986,0.221884,0.078874,1.222180,2.652550,0.322650,-0.058581,2.473190,0.870827,0.447339,-0.191024,0.698755,0.930558,0.928121,0.562939,0.498576
0.855498,1.177070,0.229547,0.401460,1.380560,3.372410,0.527408,0.053905,2.388870,0.858510,0.600237,0.152109,0.941666,0.985057,0.660872,0.333942,0.441128
0.846109,1.364800,0.377351,0.156733,1.217950,2.828970,0.277808,-0.065823,2.575400,1.187880,0.621692,0.192831,0.816644,1.075260,0.905955,0.538555,0.290383
1.061490,1.129220,0.360968,0.342439,1.369690,2.982990,0.254323,-0.064982,2.516140,1.163720,0.567774,0.209172,0.982653,1.010230,0.907493,0.344308,0.326252
1.095580,0.901914,0.069436,0.283282,1.318980,2.681840,0.244309,0.103845,2.689620,1.127110,0.616147,0.290436,0.879515,0.944772,0.883129,0.390954,0.295726
0.875334,0.939816,0.287234,0.329885,1.318760,3.077760,0.210756,0.075914,2.587810,1.235780,0.316214,0.151166,0.914235,1.008600,0.853406,0.365099,0.282541
0.877354,0.781330,-0.026652,0.565201,1.283490,3.035600,0.195469,-0.114164,2.490120,1.083130,0.318174,0.151464,0.723788,1.094600,0.763860,0.162066,0.078234
0.979471,0.791003,0.277679,0.385478,1.290040,3.019310,0.096193,-0.198495,2.539420,1.125000,0.298095,0.091181,0.576812,0.975240,0.911510,0.153654,0.035470
0.894859,0.375568,-0.140835,0.646139,1.114030,2.819460,0.084447,-0.148800,2.545500,0.629840,0.399383,-0.261256,0.347612,0.623394,1.938990,0.248646,-0.169218
0.964027,0.431969,-0.086452,0.858544,1.213600,3.171620,0.032381,0.065201,2.584300,0.486246,0.808364,-0.305902,0.260432,0.324255,1.985190,0.293554,-0.287162
0.685048,0.253992,-0.167802,0.643879,1.210600,2.885420,-0.072039,0.049737,2.668790,0.565801,0.710132,-0.418886,0.219653,0.349872,2.301520,-0.016605,-0.139757
0.804216,0.624704,-0.330138,0.692171,1.187980,2.655430,-0.213582,-0.046067,2.508750,0.477838,0.547017,-0.263709,0.451449,0.562041,2.155660,0.450632,-0.347746
0.691858,0.437271,-0.075166,0.484463,1.122190,2.542760,-0.250528,0.091511,2.570200,0.526025,0.430318,-0.255656,0.358178,0.448586,1.980040,0.397542,-0.159243
0.793425,0.626538,0.010687,0.450500,1.070750,2.620180,-0.167423,0.090633,2.528320,0.575859,0.353158,-0.309383,0.231524,0.355935,1.845530,0.402461,-0.258100
0.816733,0.472975,-0.100933,0.228293,1.107000,2.762610,-0.203729,0.285852,2.577960,0.671794,0.311784,-0.388525,0.465894,0.382846,1.914070,0.563985,-0.105564
0.570131,0.219101,-0.050406,0.481445,1.187700,2.780260,-0.213285,0.411202,2.607090,0.746423,0.354686,-0.423430,0.493983,0.326929,1.947490,0.669584,0.308636
0.909808,0.652806,-0.066295,0.519128,1.240650,2.834030,-0.139729,0.346040,2.595790,0.832008,0.471089,-0.342746,0.553815,0.332956,1.974060,0.530336,0.128691
0.974886,0.469164,-0.171621,0.653203,1.142890,2.624820,-0.365510,0.363974,2.645630,1.058670,0.584841,-0.281148,0.710906,0.640672,2.279720,0.409763,0.323461
1.115830,0.665422,0.053083,0.428467,1.181440,2.753840,-0.383485,0.268523,2.508160,0.806773,0.543651,-0.604859,0.750128,0.383379,1.967410,0.594939,0.151185
0.911729,0.750368,0.181035,0.548568,1.349990,2.823200,-0.197111,0.289337,2.554070,0.960328,0.435233,-0.490787,0.682238,0.473864,1.986250,0.622572,0.253235
0.887460,0.404912,-0.029488,0.313494,1.236130,2.809710,-0.176385,0.313475,2.593540,1.077080,0.411509,-0.556454,0.382819,0.461729,1.996990,0.618170,0.225121
0.656559,0.741183,0.001432,0.350637,1.291110,2.749250,-0.144255,0.085771,2.488890,0.923906,0.377455,-0.418768,0.412496,0.496956,2.145650,0.772418,0.244079
0.623904,0.549617,-0.017596,0.359406,1.320820,2.973360,0.043456,0.168027,2.510310,0.829466,0.270338,-0.377136,0.574990,0.428770,2.148320,0.524605,0.190360
0.634058,0.782042,-0.207042,0.486409,1.330120,2.848860,-0.135058,0.329810,2.512080,0.752324,0.206380,-0.327447,0.409720,0.396282,2.029490,0.930329,0.176559
0.668786,0.760177,-0.208802,0.364533,1.329240,2.724340,0.108463,0.391465,2.478910,0.843253,0.266567,-0.367900,0.674785,0.489851,1.908220,0.780727,0.132967
0.639519,0.632782,-0.092311,0.322667,1.354830,2.610640,0.011695,0.373832,2.446980,0.775151,0.278565,-0.527159,0.560178,0.622475,1.971710,0.761528,0.134001
0.854864,0.960281,-0.076175,0.215649,1.373890,2.737510,0.260929,0.494447,2.398530,0.904048,0.424552,-0.572463,0.679111,0.429507,1.969720,0.530003,0.132030
0.508769,0.496969,-0.149804,0.230973,1.327500,2.583740,0.097372,0.510174,2.429540,0.664214,0.317011,-0.416860,0.431309,0.465652,1.941480,0.868891,0.241356
0.454064,0.352575,-0.221025,0.396072,1.331170,3.074300,0.151691,0.518569,2.433260,1.002110,0.365464,-0.503578,0.550296,0.418187,1.947670,0.939482,0.228925
0.393267,0.518432,-0.146303,0.275329,1.353810,2.953490,0.154389,0.539456,2.476510,0.882247,0.444331,-0.361271,0.499743,0.354707,1.894210,0.838096,0.259947
0.610048,0.758609,-0.238290,0.321458,1.306170,2.854600,0.173900,0.425574,2.453430,0.694816,0.245496,-0.294884,0.704918,0.399173,2.114110,0.627289,0.340425
0.673433,0.539513,-0.118233,-0.008711,1.467980,3.287830,0.225164,0.523457,2.546000,0.951600,0.365401,-0.392824,0.529994,0.398137,1.849270,0.763172,0.752667
0.556484,0.479042,0.111672,-0.075139,1.483770,3.218230,0.409369,0.613871,2.579950,0.960927,0.363186,-0.442893,0.496307,0.344098,1.879520,0.567638,1.648040
0.722255,0.514931,0.142835,0.089525,1.473890,3.350860,0.333203,0.646948,2.715820,0.996739,0.409449,-0.582326,0.477092,0.207309,2.024270,0.818880,2.236460
0.858095,0.719117,0.175758,-0.224285,1.373620,3.237790,0.307575,0.718298,2.766240,1.300200,0.619579,-0.591608,0.617405,0.006198,1.959220,0.869184,2.699740
0.841562,0.686236,0.068908,-0.164125,1.360990,2.800300,0.221929,0.579177,2.741940,1.235490,0.587078,-0.599794,0.557059,-0.001102,2.169580,0.960096,2.638360
0.842095,0.291155,0.273046,-0.220808,1.318070,2.943250,0.096265,0.643277,2.798680,1.200020,0.684124,-0.405017,0.492099,-0.114014,1.917820,0.645118,2.790050
0.695632,0.540932,0.083175,-0.325782,1.327340,3.295950,0.107763,0.685178,2.724860,0.978793,0.485196,-0.374011,0.292779,-0.071346,1.858510,0.890369,2.393700
0.626825,-0.186481,0.028841,-0.311044,1.578930,3.730140,-0.003680,0.729725,2.705880,0.961029,0.418913,-0.449112,0.251980,0.122178,1.929000,0.559572,1.947190
0.803594,0.330434,-0.157941,-0.140754,1.642800,3.755430,0.128912,0.553113,2.561350,0.767881,0.435604,-0.341848,0.279226,0.222096,1.810660,0.610889,1.708750
0.854699,0.233588,-0.025310,-0.013193,1.651440,3.687930,0.046952,0.550824,2.514730,0.952785,0.549392,-0.252082,0.274886,0.163859,1.880900,0.806473,1.415840
0.579937,0.291403,-0.034700,0.196771,1.613680,3.847540,0.177275,0.601782,2.587270,1.040430,0.644460,-0.258063,0.305536,0.105596,1.709380,0.583465,1.222050
0.573799,0.121503,0.127699,0.123358,1.552050,3.694770,0.079592,0.479267,2.580970,0.731101,0.604862,-0.406204,0.511833,0.047296,1.936630,0.258678,0.959326
0.633804,0.193318,0.169908,0.417923,1.424250,3.529310,0.148923,0.403795,2.508090,0.783481,0.584613,-0.283780,0.392329,0.045336,2.023730,0.555815,0.668553
0.375132,0.221907,0.302562,0.395280,1.530880,3.776450,0.130779,0.551136,2.677790,0.815256,0.714715,-0.329802,0.443811,0.057272,2.109410,0.711057,0.712979
0.560911,0.414886,0.173746,0.329605,1.497430,3.583330,0.163972,0.221107,2.531370,0.553565,0.739011,-0.338451,0.300703,0.080735,2.077790,0.570788,0.696685
0.617364,0.301579,0.260034,0.438144,1.424200,3.339840,0.134921,0.275204,2.513090,0.706902,0.593317,-0.208829,0.459124,0.058012,2.115570,0.569554,0.664576
0.569967,0.090724,0.205848,0.262249,1.381920,3.529670,0.069086,0.229040,2.573300,0.789472,0.557675,-0.394704,0.339378,0.092842,2.110010,0.489156,0.685015
0.659978,0.529172,0.341608,0.261635,1.397040,3.366430,0.087625,0.148264,2.493320,0.501183,0.607128,-0.317969,0.334479,0.225055,1.991360,0.481128,1.073020
0.583291,0.450126,0.564835,0.193493,1.388070,3.431570,0.154682,0.301424,2.507340,0.696460,0.520795,-0.337674,0.327855,0.284131,1.915250,0.638330,1.387070
0.853602,0.578192,0.411494,-0.310682,1.350900,3.537690,0.039014,0.164332,2.520190,0.830111,0.489648,-0.085432,0.458281,0.615300,1.196290,0.342463,2.177600
0.655133,0.421904,0.494319,-0.310920,1.232910,3.245900,-0.037824,0.129260,2.617460,0.769596,0.323769,-0.292209,0.611460,0.569514,1.220680,0.356150,2.405330
0.498670,0.450326,0.573369,-0.117175,1.283800,3.176120,-0.039691,0.153153,2.591000,0.693689,0.081887,0.065208,0.636285,0.550301,1.260050,0.320192,2.427260
0.503381,0.481274,0.500438,-0.241582,1.223310,3.012330,-0.061705,0.243459,2.648080,0.885824,0.132397,0.048974,0.598637,0.599119,1.311470,0.424709,2.361260
0.659555,0.600347,0.673550,-0.146234,1.284530,3.317810,0.068151,0.203272,2.555480,0.745837,0.388949,0.127041,0.490175,0.638518,1.085180,0.403676,2.006540
0.546899,0.624668,0.900502,0.120909,1.403740,3.788310,0.173417,0.087047,2.445370,0.906188,0.423775,0.075141,0.359806,0.689353,1.073740,0.270480,1.555060
0.495979,0.686752,0.858922,-0.036281,1.345530,3.833210,0.170025,0.068161,2.478000,0.891678,0.255490,0.113644,0.391189,0.684775,0.864587,0.380397,1.344660
0.372006,0.469443,0.529362,0.092776,1.244740,3.863390,0.147736,-0.029617,2.340140,0.818066,0.332071,0.200031,0.203247,0.776213,1.018150,0.294739,1.111830
0.495729,0.517319,0.295770,0.085958,1.114690,3.482700,0.118533,-0.241311,2.257340,1.050420,0.284932,0.337170,0.162551,0.759523,0.911181,0.361724,1.055520
0.463641,0.473795,0.376563,0.212226,1.094580,3.709770,0.050880,-0.218598,2.095100,0.994452,0.381502,0.254337,0.093394,0.778032,0.812331,0.391118,0.784436
0.269329,0.102626,0.254211,0.172246,0.903416,3.502140,-0.021117,-0.461613,2.026050,0.982635,0.380575,0.246853,0.096570,0.872471,0.646330,0.856251,0.754683
0.324758,0.269881,0.139517,0.203048,0.857968,3.459560,0.065411,-0.432818,1.999410,1.028310,0.151837,0.346515,0.125495,0.908377,0.399013,0.919831,0.700114
0.503707,0.370654,0.251463,0.466553,0.675378,3.160190,-0.025327,-0.723923,1.794990,1.028610,0.123988,0.289258,0.323333,1.057790,0.272070,0.791890,0.528303
0.313266,0.456631,0.074486,0.261167,0.511260,3.206230,0.030138,-0.733274,1.684490,0.919897,0.143642,0.417059,0.061069,1.161710,0.123333,0.760899,0.406269
0.420007,0.482361,0.028171,0.317899,0.355206,3.074130,-0.020475,-1.129410,1.581030,0.932898,-0.093840,0.486067,0.269168,1.254120,-0.078486,0.545882,0.365797
0.190392,0.415053,-0.120887,-0.027823,0.320072,3.055770,0.096719,-0.924883,1.562170,1.089510,-0.096949,0.535937,0.119485,1.289850,-0.191306,0.899997,0.338694
0.629290,0.603323,0.198382,0.228537,0.333074,2.743270,-0.052641,-1.023440,1.501900,0.993565,-0.037573,0.448096,0.147728,1.351610,-0.254930,0.722883,0.394271
0.403298,0.666414,0.136302,0.182060,0.247280,2.937030,0.011357,-1.148190,1.373300,0.897921,0.031534,0.511986,0.146790,1.348900,-0.491920,0.584764,0.281284
0.423107,0.594394,0.420703,0.188328,0.215898,2.851430,0.034406,-1.109030,1.411590,1.077430,-0.018875,0.584126,0.094040,1.369860,-0.422171,0.661054,0.351409
0.470659,0.788575,0.199933,0.167620,0.217819,2.733950,0.097564,-1.164320,1.380480,1.141180,-0.059315,0.629050,0.135093,1.468170,-0.620743,0.692066,0.234308
0.333344,0.670633,0.176283,-0.047680,0.217694,2.658330,0.023879,-1.238210,1.316970,0.942450,-0.102773,0.595519,0.071428,1.498030,-0.459053,0.808510,0.300435
0.532115,0.811781,0.095151,0.285419,0.174422,2.558000,0.006298,-1.099650,1.343290,1.099400,0.017540,0.405136,0.217242,1.489000,-0.411224,0.728900,0.237037
0.610516,0.669561,0.207969,0.145558,0.157281,2.534680,-0.044178,-1.231220,1.312070,1.089970,-0.052106,0.371849,0.187466,1.510760,-0.528982,0.843528,0.337273
0.732012,0.892737,0.044329,0.008855,0.223624,2.803270,0.063867,-1.189910,1.337100,0.964283,-0.040974,0.638751,0.273150,1.499960,-0.428447,0.515455,0.272060
0.719700,0.896945,0.171611,0.124018,0.154597,2.739560,0.023452,-1.300830,1.340890,1.022970,0.123931,0.612763,0.083012,1.548930,-0.404107,0.612628,0.309904
0.675184,0.737595,-0.065821,0.407762,0.068959,2.612240,-0.055986,-1.323870,1.366450,0.987538,0.089953,0.661218,0.139283,1.530350,-0.390256,0.486755,0.262464
0.750944,0.718267,-0.231812,0.549529,-0.035174,2.534510,-0.014592,-1.242350,1.329360,1.092390,0.171026,0.689938,0.172547,1.582100,-0.537744,0.578970,0.169693
0.809544,0.799797,0.125259,0.501372,-0.017460,2.666890,-0.098396,-1.162800,1.355000,1.103070,0.197015,0.703613,0.160246,1.495020,-0.484050,0.509131,0.298735
0.759357,0.785111,-0.038050,0.450918,0.036507,2.695760,-0.009309,-1.284570,1.333390,1.247850,-0.042337,0.867151,0.172638,1.546220,-0.484688,0.506690,0.234792
0.609356,0.483997,-0.350185,0.479861,-0.014179,2.582650,-0.168781,-1.197310,1.358340,1.070120,0.120697,0.751854,0.106992,1.526960,-0.542457,0.659559,0.293400
0.643216,0.513353,-0.319867,0.375782,-0.020784,2.806990,-0.165338,-1.175200,1.354270,1.228640,0.195834,1.017940,0.025543,1.567800,-0.651215,0.860260,0.376307
0.769803,0.635889,-0.328733,0.674745,-0.007876,2.571540,-0.182025,-1.256040,1.259790,1.082860,0.038906,0.968719,0.002976,1.577690,-0.548664,0.720498,0.283320
