AU01,AU02,AU04,AU05,AU06,AU07,AU09,AU10,AU12,AU14,AU15,AU17,AU20,AU23,AU25,AU26,AU45
3.364160,0.877827,-2.071850,3.740920,0.364893,-0.252343,0.318416,0.731789,0.499633,-0.672721,1.021640,1.227520,1.194410,2.891670,0.054014,0.798719,0.305212
2.770760,1.560200,-2.058030,3.910280,-1.416180,-0.625207,0.149835,-1.831710,-0.393023,-0.168301,0.225741,-0.265813,1.515670,3.802170,-1.047350,1.351320,-0.432667
0.628196,1.166030,-1.993530,2.280210,-1.131590,-1.161280,-0.024624,-1.808940,0.369486,0.704949,0.423813,-0.098543,-0.034091,1.207210,-1.686010,0.301976,-0.028017
0.515105,1.452560,-1.685610,2.523050,-1.064280,-1.252100,-0.007915,-1.820760,0.363422,0.775120,0.476064,0.033126,-0.072638,1.290150,-1.486940,0.348317,0.061728
0.460460,1.527200,-1.861990,2.148060,-1.085960,-1.317480,-0.112119,-1.809200,0.337217,0.823344,0.454345,0.176653,0.001047,1.320970,-1.521410,0.387154,0.120927
0.430190,1.640800,-1.866870,2.139260,-1.118750,-1.227410,0.020151,-1.842440,0.313037,0.877012,0.315969,0.033099,0.042173,1.334390,-1.546670,0.355068,0.080413
0.386808,1.877070,-1.836950,2.173750,-1.083210,-1.197670,-0.036401,-1.790890,0.311378,0.991138,0.404330,0.044461,0.015523,1.331270,-1.587270,0.238018,0.022825
0.445842,1.788420,-1.874200,2.309810,-1.126580,-1.628950,-0.109787,-1.762750,0.310805,1.126300,0.382514,0.011905,0.100507,1.295630,-1.647880,0.286573,0.018984
0.517695,1.958140,-1.788550,2.413530,-1.042390,-1.497310,-0.105707,-1.749640,0.338494,1.130830,0.326711,0.006262,0.035001,1.305110,-1.698920,0.226954,0.029818
0.631454,1.807920,-1.918060,2.244390,-1.130490,-1.502610,-0.218737,-1.817080,0.340175,1.190730,0.404071,0.029137,-0.026175,1.296360,-1.636560,0.136078,-0.091663
0.503236,1.870630,-1.852030,2.007030,-1.103810,-1.232980,-0.125393,-1.733480,0.367484,1.151580,0.256309,0.124192,-0.018667,1.236720,-1.619990,0.156660,0.025575
0.449749,1.667690,-1.962170,1.946470,-1.056210,-1.404840,-0.069305,-1.844050,0.348732,1.114640,0.293984,-0.006610,-0.092765,1.290810,-1.725950,0.159717,-0.064224
0.464151,1.756480,-1.830300,1.933780,-1.104780,-1.157540,-0.035973,-1.744430,0.389929,1.111390,0.455853,0.224259,-0.122063,1.300720,-1.696090,0.208651,-0.036353
0.437053,1.453210,-1.881790,1.728470,-0.949993,-1.153910,-0.166287,-1.700120,0.397232,1.051640,0.353093,0.311978,0.043825,1.278950,-1.670240,0.223226,0.043267
0.380319,1.360570,-1.798460,1.902190,-1.049720,-1.449640,-0.065846,-1.795880,0.383119,1.294020,0.310783,0.211235,0.016326,1.274310,-1.592830,0.184730,0.006287
0.370033,1.234390,-1.867890,1.792090,-0.865328,-1.231690,-0.115234,-1.779290,0.505755,1.266200,0.344461,0.123884,0.067067,1.218680,-1.499180,0.088657,-0.018098
0.422815,1.212000,-1.757960,1.854790,-0.895135,-1.346830,-0.099987,-1.887370,0.479997,1.248000,0.201225,-0.016386,0.022333,1.184160,-1.522740,0.282811,0.076572
0.418203,1.398070,-1.845800,2.050810,-0.882631,-1.355340,-0.104354,-1.858720,0.601480,1.212800,0.220330,0.067970,0.073781,1.156380,-1.410370,0.364598,-0.014111
0.517697,1.431120,-1.766010,2.286180,-0.889893,-0.788321,-0.116240,-1.704510,0.596877,1.147820,0.187163,0.237858,0.067735,1.140710,-1.418270,0.036505,-0.027050
0.548806,1.684810,-1.636710,2.375590,-0.925895,-0.959740,-0.087794,-1.777300,0.711980,1.191520,0.054015,0.287810,0.036633,1.232660,-1.382170,0.040785,-0.019210
0.486050,1.505280,-1.582380,2.227800,-0.854614,-0.735790,-0.170144,-1.705220,0.761168,1.227030,0.260150,0.202789,0.288346,1.225640,-1.331380,0.122735,-0.030569
0.524461,1.673710,-1.651720,2.299070,-0.846407,-0.647757,-0.134876,-1.600040,0.830024,1.423630,0.136475,0.154565,0.192063,1.275180,-1.289880,0.065976,-0.067437
0.661282,1.917470,-1.560430,2.405990,-0.883070,-1.044250,-0.118569,-1.639800,0.858888,1.271800,0.007821,0.273049,0.115832,1.312800,-1.095350,-0.030441,-0.041433
0.527410,1.206380,-1.691690,2.340950,-0.778136,-0.664900,-0.025114,-1.614380,0.935968,1.236640,-0.019248,0.345392,0.060839,1.283480,-1.205760,0.050712,0.017847
0.437190,1.500360,-1.612260,1.954960,-0.727574,-0.771566,-0.080497,-1.658010,0.985521,1.257510,0.048365,0.550756,0.098895,1.252910,-1.240360,0.161765,0.032625
0.596373,1.340060,-1.709320,2.221020,-0.751816,-0.619058,-0.088753,-1.712090,0.947389,1.268850,-0.050472,0.457266,0.313775,1.289190,-1.294670,0.110012,0.060026
0.312865,1.032940,-1.574520,1.627420,-0.696759,-0.782648,-0.022390,-1.792860,1.122040,1.381980,0.324299,0.486305,0.134821,1.309680,-1.120850,0.351248,0.018743
0.356911,1.029340,-1.691510,1.781480,-0.634717,-0.501242,-0.064701,-1.638780,1.166880,1.412670,0.271734,0.504131,0.253308,1.391000,-1.160730,-0.019132,0.032305
0.447363,1.255360,-1.766160,1.787270,-0.720181,-0.826314,-0.131863,-1.589630,1.194220,1.586410,0.259101,0.611241,0.210389,1.470510,-1.067820,0.352850,0.010676
0.360887,1.256150,-1.874000,1.923740,-0.704237,-0.746632,-0.169006,-1.459500,1.344980,1.620880,0.406639,0.603033,0.213963,1.516040,-0.947838,0.365527,0.091861
0.312082,1.147080,-1.830730,2.021000,-0.671677,-0.822557,-0.119335,-1.477180,1.326820,1.537230,0.280409,0.746210,0.358132,1.552060,-1.059630,0.219182,0.113853
0.410509,1.044890,-1.613880,1.805450,-0.615605,-0.487454,-0.228056,-1.553100,1.477640,1.635520,0.153948,0.863633,0.357721,1.572100,-1.043190,0.214947,0.202254
0.358504,0.973580,-1.630110,1.723330,-0.537257,-0.381698,-0.231195,-1.437370,1.580460,1.562810,0.174553,0.760037,0.387320,1.517300,-0.882224,0.112202,0.216014
0.472431,1.050340,-1.750620,1.561390,-0.486215,-0.282185,-0.231739,-1.323480,1.661100,1.678710,0.066296,0.690932,0.393808,1.519380,-0.755033,0.247246,0.191162
0.369374,0.881994,-1.692930,1.788240,-0.489280,-0.135858,-0.203777,-1.260450,1.624260,1.579850,0.085232,0.461161,0.299399,1.404310,-0.841096,0.445144,0.165466
0.156654,0.984649,-1.734430,1.815950,-0.337519,-0.390321,-0.156979,-1.220400,1.724920,1.590140,0.046714,0.456168,0.400903,1.455140,-0.855066,0.154913,0.142020
0.311644,1.159620,-1.800420,1.880140,-0.426994,-0.289228,-0.177117,-1.232710,1.734210,1.590950,0.197774,0.285558,0.324991,1.380290,-0.702013,0.338997,0.106085
0.318591,1.281600,-1.822360,1.793720,-0.490584,-0.731244,-0.240231,-1.363370,1.730830,1.630350,0.118029,0.368835,0.317937,1.397530,-0.861215,0.172248,0.136205
0.273562,1.364590,-1.842910,1.448180,-0.452813,-0.679650,-0.377281,-1.280610,1.795570,1.559250,0.210577,0.169186,0.517664,1.329760,-0.712412,0.290166,0.278689
0.145830,1.143280,-1.829740,1.804870,-0.521058,-0.805626,-0.343900,-1.474710,1.813690,1.385440,0.235240,0.254271,0.526331,1.246080,-0.813244,0.188648,0.314518
0.333160,1.463960,-1.938040,1.450430,-0.452867,-0.485770,-0.391977,-1.427500,1.759980,1.454130,0.168657,0.100874,0.394331,1.297340,-0.669973,0.201227,0.344058
0.363864,1.183620,-1.670120,1.675390,-0.440965,-0.737600,-0.313571,-1.365040,1.797770,1.466120,0.237489,0.058905,0.419551,1.222840,-0.696322,0.166599,0.301183
0.245968,0.988724,-1.870610,1.776730,-0.452823,-0.909188,-0.328752,-1.415370,1.848210,1.377960,0.257848,0.195391,0.481282,1.255410,-0.620735,-0.013454,0.303592
0.438144,1.352910,-1.738460,2.084310,-0.401110,-0.404750,-0.229980,-1.422780,1.825970,1.542490,0.255219,0.012026,0.489264,1.144850,-0.556069,0.038679,0.335972
0.347712,1.421080,-1.751740,2.077670,-0.289773,-0.562158,-0.239977,-1.286320,1.877020,1.580100,0.304927,0.050615,0.753721,1.143440,-0.710678,-0.014234,0.222986
0.368707,1.579700,-1.670170,1.936950,-0.374404,-0.469192,-0.298946,-1.411860,1.862230,1.391210,0.273473,0.160733,0.469856,1.103660,-0.543223,-0.006541,0.306831
0.376473,1.480000,-1.671670,2.033380,-0.383281,-0.508527,-0.261111,-1.428310,1.869820,1.529420,0.314966,0.114232,0.687254,1.215290,-0.588465,-0.117562,0.235236
0.335939,1.424620,-1.897400,1.942240,-0.447128,-0.560317,-0.238134,-1.275270,1.860100,1.475860,0.319791,0.118125,0.606807,1.135400,-0.637019,-0.092345,0.300737
0.512189,1.606910,-1.822830,1.871870,-0.373780,-0.549431,-0.147493,-1.153710,1.869580,1.583970,0.129195,0.077500,0.492002,1.125300,-0.659366,0.105993,0.191910
0.313266,1.395940,-1.854090,1.943550,-0.387703,-0.455662,-0.256389,-1.176510,1.910950,1.644420,0.323672,0.113011,0.557193,1.139880,-0.557574,0.144578,0.184169
0.239327,1.509820,-1.968460,1.992810,-0.442025,-0.615590,-0.196187,-1.202470,1.914310,1.502870,0.396475,-0.052236,0.670324,1.192150,-0.568325,-0.080133,0.143626
0.227488,1.210460,-2.023350,1.998570,-0.459890,-0.736816,-0.237934,-1.175850,1.930290,1.457660,0.403855,0.108262,0.399174,1.218700,-0.367411,0.076849,0.192142
0.222528,1.108380,-1.959390,2.109400,-0.491480,-0.480087,-0.241673,-1.251790,1.948660,1.458640,0.370641,0.022750,0.526725,1.168750,-0.473554,-0.179855,0.194734
0.274704,1.236010,-2.084590,2.268920,-0.368338,-0.444998,-0.235852,-1.178370,1.957310,1.463420,0.309999,-0.118049,0.675206,1.142090,-0.455937,-0.193135,0.180295
0.381912,1.387290,-2.037760,2.098580,-0.280043,-0.582982,-0.037503,-1.068490,2.033010,1.423180,0.414787,0.124030,0.394469,1.169530,-0.607877,-0.084896,0.102608
0.441954,1.522450,-2.049180,2.241850,-0.319872,-0.447705,-0.046041,-1.097430,2.048430,1.450830,0.339203,-0.096334,0.385225,1.149520,-0.530885,-0.107143,0.148699
0.360155,1.463730,-2.165430,2.051830,-0.210112,-0.296920,-0.127702,-1.073430,2.068440,1.538610,0.495473,0.117953,0.666062,1.146190,-0.449531,0.082133,0.163122
0.363717,1.640840,-2.114390,2.287230,-0.270810,-0.664801,-0.119219,-0.902327,2.094340,1.327890,0.606260,-0.025777,0.617115,1.154180,-0.512638,0.041864,0.224721
0.566042,1.614390,-2.078540,2.304710,-0.184196,-0.531205,-0.074963,-1.051370,2.124030,1.292250,0.635788,0.067408,0.599762,1.126830,-0.413370,0.127997,0.135258
0.330200,1.407350,-1.882020,2.459550,-0.019018,-0.800115,-0.054418,-0.929140,2.264180,1.449490,0.442220,-0.016790,0.590576,1.120640,-0.460807,0.238793,0.242868
0.357403,1.488030,-1.992300,2.347280,0.074554,-0.537405,-0.160630,-0.823615,2.329130,1.356630,0.519482,-0.136770,0.759249,1.021270,-0.378307,-0.016299,0.184792
0.421051,1.349220,-1.872100,2.122580,0.057797,-0.677171,-0.151406,-0.771178,2.291920,1.387710,0.750507,-0.114088,0.674958,1.002960,-0.240767,-0.114796,0.197656
0.262334,1.160220,-2.028640,2.381530,0.063716,-0.575773,-0.128176,-0.663274,2.342310,1.343440,0.414330,-0.025693,0.622538,0.975971,-0.265760,-0.128252,0.131845
0.362409,1.272180,-1.993820,2.313130,0.020667,-0.823172,-0.211676,-0.682807,2.362370,1.417640,0.435985,0.035759,0.559942,1.031450,-0.422961,-0.023234,0.247924
0.290412,1.223710,-1.858350,2.358580,0.073616,-0.608398,-0.090530,-0.695856,2.294680,1.316170,0.358833,-0.125298,0.493800,0.985708,-0.376073,-0.019935,0.181161
0.298018,0.910597,-1.952810,2.164080,0.061939,-0.447047,-0.067965,-0.739226,2.325020,1.430400,0.403957,0.146519,0.399276,1.036410,-0.279869,0.024344,0.180690
0.316697,1.002520,-1.988030,2.031930,0.137227,-0.237244,-0.093306,-0.754568,2.339150,1.484600,0.333521,0.001549,0.401840,1.006640,-0.125980,-0.203742,0.234496
0.481651,1.315940,-1.933740,2.139210,0.213726,-0.428533,0.015866,-0.711708,2.374870,1.579310,0.492246,0.054802,0.338963,1.029760,-0.196750,0.179285,0.261504
0.418963,1.139020,-1.895460,2.161090,0.214968,-0.471844,-0.019739,-0.813620,2.353560,1.433380,0.241616,-0.047298,0.298699,1.022170,-0.121119,0.130920,0.250443
0.331110,1.252750,-2.051460,2.260880,0.190711,-0.246032,0.081287,-0.624665,2.354310,1.553080,0.287573,-0.060309,0.293277,1.019710,-0.222621,0.201812,0.176876
0.436588,1.510360,-1.961630,2.290660,0.185613,-0.271585,0.050938,-0.587992,2.357920,1.376280,0.336311,0.128869,0.401737,1.109630,-0.365632,0.202853,0.195522
0.430727,1.289320,-2.054880,2.276920,0.291288,-0.143098,0.091481,-0.646018,2.392400,1.415150,0.477798,-0.068522,0.392276,1.076850,-0.558206,0.067961,0.284281
0.577642,1.398300,-1.936660,2.288040,0.340886,0.215888,0.079937,-0.620166,2.357860,1.498630,0.561915,-0.050252,0.299182,1.108280,-0.608323,-0.069578,0.149069
0.516069,1.260030,-2.006670,2.099150,0.200026,-0.295139,-0.019181,-0.636726,2.339110,1.549860,0.573311,-0.165525,0.212132,1.149620,-0.414497,-0.069154,0.214485
0.458095,1.466150,-2.037110,2.213300,0.254050,-0.072720,0.089104,-0.561913,2.401300,1.441310,0.448824,-0.126500,0.320063,1.154440,-0.360933,-0.265687,0.228462
0.575165,1.405120,-2.024270,2.247300,0.302408,0.076175,0.045247,-0.474803,2.414540,1.554290,0.523908,-0.052507,0.387735,1.151270,-0.459150,-0.142202,0.183759
0.549137,1.272800,-2.087710,2.525620,0.274777,0.009837,0.050121,-0.664445,2.398560,1.528860,0.421697,0.119189,0.207810,1.172170,-0.375210,-0.038247,0.241841
0.539306,1.428340,-1.924500,2.228620,0.258053,0.116211,-0.019221,-0.504683,2.416150,1.620300,0.496657,-0.088188,0.203083,1.137810,-0.462450,-0.104444,0.244671
0.552326,1.415590,-1.996090,2.465090,0.213007,0.042563,-0.033385,-0.582564,2.403660,1.683780,0.493965,-0.116109,0.083190,1.155390,-0.188474,-0.039320,0.220566
0.603775,1.457520,-1.769500,2.411300,0.196338,-0.223030,-0.112996,-0.566224,2.433450,1.665590,0.608989,-0.011895,0.098783,1.079200,-0.297968,0.051028,0.280679
0.677298,1.536370,-1.862730,2.428450,0.251845,-0.073983,-0.117874,-0.733036,2.472920,1.630130,0.574288,0.043522,0.167105,1.163940,-0.365641,-0.068705,0.212507
0.645878,1.349130,-1.863450,2.367340,0.216924,-0.175989,-0.074507,-0.721612,2.437860,1.654330,0.464781,0.020465,0.177286,1.208280,-0.436496,-0.110992,0.238741
0.625202,1.319050,-1.847610,2.147830,0.272672,-0.490122,0.013630,-0.667798,2.482980,1.644270,0.464794,-0.045525,0.260518,1.143790,-0.550418,-0.091248,0.196465
0.684905,1.265710,-1.950110,2.073210,0.306499,-0.157884,0.086996,-0.568808,2.438940,1.718370,0.447847,-0.025979,0.192302,1.191770,-0.451382,-0.099683,0.233635
0.535804,1.323500,-1.790590,1.879720,0.344524,0.015881,0.084428,-0.630361,2.421100,1.691700,0.589006,0.106474,0.221795,1.152370,-0.346832,-0.086593,0.292863
0.648989,1.231040,-1.831030,2.001660,0.336436,-0.049447,0.057833,-0.660659,2.447670,1.608080,0.639485,0.083204,0.205268,1.090040,-0.386895,-0.158427,0.281455
0.458027,1.056540,-2.022940,1.885540,0.452210,-0.365684,0.054005,-0.580234,2.518470,1.654830,0.623120,0.061703,0.382348,1.055350,-0.530933,-0.141718,0.236776
0.342431,1.000170,-1.824180,1.947250,0.429549,-0.103795,0.122848,-0.484585,2.493070,1.700390,0.765222,0.095391,0.313894,1.067520,-0.415792,-0.184307,0.285054
0.471046,1.303460,-1.839830,1.940770,0.373144,-0.265361,0.131801,-0.612292,2.488190,1.713620,0.801158,0.004221,0.229383,1.070820,-0.345617,-0.225878,0.238235
0.346985,1.110520,-1.858170,2.006400,0.371983,-0.158761,0.001189,-0.493638,2.522450,1.800900,0.745253,0.165079,0.443501,1.075580,-0.477145,-0.228304,0.265831
0.463798,1.107670,-1.777220,2.058450,0.379612,-0.461847,0.051885,-0.434639,2.522630,1.687110,0.637300,0.092517,0.421442,1.087690,-0.490246,-0.287950,0.289231
0.339217,0.963402,-1.779760,1.729630,0.491767,-0.053108,0.042108,-0.282866,2.600050,1.647200,0.622136,0.182343,0.385053,1.054660,-0.552321,-0.198534,0.252210
0.356609,0.832021,-1.704010,1.734680,0.480789,0.056487,0.130079,-0.363128,2.620040,1.641060,0.695213,0.115510,0.319394,1.035800,-0.441153,-0.064942,0.199608
0.427402,0.898476,-1.768240,1.520110,0.542055,-0.075881,0.134588,-0.492113,2.551950,1.597870,0.501226,0.083340,0.622930,1.049470,-0.274276,0.191487,0.327920
0.458913,1.182900,-1.729550,1.952480,0.581267,-0.099801,0.265747,-0.385878,2.563960,1.727100,0.624569,0.075494,0.476797,1.027120,-0.270574,-0.046182,0.232777
0.514429,1.162210,-1.785140,1.491560,0.647205,-0.359048,0.187625,-0.341312,2.573410,1.684390,0.589714,-0.068075,0.578080,1.036330,-0.330911,-0.108841,0.254093
0.489162,1.208170,-1.609110,1.592580,0.575497,0.037585,0.279320,-0.410332,2.538550,1.507610,0.548342,-0.081247,0.494478,1.076200,-0.322759,-0.195528,0.274816
0.404738,1.217470,-1.886180,1.522420,0.612714,-0.184307,0.192663,-0.441292,2.555510,1.578320,0.587029,0.085881,0.565602,1.090900,-0.448999,-0.018415,0.208760
0.428245,1.124200,-1.907700,1.724960,0.597851,0.017577,0.228045,-0.459305,2.547910,1.516010,0.554652,-0.147148,0.429251,1.074810,-0.342508,-0.029390,0.272489
0.227126,0.953961,-1.770980,1.748010,0.602374,-0.147422,0.181446,-0.360539,2.594900,1.599100,0.640915,-0.054720,0.508281,1.085640,-0.400871,-0.067401,0.262967
0.438405,1.236740,-1.712100,1.632420,0.653242,-0.261367,0.189351,-0.405644,2.578140,1.509260,0.474299,0.020072,0.584381,1.111150,-0.321983,0.120368,0.237935
0.337049,0.743991,-1.713680,2.002210,0.599676,-0.332628,0.162113,-0.410859,2.520810,1.526110,0.318943,-0.094079,0.798191,1.104030,-0.378676,-0.051482,0.213783
0.484107,0.957185,-1.796190,1.868010,0.609859,-0.197701,0.243405,-0.417893,2.447060,1.418020,0.379182,0.021135,0.803094,1.100970,-0.523480,-0.096173,0.181359
0.304334,0.758866,-2.052930,1.856930,0.618249,-0.272240,0.198567,-0.382841,2.491670,1.477830,0.463449,-0.037774,0.622919,1.211190,-0.464306,-0.111500,0.219368
0.388225,0.865657,-1.973080,1.534870,0.560747,-0.198641,0.154263,-0.396296,2.406710,1.430820,0.493296,0.056487,0.544695,1.196540,-0.423486,-0.193677,0.272223
0.238533,0.586124,-1.889200,1.822910,0.598070,-0.007820,0.226398,-0.304081,2.473120,1.679190,0.580567,0.215168,0.409783,1.183020,-0.397872,-0.008478,0.224875
0.125887,0.771255,-1.878020,1.684160,0.627516,-0.348449,0.131922,-0.353141,2.464480,1.488630,0.669102,0.139625,0.473746,1.224090,-0.317105,-0.064376,0.272735
0.305143,0.678685,-1.827690,1.681720,0.535528,-0.232516,0.202633,-0.198404,2.445830,1.600380,0.464974,0.073462,0.613483,1.200020,-0.400189,0.094177,0.271760
0.471404,0.897946,-1.876200,1.427380,0.541784,-0.495715,0.241223,-0.271062,2.464370,1.592630,0.430559,0.140450,0.510975,1.227930,-0.316741,0.070423,0.239247
0.410239,1.075040,-1.942190,1.706630,0.463648,-0.584092,0.096196,-0.168379,2.425530,1.584930,0.516863,-0.032822,0.568504,1.253660,-0.350173,0.050522,0.222548
0.595740,0.932264,-2.144910,1.563010,0.512188,-0.538361,-0.013162,-0.370582,2.404240,1.622900,0.441015,0.136011,0.697306,1.392680,-0.201520,0.205018,0.079429
0.471978,1.083480,-2.013290,1.607050,0.513001,-0.324454,-0.071282,-0.235212,2.374070,1.647360,0.370198,0.084609,0.503592,1.341980,-0.322044,0.159150,0.153713
0.394983,0.848081,-1.903080,1.675490,0.578417,-0.466060,0.042176,-0.286415,2.416160,1.617760,0.399401,0.044006,0.492792,1.392750,-0.336360,0.037707,0.226531
0.516818,1.006860,-1.667030,1.551230,0.617230,-0.383923,0.000952,-0.290930,2.387420,1.554770,0.402965,0.269657,0.565858,1.352280,-0.266394,0.008210,0.250608
0.515975,0.884996,-1.712450,1.490930,0.682426,-0.294177,0.143681,-0.257745,2.410120,1.827690,0.517984,0.184942,0.486770,1.358760,-0.381430,-0.052403,0.234919
0.478070,1.027930,-1.713580,1.501160,0.804976,-0.285421,0.133562,-0.292055,2.418330,1.638570,0.550591,0.272128,0.543881,1.329410,-0.372150,0.213381,0.294881
0.451038,1.093030,-1.773770,1.359210,0.765378,-0.340480,0.190265,-0.206840,2.453640,1.907150,0.467519,-0.038841,0.732537,1.329160,-0.247618,0.398429,0.352246
0.393445,0.943706,-1.619590,1.461450,0.685076,-0.484353,0.097071,-0.078755,2.482120,1.895230,0.538991,0.220412,0.372552,1.247590,-0.361589,0.250379,0.386842
0.345558,0.766382,-1.747720,1.307660,0.717881,-0.531311,0.157386,-0.101285,2.395510,1.850640,0.292297,0.277860,0.590508,1.296120,-0.366521,-0.041132,0.423786
0.569490,1.535070,-1.914700,1.904320,0.565761,-0.899397,0.159741,-0.111911,2.217980,1.706030,0.327857,0.063346,0.554822,1.269180,-0.274469,0.017159,0.329353
0.636782,1.562790,-1.710480,1.831610,0.615326,-0.492141,0.257972,-0.053722,2.252720,1.607590,0.290108,0.271134,0.336236,1.255860,-0.275201,-0.276304,0.301964
0.667763,1.297110,-1.457890,1.172200,0.671270,-0.267045,0.405411,-0.085542,2.433720,1.720950,0.520389,0.261907,0.493073,1.080260,-0.227335,-0.209008,0.292284
0.641133,1.282240,-1.467660,1.243340,0.740437,-0.538124,0.524409,-0.049348,2.281230,1.850110,0.463019,0.243564,0.553418,1.084630,0.158793,-0.082308,0.299607
0.570100,1.390930,-1.483680,1.089460,0.820824,-0.316976,0.448630,0.039109,2.356650,1.694600,0.297576,0.128980,0.437230,1.032120,-0.008584,-0.275427,0.284270
0.889186,1.414760,-1.256190,0.832686,0.741077,0.013845,0.215021,-0.028731,2.298620,1.575670,0.036594,0.236282,0.432937,1.172400,-0.012195,-0.495640,0.278486
0.717488,1.661990,-1.468510,0.585315,0.751005,-0.374709,0.296233,0.097596,2.256240,1.476840,0.199703,0.271397,0.462659,1.105740,-0.016602,-0.250624,0.293418
0.707215,1.177510,-1.366360,0.521116,0.808729,-0.064371,0.321870,0.122673,2.350130,1.604760,0.174959,0.066319,0.356733,1.084020,-0.010172,-0.214690,0.362348
0.573992,1.081130,-1.441620,0.917546,0.680010,-0.455440,0.184123,0.084596,2.339160,1.539950,0.123749,0.088137,0.287546,1.187670,0.121119,-0.118833,0.349789
0.859273,1.440310,-1.142090,1.131840,0.752454,-0.252221,0.241840,0.279487,2.322020,1.687360,-0.083320,-0.029436,0.268376,1.256140,0.279104,-0.410391,0.238675
0.663851,1.190000,-1.174960,1.117160,0.608184,-0.020934,0.128996,0.034930,2.309790,1.719140,0.073277,0.106903,0.198243,1.360080,0.069829,-0.492175,0.248986
1.094710,1.081800,-1.252680,1.175430,0.442312,-0.517151,-0.011229,-0.037291,2.253650,1.921580,0.016731,-0.090559,0.148098,1.308590,0.274738,-0.317643,0.180123
1.062060,0.991026,-1.404570,0.874049,0.499468,-0.609015,0.028039,-0.006081,2.260680,1.780370,0.026052,-0.065376,0.062150,1.424490,0.220127,-0.368911,0.128607
0.993724,1.259940,-1.427890,1.033640,0.495936,-0.805929,0.014748,0.069427,2.328300,2.015090,0.120177,0.062926,0.109029,1.473440,0.230059,-0.206149,0.213350
1.021750,0.950126,-1.285360,0.970986,0.547913,-0.705035,0.028723,0.057217,2.328510,1.953590,0.079147,-0.065950,0.091380,1.428840,0.113084,-0.136541,0.185102
0.841914,0.858376,-1.503980,0.797006,0.582654,-0.842697,0.029533,0.091036,2.289380,1.793520,0.152952,-0.076767,0.224877,1.379120,0.157401,-0.134231,0.176207
1.083840,1.138690,-1.613880,0.929753,0.790254,-0.176931,0.126705,0.064297,2.392000,1.847090,0.174077,-0.129238,0.369041,1.388010,0.126675,0.030634,0.055089
1.042260,0.986404,-1.603900,0.719072,0.860128,-0.266048,0.163913,0.044414,2.428670,1.853620,0.167889,0.078168,0.299486,1.475170,0.148611,0.012810,-0.014290
1.016980,0.810128,-1.545950,1.066580,0.926630,0.105303,0.254947,0.030467,2.445050,1.901730,0.202207,0.137151,0.353458,1.357690,0.095017,0.081240,-0.051347
0.872888,0.890654,-1.452920,0.773589,0.991243,0.190791,0.198182,0.203651,2.480450,1.869740,0.168143,0.001750,0.237022,1.413240,0.078619,0.034690,-0.018220
0.869240,1.059230,-1.524210,1.115640,0.897761,-0.031270,0.173405,-0.019379,2.445520,1.794900,0.149761,0.124981,0.250269,1.421770,0.057586,0.056989,0.058618
0.965576,1.042520,-1.555770,0.879459,0.861138,0.205793,0.236001,0.116500,2.469480,1.623720,0.224347,0.070617,0.294866,1.331450,0.122910,0.204686,-0.019126
0.798695,0.976731,-1.381150,1.003890,0.925124,0.268051,0.229442,0.049477,2.463800,1.763780,0.185885,0.088836,0.179429,1.275680,-0.020452,0.233319,0.063927
0.938246,1.131240,-1.380350,0.972304,1.017170,0.245981,0.241982,0.086844,2.507000,1.832890,0.220733,0.026000,0.255639,1.310440,0.054297,0.099441,0.045759
0.942201,1.260760,-1.529230,1.024530,0.859577,0.123075,0.190751,-0.003415,2.420190,1.764860,0.148633,0.013283,0.122644,1.255190,0.041693,0.246758,0.050125
0.898325,0.900643,-1.524250,1.055760,0.906006,0.114462,0.242260,-0.015778,2.468140,1.795130,0.210064,0.046346,0.239851,1.285620,0.002830,0.135998,0.028501
0.938212,1.100540,-1.396020,1.263430,0.875143,-0.068002,0.202038,0.185076,2.534990,1.686390,0.070017,-0.092153,0.360788,1.256420,0.185020,0.139440,0.022886
0.864446,0.910479,-1.444800,0.834969,0.803303,0.202685,0.185433,0.154302,2.563220,1.841090,0.131755,-0.033925,0.295198,1.301040,0.149502,0.265989,-0.045500
0.933418,1.155780,-1.656350,0.822165,0.877075,0.148882,0.202658,0.122072,2.554940,1.920890,0.291909,0.265872,0.097908,1.303180,0.167490,0.340521,-0.019648
1.128920,1.208440,-1.510230,0.953482,0.825618,0.416076,0.219334,0.097143,2.563810,1.863690,0.222772,0.032046,0.325147,1.235720,0.218395,0.161490,-0.052233
0.999333,1.035390,-1.555780,1.067040,0.791068,0.263478,0.238731,0.021055,2.527550,1.777800,0.219834,-0.064814,0.368252,1.325130,0.166918,0.212976,-0.047273
1.082600,1.342370,-1.636590,0.851944,0.946051,0.469252,0.269776,-0.045557,2.516280,1.666600,0.221794,0.108410,0.252705,1.303420,0.181387,0.220668,0.020835
0.806751,1.133630,-1.636500,0.876673,0.958712,0.313501,0.249310,0.114497,2.524420,1.706330,0.054194,0.070517,0.208802,1.225470,0.175060,0.033052,0.104720
0.613814,1.241460,-1.466810,0.579699,1.156600,0.346433,0.351832,0.192920,2.583360,1.633770,0.255538,-0.081876,0.240876,1.054500,0.116839,-0.018184,0.378414
0.164449,1.023530,-1.218440,0.181032,1.420910,1.040900,0.455513,0.376074,2.761840,1.848280,0.363690,-0.159819,0.501665,0.890020,0.000790,0.101505,1.077630
0.124951,0.820330,-1.511420,0.124285,1.542730,1.476120,0.414132,0.174948,2.860060,1.681650,0.264670,-0.184621,0.582892,0.741274,0.035422,-0.262150,1.602050
0.359269,1.208670,-1.366580,0.276198,1.568390,1.481830,0.457768,0.414937,2.962920,1.882200,0.525361,-0.168356,0.580304,0.691359,0.042988,-0.483137,2.121770
0.295379,0.777282,-1.508480,0.511111,1.563350,1.396020,0.333632,0.370980,2.960350,1.875590,0.481216,0.087607,0.326061,0.894250,-0.223345,-0.546861,2.426450
0.317556,1.168520,-1.439770,0.322049,1.460590,1.229410,0.415366,0.161700,2.867180,1.982140,0.431270,-0.094420,0.375235,1.019100,-0.077261,-0.694516,2.398950
0.197943,1.033680,-1.350900,0.229804,1.462660,0.927512,0.462134,0.212640,2.856540,1.809310,0.553876,-0.130283,0.220979,0.799066,-0.031571,-0.572422,2.031360
0.026928,0.885783,-1.356760,0.313459,1.375450,0.892759,0.498326,0.151771,2.910980,1.804720,0.783923,-0.020496,0.302821,0.773788,-0.021918,-0.399182,1.825780
0.127817,0.783922,-1.479410,0.348906,1.228480,0.421788,0.354003,0.024517,2.795210,1.881530,0.719749,-0.145072,0.173741,0.922774,-0.120955,-0.239666,1.388330
-0.024649,0.707220,-1.560600,0.348718,1.151440,0.304026,0.172813,0.088037,2.749220,1.704090,0.638117,-0.193183,0.064178,0.958760,-0.215672,-0.256592,1.180230
0.183123,0.746898,-1.608010,0.347668,1.066780,0.725855,0.102332,0.019483,2.745320,1.814380,0.655801,-0.178474,0.169871,1.029570,-0.265490,-0.269058,1.022590
0.172565,0.485815,-1.685320,0.669144,0.962957,0.549269,-0.007615,0.027369,2.704370,1.705710,0.576742,-0.232993,0.145327,1.031650,-0.284792,-0.188305,0.846436
0.165356,0.512432,-1.747160,0.646930,0.982140,0.574670,0.046211,0.057396,2.703770,1.656810,0.638553,0.035509,0.210563,1.074360,-0.151234,0.020395,0.749962
0.374897,0.646388,-1.752300,0.688099,0.940606,0.229223,0.024130,-0.029632,2.665200,1.725410,0.735764,0.111489,0.370370,1.055800,-0.152585,0.089945,0.610344
0.519828,0.690730,-1.707680,0.926489,0.962423,0.292928,0.042795,-0.097922,2.634000,1.860220,0.690385,0.123521,0.241344,1.047110,-0.134209,0.089567,0.569558
0.504873,0.738253,-1.761450,0.919438,0.933146,0.097765,0.065722,-0.131102,2.596680,1.754320,0.685125,0.102608,0.296019,1.112720,-0.028564,0.056173,0.518226
0.543341,0.774823,-1.706700,1.000360,0.912774,0.308686,-0.020213,-0.010187,2.638480,1.570660,0.722452,0.145723,0.280847,1.105190,-0.061554,0.113620,0.517038
0.436958,0.583965,-1.831750,1.055020,0.858931,0.162219,-0.029846,-0.084612,2.610500,1.514230,0.744762,0.061920,0.178698,1.090040,-0.103591,-0.025291,0.564533
0.442690,0.558377,-1.866710,0.998281,0.873640,0.215246,-0.029636,-0.049704,2.604450,1.650630,0.673360,0.392902,0.033837,1.183330,-0.140307,0.057489,0.417086
0.494248,0.582308,-1.925750,1.227480,0.797778,0.130503,0.012704,-0.066822,2.612800,1.599160,0.652739,0.149766,0.171017,1.167190,-0.028437,0.010036,0.338160
0.417862,0.667330,-1.960390,1.285040,0.907907,0.466565,-0.035533,-0.128117,2.596540,1.486160,0.498530,0.171164,0.201085,1.166030,-0.061243,-0.026474,0.395539
0.468842,0.743170,-1.946220,1.341800,1.022440,0.608096,0.065555,0.069386,2.635120,1.484850,0.410759,0.160571,0.293795,1.166860,-0.137386,0.200068,0.548665
0.558598,0.726136,-1.838160,1.075180,0.912240,0.463862,-0.000707,0.074032,2.614670,1.491110,0.584329,0.102898,0.154270,1.166760,-0.035747,0.037567,0.568943
0.585542,1.003570,-1.784890,1.010680,0.922426,0.399516,0.019441,0.121987,2.559810,1.548960,0.832374,0.166614,0.114233,1.179040,-0.094969,-0.013390,0.576907
0.634902,0.839549,-1.768940,1.366780,0.922511,0.526830,0.015746,0.139419,2.607730,1.673170,0.753565,0.120018,0.173319,1.195000,0.018035,0.024553,0.557483
0.582275,0.804549,-1.784650,1.352680,0.896927,0.290659,0.074873,-0.020230,2.560290,1.632180,0.732103,0.223021,0.178201,1.221050,-0.045649,-0.200276,0.593351
0.581375,0.886084,-1.733050,1.312790,0.946317,0.003709,0.070947,0.077109,2.597270,1.661450,0.808307,0.238474,0.149628,1.201420,-0.022714,-0.063264,0.521984
0.542462,0.625566,-1.873920,1.335650,0.870725,0.014782,-0.019952,0.083795,2.593700,1.582140,0.673582,0.051755,0.256308,1.206710,-0.102069,-0.104121,0.532416
0.518110,0.720612,-1.761200,1.300300,0.883448,-0.044669,-0.010011,0.076581,2.556980,1.710300,0.671306,0.174280,0.320210,1.198050,-0.193588,-0.100091,0.548128
0.452390,0.643126,-1.749170,1.389760,0.930808,0.145596,-0.042481,0.113158,2.559450,1.705670,0.648220,0.180131,0.280487,1.164050,-0.242276,-0.071864,0.560050
0.490314,0.708818,-1.776420,1.441770,0.931012,0.197444,0.068931,0.030907,2.536850,1.699180,0.570915,0.188675,0.314294,1.186580,-0.233805,-0.082444,0.523914
0.525138,0.620099,-1.702810,1.494050,0.908384,-0.034194,0.120064,0.129634,2.557150,1.716620,0.501979,0.101699,0.303134,1.182080,-0.245713,0.103264,0.527239
0.618041,0.624540,-1.749760,1.678320,0.813235,-0.128645,0.085479,0.199342,2.541600,1.771890,0.627447,0.071480,0.342641,1.133720,-0.200619,-0.046886,0.503564
0.551981,0.587794,-1.923820,1.447870,0.863394,-0.042098,-0.035942,0.149485,2.578050,1.775660,0.572885,0.108423,0.192895,1.251820,-0.205853,0.006997,0.431983
0.650266,0.676289,-1.819240,1.470020,0.769806,-0.156574,-0.091017,-0.000428,2.530190,1.778570,0.536992,0.012348,0.245419,1.244760,-0.213514,-0.116103,0.390872
0.651998,0.570144,-1.769310,1.441260,0.829709,-0.074374,-0.054489,-0.008273,2.543150,1.698450,0.387729,-0.052638,0.344070,1.207990,-0.264290,0.009771,0.419046
0.588710,0.555970,-1.805840,1.465660,0.854946,0.201450,0.002579,-0.003220,2.538130,1.706410,0.466320,-0.170309,0.455259,1.253470,-0.272605,-0.029712,0.415833
0.682526,0.377160,-1.929080,1.395710,0.822203,0.262891,-0.103608,-0.105476,2.458310,1.725470,0.572436,-0.164838,0.474931,1.226180,-0.065227,0.279039,0.467650
0.635578,0.448288,-2.096620,1.584010,0.800225,0.282900,-0.116494,-0.208766,2.440440,1.724200,0.540358,-0.178761,0.382975,1.271140,0.013007,0.024142,0.427383
0.511345,0.595708,-2.025080,1.460690,0.839203,0.238168,-0.055749,-0.180013,2.443100,1.688230,0.591631,-0.119438,0.442904,1.287850,-0.155382,0.088981,0.527333
0.537294,0.440308,-2.174590,1.566330,0.815038,-0.151121,-0.091895,-0.082334,2.453700,1.483130,0.665945,-0.232614,0.496928,1.209510,-0.022809,-0.075251,0.459728
0.587646,0.395685,-2.145720,1.483480,0.783563,-0.094744,-0.006261,-0.159329,2.506650,1.628030,0.639238,-0.196475,0.470982,1.203950,-0.214081,0.155810,0.528143
0.456671,0.430530,-2.003590,1.411220,0.801274,-0.374115,0.027190,-0.079291,2.471960,1.660690,0.564143,-0.260031,0.439052,1.219170,-0.084962,0.300043,0.702125
0.561518,0.278757,-2.075810,1.527190,0.764201,-0.180539,0.035874,-0.317648,2.373160,1.642960,0.550688,-0.189993,0.284842,1.237340,-0.226889,0.233721,0.543190
0.431189,0.364722,-2.112530,1.306940,0.835726,-0.356764,-0.049115,-0.232129,2.436590,1.617410,0.558458,-0.118992,0.414168,1.270060,-0.187742,0.289990,0.554863
0.437501,0.348464,-1.895640,1.485480,0.771812,-0.298605,-0.027353,-0.336860,2.483790,1.589360,0.659511,-0.199375,0.333155,1.216050,-0.112352,0.266663,0.572513
0.398314,0.498839,-1.753650,1.311500,0.905198,0.043363,0.109811,-0.352662,2.476390,1.631890,0.748693,-0.228757,0.486723,1.121060,0.001489,0.383032,0.723999
0.188154,0.174382,-1.840030,1.272760,0.915898,-0.096759,0.098090,-0.410864,2.474050,1.599290,0.628724,-0.207285,0.351377,1.116430,-0.193388,0.021078,0.712586
0.113339,0.071121,-1.831380,1.407030,0.897252,0.028372,0.089992,-0.405234,2.492560,1.742170,0.677784,-0.087193,0.372370,1.142580,0.018728,0.079610,0.675641
0.287241,0.318012,-1.759570,1.363760,0.853150,-0.016472,0.118268,-0.355093,2.495040,1.510320,0.684480,-0.201714,0.337375,1.077070,0.037794,0.265598,0.637248
0.120608,0.212909,-1.659490,1.255570,0.824808,-0.263630,0.131644,-0.469973,2.431510,1.707310,0.755922,-0.212946,0.191423,1.144730,-0.039315,0.257985,0.584546
0.242259,0.549311,-1.775860,1.457850,0.762744,-0.272972,0.129727,-0.528925,2.427340,1.522350,0.468167,-0.257343,0.259958,1.043510,-0.117509,0.146483,0.626841
0.408019,0.662631,-1.931090,1.573160,0.720681,-0.243915,0.148427,-0.474457,2.444450,1.518150,0.445092,-0.310838,0.455485,1.084380,-0.085684,0.206729,0.606317
0.420569,0.494546,-1.870510,1.515510,0.772630,-0.202230,0.154569,-0.487108,2.420970,1.565830,0.618830,-0.253682,0.294824,1.074480,0.061270,0.316075,0.614463
0.406240,0.494466,-1.759210,1.644550,0.761097,-0.011808,0.195263,-0.566348,2.305490,1.634830,0.637307,-0.289591,0.408343,1.145530,-0.207184,0.308476,0.516262
0.317480,0.486655,-1.734280,1.690350,0.720209,-0.247271,0.214572,-0.502399,2.343560,1.660140,0.634030,-0.155563,0.419110,1.111870,-0.034986,0.320958,0.504258
0.366658,0.368401,-1.706970,1.758290,0.759008,-0.089505,0.180788,-0.314881,2.393090,1.723740,0.649705,-0.338667,0.381464,1.147730,-0.235435,0.085488,0.572150
0.354094,0.450294,-1.738280,1.580270,0.731259,-0.090245,0.185320,-0.377561,2.399820,1.639910,0.698466,-0.292627,0.395923,1.071700,-0.145284,0.174936,0.533077
0.462067,0.523029,-1.962000,1.462210,0.691933,-0.016107,0.141385,-0.456575,2.382860,1.774250,0.683289,-0.183439,0.336694,1.021830,-0.023347,0.467436,0.496620
0.384485,0.264941,-1.788400,1.320440,0.783834,0.018141,0.106687,-0.356924,2.419170,1.696800,0.671435,-0.125817,0.452426,1.081840,-0.103028,0.244331,0.539060
0.224834,0.081834,-1.835790,1.031010,0.739003,0.231595,0.122153,-0.417892,2.304010,1.655490,0.650860,-0.314027,0.410939,1.040000,-0.184181,0.219278,0.535821
0.242432,0.350799,-1.741020,1.148370,0.647276,0.099531,0.040662,-0.486642,2.281870,1.442720,0.494632,-0.276521,0.294494,1.048590,-0.090889,0.086738,0.451224
0.298768,0.214024,-1.622000,1.355700,0.576043,-0.390642,-0.012393,-0.545648,2.270810,1.414150,0.556669,-0.368322,0.291248,1.009680,-0.140839,0.254650,0.384096
0.437197,0.541953,-1.683100,1.359890,0.491716,-0.155433,0.016199,-0.429225,2.271460,1.475830,0.534913,-0.300415,0.238439,1.075040,-0.187244,0.041990,0.285649
0.359818,0.482485,-1.743940,1.333650,0.583812,-0.162129,-0.064765,-0.517266,2.249850,1.498230,0.561630,-0.138535,0.170105,1.130870,-0.262784,0.254303,0.358409
0.442231,0.585458,-1.809180,1.228540,0.584157,-0.070733,0.042641,-0.659253,2.244760,1.402900,0.429322,-0.022589,0.403965,1.193630,-0.172934,0.075415,0.272829
0.310249,0.565201,-1.589820,1.259770,0.623295,0.239440,0.117108,-0.541170,2.232480,1.458970,0.383050,-0.084213,0.359173,1.131900,-0.092176,0.026522,0.298368
0.362389,0.264174,-1.833760,1.146680,0.455405,0.225444,0.084347,-0.685545,2.226320,1.505760,0.489917,0.006498,0.292131,1.115870,0.058439,0.158103,0.273799
0.559330,0.684112,-1.870660,0.972017,0.474845,0.269566,0.043054,-0.529032,2.205570,1.463390,0.493205,-0.031792,0.174656,1.161070,-0.203570,0.231999,0.251565
0.319588,0.599651,-1.911360,0.933072,0.497382,0.164754,0.075731,-0.484418,2.253750,1.517440,0.596994,-0.111401,0.195623,1.067090,-0.226042,0.185900,0.242851
0.437772,0.672970,-1.995850,0.906142,0.529085,0.059922,0.031178,-0.583657,2.153620,1.593660,0.553518,-0.178502,0.213546,1.130090,-0.191410,0.173320,0.306295
0.479326,0.633708,-1.971710,0.934024,0.528390,0.295473,0.078017,-0.461921,2.251340,1.792500,0.353760,-0.148550,0.246241,1.092780,-0.149294,0.179931,0.264635
0.290125,0.614926,-2.029020,1.086950,0.577092,0.203089,-0.038137,-0.553462,2.159600,1.679900,0.466559,-0.227602,0.438236,1.118220,-0.379744,-0.014514,0.220817
0.490304,0.751116,-1.916400,0.854071,0.489232,-0.196998,0.036268,-0.484435,2.206200,1.845500,0.738815,-0.084988,0.272339,1.088990,-0.229407,-0.102693,0.326116
0.188724,0.286973,-1.898180,0.873604,0.494286,-0.178011,0.094868,-0.486453,2.107190,1.708920,0.409998,0.065276,0.462369,1.238550,-0.473301,-0.023810,0.303460
0.448847,0.532746,-1.892510,0.949264,0.456529,-0.189934,0.100714,-0.511129,2.112400,1.767480,0.502612,0.000340,0.328221,1.155770,-0.329864,-0.033060,0.224163
0.313336,0.758789,-1.993430,0.846892,0.431044,-0.014003,0.102506,-0.465532,2.051870,1.679190,0.527347,-0.092224,0.458939,1.096340,-0.576156,-0.251984,0.291850
0.455571,0.680965,-1.844670,0.982576,0.539259,-0.116784,0.153253,-0.435183,2.013360,1.686340,0.748048,0.007212,0.303147,1.097700,-0.351873,0.008382,0.277009
0.448835,0.616549,-1.802790,1.166930,0.500792,-0.069802,0.305997,-0.632367,1.958030,1.591690,0.542963,-0.036978,0.383368,1.043600,-0.594507,-0.255455,0.296996
0.540319,0.786156,-1.650100,0.919056,0.554657,-0.169499,0.343238,-0.442812,2.016650,1.607220,0.669622,0.087205,0.554741,1.018000,-0.435084,0.247898,0.259881
0.388611,0.428326,-1.766000,0.937329,0.532266,-0.076424,0.289666,-0.424976,1.975320,1.623210,0.689187,-0.146802,0.472963,0.973868,-0.463155,0.279713,0.294967
0.384495,0.754330,-1.781980,1.203900,0.451691,-0.478737,0.281500,-0.445682,1.917140,1.614750,0.763564,-0.031131,0.418513,0.840233,-0.513069,0.195648,0.546866
0.466776,0.819786,-1.625810,1.539020,0.480945,0.086546,0.354065,-0.405050,1.915520,1.583210,0.745376,0.021758,0.464746,0.746524,-0.497748,0.023310,0.623123
0.593062,0.836019,-1.520040,1.487390,0.487745,0.366123,0.396854,-0.479014,1.820070,1.586040,0.648254,0.111940,0.555457,0.837508,-0.516980,-0.073590,0.619606
0.488256,0.933349,-1.572870,1.271380,0.524060,0.391589,0.359160,-0.363812,1.843810,1.556020,0.703262,0.082347,0.456693,0.739315,-0.320881,0.088096,0.664264
0.263761,0.661907,-1.501270,1.147480,0.603837,0.189200,0.340911,-0.487801,1.770860,1.622980,0.475792,0.191990,0.540323,0.755511,-0.409380,-0.042520,0.685372
0.440408,0.647844,-1.616060,1.347140,0.502270,0.007656,0.331469,-0.636990,1.750480,1.426400,0.686599,0.191634,0.473144,0.665732,-0.547670,-0.033942,0.632002
0.321821,0.524280,-1.577890,1.162800,0.535287,0.045881,0.297105,-0.555038,1.771830,1.614150,0.550356,0.400649,0.545075,0.655399,-0.410927,0.040223,0.695486
0.278234,0.690435,-1.502480,1.494090,0.480854,-0.007524,0.324255,-0.669352,1.756300,1.433490,0.662994,0.187377,0.692935,0.667320,-0.469401,-0.055727,0.716202
0.335779,0.663916,-1.687880,1.105410,0.411333,-0.199990,0.478061,-0.422662,1.720090,1.648980,0.698729,0.279040,0.703390,0.726623,-0.358177,-0.083079,0.611825
0.390089,1.011210,-1.536880,1.433560,0.448285,-0.284294,0.432528,-0.477308,1.640910,1.471600,0.562760,0.181936,0.748012,0.762383,-0.406830,-0.167949,0.612472
0.402424,0.849395,-1.447480,1.598120,0.393627,-0.185768,0.455269,-0.370319,1.718140,1.492570,0.636077,0.393347,0.787589,0.728586,-0.642285,-0.234136,0.634500
0.116606,0.539877,-1.557210,1.626250,0.310085,-0.212273,0.341217,-0.341805,1.622500,1.618200,0.695299,0.247848,0.821796,0.752259,-0.505012,-0.223547,0.555388
0.331539,0.699548,-1.620070,1.388240,0.320251,0.062132,0.516799,-0.420179,1.631560,1.533530,0.690587,0.243228,0.781245,0.671902,-0.570575,-0.170861,0.520579
0.296080,0.533304,-1.559600,1.350060,0.327743,-0.019237,0.420984,-0.531356,1.624960,1.595600,0.622272,0.103547,0.725798,0.613104,-0.391444,-0.243497,0.623114
0.391165,0.683338,-1.428380,1.680340,0.330432,0.087762,0.412406,-0.478373,1.692420,1.653630,0.656917,0.234516,0.741866,0.590156,-0.452629,-0.099579,0.574673
0.134513,0.390266,-1.640240,1.666680,0.350280,0.093079,0.434179,-0.538785,1.586130,1.456890,0.816696,0.378542,0.786955,0.595645,-0.455101,-0.144194,0.594644
0.208191,0.264167,-1.700440,1.610510,0.372565,0.275442,0.512152,-0.537023,1.571900,1.674350,0.714692,0.331654,0.585904,0.563363,-0.441830,-0.161746,0.512721
0.521941,0.847365,-1.667170,1.356530,0.349949,0.222910,0.370925,-0.672202,1.534800,1.398550,0.779110,0.244713,0.697150,0.607926,-0.427893,-0.300828,0.429025
0.560393,0.929034,-1.704070,1.043360,0.259434,0.165775,0.411917,-0.564283,1.529510,1.314170,0.786676,0.292502,0.738149,0.557486,-0.487378,-0.376804,0.297297
0.613439,0.720135,-1.794730,1.071790,0.238438,0.324686,0.281437,-0.711380,1.535200,1.394280,1.000220,0.273415,0.668742,0.595040,-0.494096,-0.332054,0.126363
0.368448,0.630187,-1.895900,1.110780,0.254003,0.171188,0.344743,-0.678817,1.498970,1.228540,0.773866,0.250138,0.513066,0.575411,-0.350205,-0.103302,0.110558
0.437048,0.599316,-1.781590,1.311530,0.195805,0.035849,0.349530,-0.689830,1.417980,1.177540,0.981904,0.114970,0.518946,0.608105,-0.391384,-0.119254,0.148356
0.304791,0.551834,-1.772010,1.354410,0.191990,0.151466,0.403683,-0.750217,1.439480,1.286190,0.802458,0.191250,0.567361,0.631228,-0.305346,-0.040242,0.057021
0.437113,0.749502,-1.742500,1.160380,0.192615,0.012055,0.449115,-0.712151,1.400920,1.330300,0.910065,0.070661,0.701527,0.645370,-0.219131,-0.035285,0.070782
0.440848,0.627085,-1.772750,1.133570,0.184717,-0.289505,0.468322,-0.656667,1.427910,1.291600,0.931854,-0.018697,0.517737,0.582316,-0.305731,0.006068,0.083065
0.486635,0.688002,-1.762680,1.178120,0.185935,-0.123524,0.547314,-0.693521,1.371740,1.277290,0.982220,-0.030866,0.531196,0.556935,-0.269430,-0.078218,0.108242
0.583321,0.757816,-1.644450,1.124380,0.250689,0.014647,0.579661,-0.604158,1.417140,1.325350,0.975068,-0.044251,0.464285,0.597609,-0.237354,0.239015,0.040736
0.452695,0.638457,-1.724110,1.085470,0.229049,-0.059440,0.375750,-0.652706,1.482710,1.136690,0.806953,0.044775,0.464916,0.557330,-0.249500,0.016622,0.092324
0.421629,0.598147,-1.732990,1.178400,0.132382,-0.202510,0.288198,-0.737930,1.471780,1.305780,0.672504,0.050425,0.450746,0.630569,-0.367104,0.025111,0.076656
0.372065,0.694294,-1.735370,1.059620,0.117391,-0.495013,0.419230,-0.755669,1.514600,1.413190,0.762944,-0.034105,0.442016,0.580872,-0.265017,0.131269,0.030983
0.485410,0.815572,-1.857770,0.994817,0.134684,-0.563212,0.416949,-0.787893,1.529330,1.336660,0.792089,0.060228,0.415026,0.613197,-0.357862,0.063667,0.055912
0.452020,0.660978,-1.898740,0.910470,0.133165,-0.434041,0.419820,-0.607020,1.526050,1.274790,0.782134,0.101897,0.502959,0.685636,-0.254501,0.110290,0.103600
0.520871,0.899132,-1.935620,1.084210,0.093652,-0.410122,0.390510,-0.759158,1.504860,1.278390,0.783265,0.024013,0.499639,0.688447,-0.223263,0.255672,0.054399
0.380739,0.853980,-1.749010,0.937401,0.170925,-0.203501,0.347523,-0.826198,1.520230,1.315670,0.824210,-0.039404,0.486304,0.717250,-0.264376,0.162293,0.053429
0.372256,0.543864,-1.729530,1.071300,0.148560,-0.252536,0.357292,-0.778192,1.539220,1.234160,0.794189,-0.120732,0.501733,0.654130,-0.273146,0.236889,0.066323
0.403912,0.656545,-1.685400,1.306530,0.154339,-0.178092,0.372078,-0.744885,1.520240,1.135700,0.698262,-0.016401,0.567641,0.750820,-0.273027,0.140144,0.110765
0.503765,0.916609,-1.731640,1.272890,0.166323,-0.306839,0.379230,-0.743141,1.530120,1.165270,0.742582,-0.015323,0.514214,0.741717,-0.376776,0.139684,0.111881
0.496395,0.909385,-1.764270,1.801890,0.130022,-0.366796,0.363519,-0.690444,1.561280,1.264860,0.747232,-0.038155,0.547770,0.666074,-0.395808,0.103920,0.069282
0.228614,0.544837,-1.833830,1.181360,0.081388,-0.383739,0.282549,-0.769099,1.578440,1.257870,0.860364,0.020350,0.535570,0.620742,-0.318897,0.174268,0.141463
0.368831,0.549192,-1.957510,1.011530,0.028242,-0.381301,0.228298,-0.794310,1.594230,1.227060,0.641387,0.051495,0.385474,0.663071,-0.359629,0.298402,0.090741
0.512443,0.638502,-1.802100,1.573350,0.045089,-0.288654,0.231483,-1.010720,1.517430,1.269810,0.712560,0.074863,0.201632,0.654685,-0.194922,0.080172,0.025396
0.322696,0.441619,-1.894830,1.423740,-0.016413,-0.351723,0.205181,-0.934129,1.500270,1.385430,0.559309,-0.067118,0.412507,0.789877,-0.329172,0.153589,-0.031459
0.685843,0.742147,-1.835690,1.393300,-0.083137,-0.652609,0.077395,-0.894076,1.482900,1.214530,0.476112,-0.216248,0.428269,0.871977,-0.375240,0.238637,-0.107587
0.473849,0.428933,-1.818790,1.249290,-0.120062,-0.403175,0.080004,-0.838501,1.537290,1.174670,0.584621,-0.283382,0.392689,0.757638,-0.421837,0.125124,-0.093937
0.350505,0.557331,-1.985900,1.332690,-0.047554,-0.684757,0.101299,-1.014990,1.567900,1.197010,0.492621,-0.356351,0.311227,0.802917,-0.252140,0.008778,-0.191705
0.650234,0.568512,-1.906990,1.084820,-0.078895,-0.482849,0.096444,-1.121260,1.555810,1.261370,0.474324,-0.245658,0.299146,0.846247,-0.477148,0.242183,-0.122210
0.604224,0.758801,-1.939720,1.304060,0.012386,-0.578231,0.156849,-1.007720,1.608480,1.407980,0.337000,-0.185389,0.300672,0.803485,-0.366666,0.028722,-0.069581
0.563353,0.584150,-1.956170,1.251490,-0.072124,-0.667304,0.121005,-1.140540,1.579370,1.488710,0.242392,0.030349,0.051249,0.857600,-0.439574,-0.071807,-0.106564
0.475398,0.893834,-1.912110,1.126570,-0.119135,-0.799739,0.136735,-1.017230,1.653580,1.400390,0.254868,-0.048996,0.302152,0.822230,-0.351049,0.081903,-0.080167
0.473372,0.495552,-1.827710,1.379080,-0.036904,-0.387789,0.152986,-1.356570,1.594700,1.385670,0.520410,-0.109545,0.479970,0.875593,-0.537186,-0.043412,-0.016492
0.480274,0.794192,-1.910650,1.269480,-0.074794,-0.560102,0.102388,-1.246250,1.593640,1.322150,0.338788,0.026147,0.311676,0.780792,-0.459345,0.017613,-0.037607
0.468359,1.115010,-1.920420,1.399750,0.033381,-0.644978,0.179905,-1.179500,1.666460,1.492150,0.356326,-0.118799,0.373338,0.888207,-0.352163,-0.055003,0.035836
0.564935,0.894257,-1.898690,1.296830,-0.036375,-0.797865,0.120894,-1.215720,1.585590,1.242270,0.360137,-0.198859,0.410393,0.817570,-0.515946,-0.070558,0.046603
0.501410,1.113450,-1.801430,1.531350,-0.015230,-0.441938,0.234998,-1.114560,1.614090,1.384430,0.190542,-0.296631,0.500965,0.821743,-0.545080,-0.030088,0.012175
0.328537,0.857041,-1.816360,1.430360,-0.127188,-0.762599,0.154692,-1.249470,1.506790,1.168970,0.451694,-0.199793,0.673378,0.829618,-0.552664,0.184666,-0.000887
0.346360,0.716454,-1.778500,1.332470,-0.213928,-0.793154,0.230301,-1.388570,1.380550,1.300180,0.416842,-0.012913,0.349957,0.922578,-0.653762,0.174591,0.045904
0.278630,0.725921,-1.725130,1.309040,-0.263088,-1.061500,0.281207,-1.345730,1.377680,1.204040,0.529114,0.162236,0.387236,0.860287,-0.769935,0.171800,0.169351
0.314263,0.841982,-1.742270,1.522430,-0.392112,-1.048120,0.329859,-1.335890,1.302120,1.147420,0.394461,0.127958,0.386852,0.801941,-0.660788,0.173335,0.054811
0.476351,0.840501,-1.680230,1.392980,-0.287430,-0.768038,0.169966,-1.355020,1.317850,1.470420,0.520520,0.086799,0.499835,0.875726,-0.592111,0.122615,0.062944
0.349477,0.659918,-1.822590,1.296340,-0.406038,-0.829437,0.144494,-1.446500,1.226850,1.298520,0.437545,0.279612,0.514146,0.911961,-0.837046,0.150498,0.027185
0.485291,0.507723,-1.721270,1.291540,-0.353160,-0.543648,0.171492,-1.305220,1.138740,1.318410,0.452955,0.385828,0.540625,0.932392,-0.768725,0.215264,0.028103
0.379177,0.770405,-1.854280,1.642960,-0.386640,-0.552999,0.195083,-1.281080,1.124410,1.251230,0.757462,0.217029,0.467862,0.933229,-0.804899,0.173121,0.006586
0.452396,0.676336,-1.706130,1.552190,-0.378272,-0.582695,0.189830,-1.236730,1.016610,1.255130,0.717321,0.391165,0.406641,0.852882,-0.439379,0.463172,0.055262
0.093885,0.849768,-1.817200,1.538040,-0.414973,-0.697189,0.175363,-1.218570,1.114880,1.308720,0.799634,0.385470,0.534550,0.835642,-0.726735,0.401792,-0.015766
0.233724,0.646560,-1.803440,1.589090,-0.472315,-0.746789,0.128878,-1.264330,1.012540,1.269790,0.842345,0.520066,0.319527,0.872307,-0.726055,0.262216,0.006057
