AU01,AU02,AU04,AU05,AU06,AU07,AU09,AU10,AU12,AU14,AU15,AU17,AU20,AU23,AU25,AU26,AU45
3.075210,1.138380,2.102060,2.189770,1.898920,1.052170,2.526180,2.279740,1.142360,2.040700,1.343860,2.514030,0.335879,-1.296220,-2.452210,-1.446370,1.248700
2.947550,1.123680,2.179450,2.351120,1.790380,0.759129,2.411760,2.350720,1.213710,1.902130,1.458580,2.377650,0.412730,-1.432470,-2.180960,-1.560190,1.430180
2.991890,1.100620,1.843820,2.262440,1.879640,0.740863,2.565830,2.559810,1.202080,1.814860,1.716470,2.397380,0.262334,-1.369550,-2.199830,-1.180570,1.273850
2.862100,1.571070,1.909390,2.117600,1.798580,0.935961,2.664220,2.326160,1.152260,1.841100,1.388260,2.616760,0.227556,-1.286270,-1.966690,-0.780575,1.192690
2.919520,1.706010,1.923140,2.349750,1.801300,0.986195,2.592300,2.583320,1.123350,1.692780,1.176610,2.454650,0.234232,-1.401370,-1.848080,-0.848444,1.225190
2.879930,1.424060,2.031550,2.319800,1.890430,1.126630,2.608420,2.604330,1.139730,1.664750,1.080450,2.506890,0.348517,-1.338110,-1.704820,-1.030670,1.231890
3.117380,1.607710,2.084330,2.340540,1.922940,0.982216,2.578390,2.660580,1.085570,1.895490,1.286820,2.434700,0.315822,-1.345250,-1.812020,-1.066060,1.279760
3.090500,1.561740,2.060580,2.392520,1.829630,0.892215,2.666820,2.614120,1.132010,1.881280,1.372830,2.330280,0.452131,-1.468500,-1.613210,-0.848905,1.299390
2.926320,1.560360,2.004220,2.443180,1.765050,1.043240,2.610420,2.632560,1.112020,1.739510,1.368030,2.400590,0.326394,-1.384980,-1.658010,-0.881075,1.373120
3.018550,1.388930,2.102050,2.330780,1.869800,1.035740,2.615810,2.739910,1.172680,1.691640,1.315260,2.249210,0.219184,-1.357810,-1.622630,-0.968360,1.395960
2.927460,1.125890,2.146150,2.156930,1.969020,1.199820,2.829640,2.886850,1.229440,1.697940,1.253260,2.339300,0.265931,-1.522270,-1.599440,-1.088500,1.396830
3.014260,1.271160,2.182960,2.128390,1.976060,1.202840,2.797080,2.889930,1.234200,1.681620,1.309460,2.348630,0.269122,-1.450680,-1.571140,-1.122230,1.309040
3.166220,1.438780,2.070120,1.940950,1.834170,1.094900,2.722530,2.881860,1.229070,1.481510,1.447710,2.435420,0.369388,-1.422200,-1.581830,-1.022710,1.331550
3.217240,1.477060,2.136740,1.939680,1.891570,1.243740,2.801350,2.943950,1.267010,1.600350,1.466010,2.390590,0.235490,-1.445870,-1.691080,-1.285640,1.392440
3.240960,1.478540,2.305430,2.078060,1.939670,1.718880,2.899860,2.865780,1.308050,1.661570,1.108840,2.296020,0.274115,-1.486860,-1.641730,-1.121260,1.373170
3.340480,1.576600,2.441250,2.157800,1.990710,1.577670,2.805080,2.917290,1.321600,1.789410,1.139480,2.328350,0.401500,-1.443680,-1.406630,-1.223140,1.427380
3.410210,2.115820,2.347290,2.158360,1.981440,1.644990,2.823820,2.829070,1.304420,1.955020,1.261450,2.363630,0.379174,-1.416000,-1.458120,-0.903022,1.338650
3.331220,1.768330,2.437250,2.158770,1.981170,1.761340,2.803150,2.960100,1.359360,2.047600,1.250140,2.267950,0.368549,-1.457260,-1.468370,-0.955625,1.396600
3.234340,1.460820,2.263770,1.992250,2.013850,1.355210,2.825680,2.790320,1.323820,2.134310,1.307690,2.371820,0.459045,-1.405160,-1.425450,-0.837741,1.365460
3.209350,1.478150,2.360240,2.068850,2.072960,1.830260,2.815070,2.802450,1.358190,2.080330,1.346150,2.248920,0.611161,-1.399040,-1.480080,-0.580270,1.367800
3.081920,1.388320,2.147330,2.092190,2.042800,1.689860,2.874440,2.754050,1.414480,2.162260,1.393960,2.169560,0.520063,-1.369680,-1.509870,-0.686887,1.460970
3.211590,1.401620,2.207800,2.173670,2.067610,1.706370,2.758180,2.764810,1.455990,2.167690,1.271050,2.345970,0.419314,-1.378060,-1.334400,-0.771850,1.446510
2.948170,1.525160,2.050950,2.086000,2.087210,1.873270,2.813990,2.735130,1.372810,2.061700,1.324760,2.350460,0.650651,-1.373320,-1.612300,-0.891555,1.475090
3.026450,1.533530,2.061950,2.017800,1.968740,1.305830,2.739670,2.793520,1.333590,1.976990,1.325390,2.223940,0.742820,-1.351920,-1.402430,-0.464182,1.479440
3.036420,1.364240,2.165540,1.811360,1.958270,1.183300,2.644410,2.774960,1.352240,1.888480,1.268920,2.256230,0.598719,-1.413890,-1.439950,-0.627910,1.404730
2.912620,1.217990,2.116080,1.950110,1.983520,1.337830,2.696930,2.799350,1.394170,2.107020,1.256510,2.475640,0.323927,-1.382500,-1.437520,-0.844681,1.443490
2.910540,1.366230,2.206080,2.013800,1.924540,1.233900,2.766560,2.830430,1.404340,2.031500,1.376670,2.401810,0.452041,-1.405990,-1.416780,-0.835009,1.500120
2.855450,1.113480,2.093850,2.377110,1.935650,1.642100,2.929860,2.840860,1.379530,1.943120,1.128440,2.347540,0.613324,-1.400260,-1.503760,-0.937087,1.437110
2.839190,1.319050,2.261360,2.223940,2.014470,1.607310,2.790820,2.817990,1.294470,1.909750,1.357400,2.474530,0.458953,-1.408000,-1.440550,-0.846218,1.514710
3.025800,1.374990,2.230970,2.376920,1.921290,1.462800,2.804980,2.808900,1.294320,1.924920,1.380280,2.269330,0.546087,-1.492600,-1.565240,-0.959332,1.486280
2.966130,1.154280,2.165990,2.336210,1.887740,1.633280,2.795220,2.605070,1.295190,1.915690,1.415160,2.430880,0.673855,-1.458430,-1.425970,-1.094760,1.461360
2.988280,1.410730,2.328400,2.353740,1.925010,1.548630,2.813910,2.783680,1.325600,1.927590,1.375050,2.270630,0.696474,-1.419550,-1.529570,-0.822354,1.475290
3.015950,1.163870,2.131850,2.174450,1.985960,1.389080,2.799990,2.707770,1.334650,1.924060,1.318290,2.209860,0.677214,-1.418320,-1.604170,-0.775398,1.471330
3.153500,1.582330,2.263810,2.265620,1.921650,1.415450,2.845330,2.738470,1.346050,2.002140,1.288210,2.345720,0.665078,-1.357350,-1.562290,-0.858245,1.426320
3.191780,1.292590,2.034120,2.221270,1.922310,1.211700,2.761330,2.709140,1.356600,2.088520,1.160740,2.172180,0.535773,-1.512180,-1.340310,-0.820609,1.351780
3.189440,1.221290,2.087330,2.311420,1.897040,1.156760,2.712630,2.737460,1.307530,2.102460,1.247740,2.234280,0.575953,-1.452670,-1.309120,-0.787699,1.392260
3.156490,0.877352,1.973840,2.026750,1.871210,1.169930,2.736220,2.718480,1.333900,1.912460,1.373740,2.263260,0.646826,-1.464130,-1.461860,-0.684700,1.374550
3.046360,0.932409,2.127560,2.105670,1.842160,1.598690,2.724150,2.756750,1.408790,2.066060,1.368090,2.128700,0.614396,-1.526220,-1.537800,-0.964943,1.511990
3.056670,1.005480,2.283370,2.087430,1.818780,1.368650,2.732290,2.653330,1.378170,1.893460,1.146700,2.170910,0.661336,-1.488300,-1.579970,-0.972580,1.594660
3.117950,1.160140,2.232770,2.159530,1.909600,1.749020,2.803990,2.662200,1.344350,1.807780,1.049190,2.221770,0.606799,-1.507200,-1.654460,-0.918013,1.565080
2.936870,0.955778,2.266620,1.944050,1.871710,1.173710,2.765230,2.728780,1.363370,1.972120,0.930191,2.392800,0.621772,-1.571540,-1.369440,-0.775730,1.613910
2.980070,0.953572,2.254630,2.212230,1.949300,1.210980,2.845750,2.724250,1.411800,2.024270,1.077950,2.255500,0.561332,-1.576930,-1.340460,-0.709007,1.569630
3.051880,1.355550,2.150820,2.056600,1.908260,0.985914,2.871490,2.613840,1.411100,1.960970,1.177600,2.459920,0.423703,-1.539750,-1.476460,-0.613349,1.664390
2.995820,1.017680,2.151240,2.224040,1.925710,1.259390,2.782190,2.669700,1.397010,1.795170,1.010670,2.451970,0.651919,-1.485110,-1.553270,-0.926259,1.435870
3.049540,1.029880,2.158030,2.290780,1.946730,1.001950,2.940530,2.771030,1.405630,1.895950,1.070320,2.439670,0.507497,-1.506170,-1.388150,-0.638125,1.453180
2.865460,0.989814,2.105100,2.160700,1.975650,1.379770,2.750570,2.800930,1.438600,1.909150,1.008100,2.253830,0.721223,-1.501200,-1.518200,-0.994612,1.420710
2.871880,1.108170,2.219630,2.142690,1.939980,1.334950,2.797020,2.654520,1.437990,1.831860,1.217320,2.286010,0.681249,-1.508950,-1.420910,-0.741911,1.435120
2.958930,1.171000,2.345850,2.186580,2.009320,1.583750,2.878210,2.686590,1.467310,1.781510,0.999124,2.260510,0.803961,-1.617720,-1.325140,-0.731978,1.474320
2.915100,1.050940,2.211930,1.905650,1.961730,1.408680,2.885740,2.655460,1.427470,1.730060,1.029150,2.465210,0.633337,-1.649450,-1.537150,-0.806623,1.453600
3.061310,1.286370,2.230740,2.284540,2.005330,1.625070,2.837260,2.686870,1.456740,1.728460,1.155330,2.115110,0.571760,-1.658820,-1.549640,-0.913866,1.466370
3.178660,0.996671,2.203780,2.376820,1.912640,1.550670,2.835050,2.622620,1.412260,1.821110,1.056120,2.134450,0.801783,-1.578830,-1.576650,-0.959395,1.500920
3.158440,0.942359,2.214380,2.191020,2.014000,1.544990,2.971420,2.662820,1.339860,1.930010,1.056410,2.333740,0.588335,-1.560420,-1.441580,-0.721750,1.558550
3.165040,1.254290,2.359980,2.185050,1.918450,1.397570,2.803460,2.525260,1.432610,1.869690,1.030250,2.254810,0.426328,-1.604540,-1.251880,-0.668398,1.392690
3.248190,1.330730,2.387390,2.029340,2.096610,2.162210,2.977860,2.583710,1.459350,1.897470,0.946163,2.213520,0.609753,-1.794570,-1.441100,-0.789964,1.315810
3.225130,1.806270,2.279450,1.542240,2.035240,1.838860,2.805860,2.585490,1.433050,1.949680,1.024400,2.340100,0.379697,-1.637150,-1.327990,-0.976669,1.311170
3.294400,1.702150,2.407030,1.909220,1.964680,2.181330,2.872940,2.626270,1.445190,1.831670,0.838599,2.260760,0.488162,-1.753820,-1.463780,-1.113300,1.304590
3.100570,1.200560,2.518210,1.457370,1.990350,1.649610,2.804470,2.549250,1.447650,1.886490,0.755612,2.269280,0.401783,-1.678660,-1.289030,-1.384600,1.345170
2.984420,1.350900,2.264100,1.803260,1.965650,1.637030,2.827300,2.530130,1.466620,2.000230,0.537257,1.845450,0.444420,-1.582690,-1.606950,-1.284970,1.437610
3.079670,1.526560,2.227540,1.647050,1.980190,1.490680,2.746370,2.479690,1.473430,1.846090,0.563748,1.885950,0.093230,-1.726710,-1.154460,-1.227210,1.388580
3.021290,1.196850,2.330420,1.444240,1.958070,1.234060,2.843530,2.574920,1.456210,1.860770,0.600563,2.012380,0.086855,-1.580630,-1.146650,-0.919357,1.413460
3.156040,1.433710,2.120470,1.312720,2.059480,1.593380,2.810680,2.645870,1.615390,1.947500,0.553672,1.845040,0.229395,-1.650660,-0.873436,-1.066240,1.358120
3.206300,1.470040,2.354440,2.056460,2.108410,1.911620,2.841680,2.667550,1.600920,1.918030,0.745707,1.867210,0.297054,-1.571250,-0.777511,-1.043820,1.404540
3.321800,1.676850,2.263340,2.234780,2.145630,1.862290,2.970900,2.804910,1.726590,1.999760,0.920433,1.593860,0.041299,-1.670050,-0.761224,-0.890412,1.450400
3.348620,1.729270,2.376990,2.214810,2.385270,2.232470,2.991120,2.695810,1.745010,1.865410,0.918665,1.620290,0.009647,-1.714640,-0.737338,-1.161980,1.363960
3.176610,1.317180,2.437090,2.034330,2.341640,2.156720,2.911030,2.740440,1.758250,1.927530,0.842338,1.645750,0.189227,-1.684250,-0.868573,-1.160020,1.483400
3.245800,1.706260,2.511200,2.349290,2.349720,2.245570,2.894640,2.669250,1.809990,1.966110,1.008750,1.554530,-0.023510,-1.668490,-0.843983,-0.970879,1.476330
3.421570,1.458960,2.316510,2.208890,2.439180,1.993760,2.948120,2.802880,1.869030,1.825900,0.891971,1.652070,0.253206,-1.718440,-0.840385,-0.730490,1.536140
3.353800,1.555960,2.348240,2.117840,2.353730,2.012680,2.848020,2.781430,1.867110,1.996880,0.931463,1.777100,0.246280,-1.593620,-0.732948,-1.063610,1.494220
3.340660,1.427840,2.377520,1.786390,2.436060,2.103390,2.886830,2.755660,1.884570,2.056460,0.856201,1.824210,0.260648,-1.598600,-0.841435,-1.097690,1.369010
3.411750,1.720570,2.485760,1.855190,2.403750,2.026800,2.857090,2.681790,1.911280,1.978870,0.891177,1.677950,0.151229,-1.552590,-0.664711,-1.023010,1.303790
3.289890,1.577670,2.287290,2.059630,2.340710,2.138320,2.816510,2.809990,1.939410,1.956020,0.939718,1.824690,0.348072,-1.472330,-0.710041,-0.921855,1.327080
3.297780,1.872320,2.465470,2.031140,2.431400,2.286660,2.803550,2.565400,1.978680,1.896620,0.849460,1.681020,0.449940,-1.510170,-0.657739,-1.062550,1.525550
3.473700,2.067240,2.359380,2.527560,2.526970,2.307550,2.733610,2.835530,2.024520,1.883260,0.661641,1.816050,0.251893,-1.538620,-0.650939,-0.887919,1.520740
3.145840,2.116700,2.333880,1.442700,2.563180,2.570710,2.910100,2.753530,2.151850,1.964350,0.784569,1.844500,0.311061,-1.686560,-0.706217,-1.175540,1.399470
3.026190,1.591180,2.112820,2.188740,2.570420,2.409660,2.858030,2.820960,2.105510,2.022530,0.530371,1.729270,0.367920,-1.669450,-0.716917,-1.138270,1.416270
2.805950,1.268180,2.042680,1.756940,2.545060,2.620340,2.866380,2.781830,2.212840,2.086390,0.323727,1.679220,0.255459,-1.662800,-0.632993,-0.909634,1.445700
2.980910,1.232380,2.030230,1.398150,2.536520,2.611660,2.865500,2.784370,2.206640,2.003150,0.521908,1.925030,0.240437,-1.689810,-0.611623,-1.028390,1.329380
3.361930,1.845800,2.098210,1.369880,2.418340,2.547560,2.811550,2.780980,2.220080,2.138670,0.492695,1.987110,0.357310,-1.512950,-0.610907,-1.148460,1.328440
3.023160,1.491180,2.232510,1.549090,2.546020,2.881320,2.672740,2.949480,2.305090,1.996670,0.709607,1.708970,0.182960,-1.565420,-0.547110,-1.054210,1.448360
3.334790,1.685410,2.481900,1.393770,2.641390,3.216230,2.751470,2.940790,2.329640,1.971470,0.755204,1.810370,0.267974,-1.505790,-0.555092,-1.060280,1.419100
3.325350,1.794020,2.512090,1.411770,2.584440,2.927930,2.758520,2.992820,2.273450,1.961810,0.738946,1.862540,0.320926,-1.515680,-0.577655,-0.967643,1.492260
3.400190,1.823420,2.397500,1.622630,2.635460,2.701720,2.815140,3.127220,2.345600,2.103710,0.693998,1.909050,0.192869,-1.538570,-0.372324,-1.072820,1.353700
3.493290,1.772520,2.603370,1.698800,2.798160,2.854700,2.745670,3.031860,2.347160,1.873420,0.814301,1.656760,0.168947,-1.547120,-0.443904,-1.084760,1.409450
3.336250,1.620960,2.301810,1.847180,2.739650,2.889320,2.751550,3.274680,2.363990,1.930200,0.710871,1.634460,0.104903,-1.520690,-0.457910,-0.980892,1.313450
3.299790,1.804400,2.362120,1.735120,2.754180,2.909280,2.763890,3.125540,2.435450,2.087800,0.697229,1.810150,0.359131,-1.385890,-0.350809,-1.095280,1.272980
3.228320,1.587320,2.391610,1.873280,2.794160,2.639870,2.800190,3.161650,2.451740,1.927560,0.871774,1.615530,0.475572,-1.469030,-0.173445,-0.907239,1.286860
3.244310,1.343160,2.287060,2.011940,2.746530,2.757290,2.804820,3.121490,2.295720,1.964260,0.731453,1.737520,0.412268,-1.286660,-0.383884,-0.759753,1.300320
3.136580,1.174880,2.344400,1.484850,2.747720,2.795520,2.831570,3.057610,2.383260,2.032620,0.686838,1.774610,0.390283,-1.271070,-0.417603,-0.866036,1.353080
3.012560,1.232510,2.303880,1.554020,2.799610,2.603300,2.917200,3.167580,2.499150,2.101670,0.790199,1.767590,0.228997,-1.379150,-0.264824,-1.059930,1.335460
3.242730,1.408060,2.659190,1.657040,2.775540,2.886460,2.839510,3.159870,2.492500,2.112640,0.771696,1.787540,0.409468,-1.446300,-0.169396,-1.113750,1.212190
3.324470,1.631770,2.529660,1.768150,2.738420,2.820760,2.826750,3.115150,2.487190,1.944890,0.826649,1.754050,0.299493,-1.439250,-0.187835,-1.002870,1.289830
3.265420,1.985610,2.332430,1.617000,2.666210,2.731570,2.823530,2.999950,2.501260,2.114420,0.781652,1.611960,0.299674,-1.384320,-0.162346,-1.230380,1.271830
3.268460,1.722160,2.403780,1.639090,2.698070,2.771550,2.947960,2.958210,2.461640,1.818490,0.609715,1.819480,0.279196,-1.370180,-0.199227,-0.595546,1.243440
3.220640,1.583070,2.513720,1.542500,2.711230,2.474540,2.917600,2.975110,2.514620,1.982480,0.777869,1.676450,0.529237,-1.393030,-0.223701,-0.967724,1.286410
3.248440,1.511120,2.451080,1.503460,2.741340,2.736420,2.824300,3.019180,2.497620,1.949860,0.430306,1.868350,0.277592,-1.408800,-0.393168,-1.108010,1.271450
3.278080,1.708070,2.419820,1.502150,2.813830,2.621130,3.019760,3.028450,2.552530,1.943770,0.533373,1.764930,0.544904,-1.394830,-0.221415,-0.918438,1.292790
3.412660,1.937930,2.433700,1.647110,2.728690,2.635740,2.914460,3.025530,2.530340,2.078820,0.512893,2.033960,0.397941,-1.403530,-0.247362,-1.021640,1.342600
3.159750,1.504870,2.399930,1.634320,2.724530,2.714090,2.988230,2.954200,2.498390,1.874050,0.525283,1.836340,0.496637,-1.415040,-0.341384,-1.139440,1.283610
3.300690,1.499270,2.726810,2.022410,2.783490,2.921650,2.947700,3.051170,2.501050,1.980070,0.618102,1.975210,0.463071,-1.378630,-0.245604,-0.999913,1.324170
3.421840,1.754070,2.581190,1.828920,2.737000,2.865420,2.826880,3.080900,2.467760,2.098680,0.726867,1.805340,0.406778,-1.365490,-0.442687,-1.287770,1.347490
3.303420,1.717320,2.724470,1.597420,2.771080,2.930920,2.702270,3.088170,2.465290,2.061010,0.800337,1.939840,0.305489,-1.393990,-0.316386,-1.239160,1.372470
3.339380,1.491760,2.443390,1.564930,2.814210,3.151270,2.964640,3.144080,2.494710,2.017460,0.705347,1.751060,0.227663,-1.396420,-0.139390,-1.191120,1.314510
3.226770,1.438490,2.352280,1.728000,2.861260,3.024560,3.035410,2.967600,2.511160,1.970600,0.512305,1.728250,0.213981,-1.428650,-0.072264,-1.113110,1.299320
3.199860,1.329910,2.561260,1.645590,2.822350,2.992030,3.002160,3.131750,2.557350,2.135610,0.549854,1.821790,0.187788,-1.439040,0.019989,-1.199400,1.384080
3.249340,1.639750,2.551220,1.564980,2.903760,2.699770,3.040240,3.072420,2.554630,2.114670,0.845829,1.621100,0.338866,-1.466670,-0.080081,-1.213500,1.355090
3.266420,1.686850,2.546290,1.489700,2.860020,2.801630,2.912460,3.283200,2.548590,2.083380,0.707630,1.660550,0.209040,-1.477600,-0.027814,-1.159740,1.244660
3.343000,1.700170,2.340930,1.588070,2.791980,3.117640,2.922330,3.358740,2.540370,2.107190,0.792396,1.818250,0.202741,-1.401470,-0.116192,-1.321020,1.366350
3.092070,1.932740,2.205040,1.461370,2.782400,3.191220,2.972320,3.167760,2.526730,2.023600,0.632351,1.571360,0.290868,-1.340400,0.135006,-1.150470,1.330090
3.151830,1.847180,2.463370,1.650490,2.873580,3.171690,3.085130,3.137530,2.584240,1.959340,0.756273,1.361590,0.531420,-1.488040,-0.198476,-1.345920,1.365900
3.178230,1.769880,2.371140,1.634970,2.922310,3.361570,3.104070,3.193660,2.629820,2.028660,0.835371,1.603170,0.331468,-1.477000,0.039505,-1.088630,1.404110
3.359530,1.923470,2.180920,1.454820,2.880400,3.342890,3.062640,3.158470,2.605050,2.084530,0.686526,1.595810,0.249699,-1.460360,-0.098893,-1.370780,1.287710
3.386760,2.002970,2.274080,1.542460,2.881550,3.334690,3.063190,3.141020,2.559790,2.026310,0.566493,1.584670,0.318528,-1.487330,-0.101157,-1.258880,1.329010
3.398820,2.034320,2.505370,1.786320,2.998870,2.917780,3.027630,3.051840,2.557150,2.150970,0.767567,1.604560,0.336604,-1.325740,-0.109561,-1.268720,1.426130
3.388130,1.687930,2.514020,1.387300,2.965650,2.871930,2.991590,2.982030,2.636880,2.078860,0.851138,1.740480,0.510272,-1.395730,0.073041,-1.339240,1.406070
3.537520,2.198530,2.434300,1.441040,3.027130,2.830460,3.094480,3.129710,2.706740,1.972030,0.640494,1.919410,0.587736,-1.489980,-0.086282,-1.231230,1.245830
3.454420,2.125390,2.287270,1.487740,2.889380,2.705020,2.964800,3.220690,2.741130,2.192540,0.668526,1.866370,0.511184,-1.442800,0.101414,-0.982685,1.160860
3.346990,1.805470,2.368220,1.665890,2.973220,2.689890,3.006460,3.409330,2.750820,2.032560,0.571337,1.875620,0.302307,-1.472880,0.185717,-1.104590,1.177120
3.365650,2.031470,2.574330,1.603590,2.948970,2.800430,2.972430,3.361560,2.715990,2.186760,0.561357,1.721770,0.456378,-1.465280,0.160656,-0.973930,1.232720
3.385390,2.029690,2.365700,1.507250,2.919970,2.893050,2.972490,3.252930,2.713930,2.195840,0.599736,1.831500,0.369501,-1.463810,0.120587,-1.121640,1.225810
3.449990,2.123660,2.360410,1.462790,2.882420,2.789180,2.947510,3.149660,2.751600,2.070210,0.537245,1.783130,0.392551,-1.400110,0.142223,-1.122360,1.207480
3.436580,1.928750,2.321600,1.430960,2.869110,2.862690,3.010480,3.264420,2.735900,2.126640,0.562061,1.836780,0.428830,-1.407870,0.142666,-1.317000,1.238080
3.489570,2.208970,2.355770,1.627900,2.919390,2.803220,3.055360,3.228720,2.762540,1.995750,0.622037,1.752350,0.428142,-1.414440,0.025577,-1.215270,1.186960
3.552520,1.833940,2.511960,1.476360,2.921070,3.210300,3.046160,3.198680,2.731530,2.061470,0.644907,1.956950,0.479333,-1.456540,0.221419,-1.160650,1.156450
3.453760,1.837740,2.405850,1.103390,2.914660,3.123760,2.995110,3.283380,2.702370,2.118640,0.590600,2.012460,0.410219,-1.373270,0.049957,-1.169980,1.149790
3.305140,2.349080,2.357280,1.413110,3.042200,3.026960,2.998140,3.195490,2.704500,2.035250,0.790752,1.750020,0.251483,-1.430180,0.187741,-1.127560,1.206660
3.318130,2.019190,2.245710,1.282870,3.040690,3.337580,2.866800,3.243300,2.734390,1.995200,0.808479,1.801180,0.170934,-1.301190,0.118403,-1.374480,1.177260
3.329480,1.702630,2.310260,1.453480,3.007600,3.260660,2.883010,3.210350,2.736350,2.039590,0.751230,2.013690,0.184090,-1.246880,0.181290,-1.125930,1.171440
3.428740,1.742890,2.345700,1.278470,2.908270,2.774190,2.909200,3.264220,2.749960,2.138840,0.908859,1.817720,0.386545,-1.389490,0.268001,-1.061180,1.201330
3.178880,1.937050,2.303160,1.430250,2.978270,2.713210,2.982250,3.277450,2.731170,2.145340,0.920265,1.921580,0.155089,-1.320830,0.198329,-1.018810,1.173450
3.288850,1.705690,2.191120,1.592820,2.815550,2.667610,2.871770,3.325660,2.695510,2.224320,0.730142,1.835440,0.265765,-1.367510,0.247843,-1.209440,1.198910
3.298920,1.835160,2.178580,1.678910,2.916410,2.638730,2.831360,3.150480,2.636280,2.111970,0.896883,1.705330,0.054225,-1.367720,0.407198,-1.024990,1.196350
3.294530,1.877560,2.264040,1.641560,3.008940,2.565610,2.924370,3.226690,2.734300,2.249820,0.929607,1.843030,0.306174,-1.388360,0.320134,-1.121870,1.170510
3.209840,1.643370,2.256070,1.732300,2.929340,2.778210,2.933600,3.271970,2.697400,2.051960,0.829262,1.767250,0.315245,-1.422830,0.216979,-1.059600,1.183460
3.360980,1.884150,2.473710,1.837930,2.923660,3.097770,2.937620,3.114870,2.668490,2.050950,0.715912,1.692330,0.442422,-1.449020,0.347965,-1.065220,1.197450
3.375420,1.792880,2.481970,2.020640,3.010110,2.969360,3.035610,3.175330,2.776280,2.030950,0.634693,1.695190,0.417507,-1.516700,0.388893,-1.052930,1.187590
3.365460,1.705910,2.337160,1.550150,2.954020,2.838080,2.938830,3.139560,2.702130,1.790730,0.473080,1.551630,0.148899,-1.517890,0.268719,-1.103040,1.268870
3.347180,1.959540,2.558870,1.415970,3.070070,2.842520,3.004710,3.166520,2.721280,2.059240,0.468559,1.692890,0.263419,-1.455290,0.169775,-1.080680,1.163390
3.437410,2.092180,2.629220,1.594340,3.054150,2.635710,3.028630,3.184950,2.693060,2.141530,0.709060,1.669820,0.330706,-1.404020,0.220205,-1.180040,1.268620
3.496310,2.239390,2.718440,1.627500,3.144700,2.894620,3.061230,3.345040,2.721530,2.222150,0.826200,1.717120,0.160181,-1.437870,0.339571,-1.211900,1.376510
3.398380,1.938140,2.344700,1.551770,3.126340,2.959520,3.072100,3.105190,2.713010,2.244920,0.698847,1.815320,0.179861,-1.409740,0.152226,-0.877324,1.294710
3.397300,2.111150,2.660680,1.819400,3.066800,2.923430,2.900280,3.264640,2.665110,2.248890,0.743493,1.646960,0.164199,-1.408840,0.113586,-1.383870,1.257850
3.356370,1.872230,2.671220,1.643380,2.987670,3.025000,3.071190,3.167820,2.669200,2.101280,0.788030,1.577660,0.029305,-1.448390,0.166968,-1.159610,1.312590
3.451890,2.037150,2.647530,1.708930,3.030580,2.515130,3.105730,3.272880,2.788570,2.190030,0.745250,1.694460,0.225679,-1.506150,0.227569,-1.230970,1.321760
3.281150,1.750790,2.762160,2.063460,2.935600,2.784690,2.999460,3.068980,2.724370,2.091480,0.755393,1.710580,-0.006765,-1.371290,0.193146,-0.994742,1.364840
3.304630,1.857420,2.693790,2.112330,2.946780,2.752960,2.982120,3.072690,2.695260,2.138240,0.595395,1.733020,0.026601,-1.420260,0.292240,-1.256250,1.314490
3.367150,1.688780,2.864000,1.964830,2.946550,2.920570,3.073300,3.035950,2.710010,2.034720,0.631151,1.688640,0.106303,-1.481150,0.382252,-1.198880,1.275710
3.295450,1.688620,2.688940,1.870940,2.956130,2.618510,3.067180,3.117400,2.728050,2.145440,0.622312,1.661510,0.188427,-1.421950,0.234109,-1.207990,1.233310
3.169470,1.634010,2.618220,1.687640,2.949660,2.588250,2.981860,3.115520,2.701160,2.157860,0.520330,1.619770,0.113219,-1.481420,0.205554,-1.484750,1.232730
3.276730,1.739270,2.563470,1.867060,3.032590,2.401410,3.017050,3.084180,2.729820,1.948770,0.644349,1.614170,0.021954,-1.472370,0.378869,-1.370090,1.185480
3.324040,1.826470,2.305170,2.002660,2.909260,2.623530,3.042200,3.175950,2.616470,2.072260,0.502636,1.626850,0.293973,-1.370160,0.119476,-1.332710,1.207380
3.306410,1.626900,2.527960,1.946170,3.047870,2.871550,2.984270,3.148360,2.639030,2.033130,0.549856,1.774550,0.367493,-1.366990,0.084902,-1.564700,1.166180
3.525100,1.742460,2.820440,1.701130,2.955820,2.814580,2.926370,3.076310,2.597340,1.934680,0.512989,1.966490,0.292398,-1.379860,0.330347,-1.379940,1.217120
3.391150,1.864350,2.684880,1.491680,2.966030,2.602940,2.880480,3.197950,2.634110,1.928310,0.757201,1.927980,0.273527,-1.319450,0.275754,-1.199100,1.245450
3.262810,1.930150,2.499860,1.917180,2.931060,2.982670,2.905480,3.211670,2.622390,1.955930,0.749087,1.827870,0.320155,-1.346650,0.214814,-1.271900,1.186860
3.287670,1.973010,2.537180,1.545640,2.958210,2.827550,2.963360,3.055520,2.649410,2.073650,0.746675,1.598610,0.476423,-1.364470,0.366637,-1.163190,1.133140
3.401140,1.762180,2.581780,1.887740,2.940330,2.529770,2.885680,3.174480,2.684360,2.039680,0.825522,1.771960,0.354534,-1.384560,0.261877,-0.970414,1.277450
3.295440,1.843430,2.572900,2.035270,2.937290,2.817160,2.848570,3.131170,2.681220,1.961980,0.770523,1.526110,0.414164,-1.538870,0.291446,-0.883827,1.187260
3.073680,1.597520,2.329680,1.904350,2.976770,2.337280,2.840310,3.091480,2.712650,2.115730,0.555551,1.545330,0.183331,-1.472020,0.381484,-1.134880,1.424380
3.236400,1.514480,2.471900,2.161060,3.004110,2.878270,2.848190,3.116300,2.690780,2.245860,0.800512,1.714900,0.265926,-1.482930,0.482880,-0.915589,1.343620
3.149490,1.869080,2.365600,1.783870,2.920270,2.774410,2.707910,3.102010,2.655770,2.102630,0.740213,1.563710,0.310616,-1.457810,0.436490,-1.196770,1.376810
3.233650,1.810890,2.595060,1.605180,2.995530,3.066810,2.907730,3.117150,2.577400,1.981210,0.585112,1.610190,0.377194,-1.466200,0.215949,-1.294240,1.405130
3.236420,1.999540,2.505330,1.976400,2.865030,2.802400,2.875580,3.095250,2.544720,2.179670,0.771768,1.557480,0.153861,-1.465100,0.135398,-1.086070,1.367850
3.054610,1.860930,2.182150,1.729540,2.836720,2.605740,2.684530,2.952550,2.584450,2.025470,0.711870,1.674290,0.354008,-1.367440,0.192833,-1.110020,1.219140
3.157670,1.664770,2.441340,1.680550,2.872200,2.515900,2.683680,2.835050,2.544790,2.053420,0.553678,1.725750,0.573710,-1.375340,0.305253,-1.054570,1.265870
3.278110,1.723400,2.367810,1.772300,2.785400,2.654010,2.723490,2.913310,2.558990,2.204320,0.721109,1.787760,0.279784,-1.322800,0.232184,-1.039980,1.119280
3.076980,1.815740,2.255080,1.705780,2.747140,2.561280,2.769770,2.850300,2.599070,2.041580,0.600072,1.575990,0.426202,-1.294400,0.440739,-1.042020,1.215200
3.121240,1.890860,2.226310,1.691350,2.859310,2.719760,2.750460,3.031700,2.585740,2.072270,0.850809,1.457020,0.377948,-1.398110,0.502998,-0.826231,1.211960
3.283390,1.585180,2.114590,1.772500,2.772240,2.516430,2.855610,3.063590,2.602190,2.168100,0.654189,1.733970,0.362334,-1.345860,0.507096,-0.933974,1.252600
3.337690,1.760060,2.467530,1.683860,2.883710,2.736850,2.858850,2.997190,2.559990,1.974700,0.927366,1.545290,0.353425,-1.350630,0.312096,-0.883406,1.209910
3.265490,1.799110,2.138380,2.064390,2.819470,2.576460,2.801770,3.045540,2.618970,2.111030,0.732763,1.815920,0.395995,-1.383170,0.369728,-1.047660,1.222960
3.247520,1.742150,2.228900,2.166890,2.843350,2.546530,2.909130,2.997630,2.608160,2.145420,0.609747,1.779750,0.434776,-1.372670,0.470494,-0.919605,1.203550
3.117640,1.638990,2.129020,1.885590,2.862550,2.436930,2.916740,3.047580,2.662710,2.210710,0.859167,1.669690,0.424702,-1.365240,0.409720,-0.934918,1.184920
3.293920,1.795790,2.308190,1.987430,2.869890,2.670550,2.859850,2.935180,2.604430,2.038310,0.706889,1.653330,0.261186,-1.321890,0.512536,-1.021170,1.149030
3.100660,1.682960,2.358130,1.786550,2.843480,2.373010,2.904300,2.997010,2.596010,2.048200,0.631787,1.727920,0.200081,-1.323130,0.489922,-0.953305,1.190530
2.932300,1.581680,2.402500,1.798120,2.950470,2.772990,2.855370,2.886550,2.693770,2.202410,0.814679,1.817430,0.121258,-1.464880,0.476213,-1.026660,1.360050
3.003030,1.680140,2.382800,1.903920,2.892950,2.788630,3.000900,2.851300,2.598370,2.098560,0.693218,1.797950,0.162229,-1.473680,0.529394,-0.845400,1.280750
3.170890,1.897200,2.450490,1.918560,2.928130,2.961070,3.030830,2.937670,2.625800,2.018160,0.723566,1.960860,0.106234,-1.478310,0.410596,-0.985671,1.270080
2.982170,1.664930,2.376340,1.797380,2.879960,2.510620,3.015200,2.947830,2.659410,2.099530,0.751732,1.936390,-0.004220,-1.465950,0.492174,-1.050700,1.248740
3.119790,1.736390,2.348780,1.766700,2.817350,2.583260,2.985240,2.890450,2.522610,1.984890,0.839292,1.895140,0.107325,-1.444680,0.388053,-1.080910,1.209130
3.227440,1.500770,2.359380,1.850790,2.822900,2.534390,2.862220,2.783540,2.553200,1.885840,0.736553,1.966820,0.088325,-1.394740,0.288601,-1.078380,1.189780
3.102000,1.760270,2.305070,1.788360,2.797030,2.249060,2.846130,3.027030,2.520130,2.103230,0.802725,1.951300,0.309453,-1.444100,0.195415,-1.065460,1.214540
3.029360,1.578550,2.359250,1.891620,2.824860,2.342630,2.883540,3.052490,2.524270,2.068290,0.847167,1.833160,0.321359,-1.411130,0.215177,-1.025980,1.193400
3.020020,1.505600,2.325630,1.728070,2.722800,2.557690,2.904630,2.971380,2.391950,1.991770,0.719488,1.815400,0.409570,-1.297790,0.255401,-0.918371,1.219210
3.020330,1.282860,2.151620,1.838180,2.704990,2.787350,2.837820,2.837350,2.435020,1.863470,0.837296,1.572130,0.197429,-1.377330,0.383672,-0.854667,1.155670
3.112540,1.429090,2.147500,2.046520,2.723380,2.387080,2.943270,2.979010,2.381110,1.814140,0.544054,1.701950,0.394178,-1.377210,0.111528,-0.586430,1.124910
3.099400,1.384010,2.130830,1.743370,2.630120,2.755220,2.777110,2.891030,2.382950,1.848320,0.416328,1.665570,0.533846,-1.356200,0.306057,-0.833977,1.128740
2.983090,1.373880,2.095870,1.739310,2.560510,2.334920,2.929090,2.931910,2.449930,2.003080,0.595481,1.681600,0.483440,-1.420440,0.294318,-0.929128,1.166880
3.017330,1.732480,1.996270,1.884210,2.613450,2.579410,2.758220,2.966030,2.451310,2.006930,0.372398,1.647130,0.396045,-1.418160,0.465858,-0.755975,1.147990
2.931560,2.009610,2.152290,1.798250,2.689120,2.521260,2.787010,2.853050,2.424840,2.068660,0.580718,1.840580,0.365943,-1.489220,0.343590,-0.557736,1.162580
2.950370,1.858120,2.035760,1.731110,2.636280,2.392890,2.708400,2.817630,2.422740,2.122000,0.600604,1.936570,0.590337,-1.439940,0.317998,-0.639349,1.098090
2.946430,1.698330,2.009730,1.554820,2.625450,2.078540,2.712840,2.911990,2.446100,2.180280,0.948144,1.790910,0.359032,-1.470470,0.305730,-0.682757,1.094580
2.960300,1.649180,2.163830,1.522540,2.702760,1.882150,2.783910,2.917890,2.467500,2.109130,0.762780,1.698970,0.402151,-1.494800,0.271384,-0.565495,1.054570
2.905370,1.709160,2.341200,1.503340,2.677550,2.438210,2.698540,2.965870,2.380880,2.105240,0.786455,1.756980,0.372807,-1.464250,0.337026,-0.761429,1.154310
2.976100,1.830960,2.352430,1.622760,2.659530,2.057230,2.646680,2.945450,2.386460,2.054150,0.691996,1.779190,0.424635,-1.480360,0.350351,-0.718910,1.062050
2.959040,1.461950,2.317530,1.451180,2.671930,2.131490,2.692980,2.844010,2.359910,2.038140,0.917065,1.876160,0.439256,-1.491850,0.033936,-0.747473,1.037650
2.854780,1.698910,2.423270,1.465100,2.665970,2.207970,2.792290,2.863110,2.284440,2.131680,0.861402,2.015010,0.325328,-1.503020,-0.111836,-0.836933,1.166080
2.890940,1.571660,2.173740,1.519040,2.614530,1.920630,2.769630,2.895270,2.072890,2.125690,0.983774,2.055630,0.197893,-1.521140,-0.234904,-0.906542,1.212710
2.907530,1.151560,2.304130,1.669970,2.396570,1.991030,2.748880,2.780760,1.978850,1.832240,0.996298,2.386040,0.481771,-1.287740,-1.199380,-0.952780,1.398060
2.888000,1.418060,2.243760,1.684310,2.113510,2.113380,2.634430,2.583490,1.697320,2.077920,0.713452,2.391010,0.436547,-1.336850,-1.539440,-0.871036,1.340480
2.870980,1.694670,2.381270,2.195620,1.911680,2.005730,2.453880,2.384990,1.340470,1.762880,0.894018,2.966120,0.470003,-1.102500,-2.461250,-1.123180,1.488810
2.485000,0.826084,2.526900,1.541400,1.789240,1.750380,2.671460,2.375120,1.205060,1.827650,1.141040,2.825170,0.537863,-0.850499,-2.138760,-0.939923,1.450820
2.644930,0.962410,2.436960,2.016820,1.907710,1.917870,2.492900,2.243200,1.095250,1.725390,1.392870,2.900430,0.256570,-0.924901,-2.624620,-1.069300,1.568060
2.640240,1.135500,2.416970,2.437410,1.840840,1.483530,2.576970,2.101060,0.973419,1.789610,1.445200,2.995520,0.417595,-0.869398,-2.669890,-1.032460,1.603750
2.719220,1.150520,2.645310,2.315200,1.809220,1.730090,2.570950,1.987260,0.824327,1.733040,1.393690,3.164900,0.219066,-0.998667,-2.718660,-0.928442,1.530260
2.627790,1.139250,2.377820,2.472630,1.833410,1.664490,2.505000,2.043830,0.854566,1.550900,1.569150,3.191260,-0.115767,-0.993873,-2.757670,-0.862080,1.571840
2.672510,1.038250,2.416930,2.525440,1.767170,1.652690,2.329230,2.015920,0.774707,1.475640,1.605450,3.134990,0.041876,-0.978847,-2.849210,-1.082290,1.483910
2.677030,0.832134,2.148870,2.371650,1.732090,1.608290,2.278350,1.862900,0.758999,1.238610,1.620000,3.158330,-0.115344,-1.029790,-2.831810,-1.286700,1.461050
2.823410,1.416400,2.073040,2.162100,1.735630,1.308470,2.304530,1.728210,0.675457,1.315810,1.814750,2.933450,-0.127932,-0.943212,-2.986040,-1.400290,1.538890
2.692560,1.284380,1.981840,2.261980,1.617780,1.496110,2.274230,1.674650,0.634550,1.375970,1.659060,2.999400,-0.064290,-0.919534,-2.978550,-1.210490,1.623800
2.648930,1.255350,2.141380,2.440160,1.501360,0.908791,2.084810,1.632320,0.670643,1.100040,1.692850,2.934110,-0.282772,-1.017900,-3.173020,-1.343340,1.622360
2.624240,0.825190,2.203250,2.527650,1.572820,0.995069,2.123190,1.629750,0.609338,1.036590,1.585990,3.006470,-0.085651,-0.997123,-2.943000,-1.323460,1.613260
2.769600,1.389580,2.215230,2.599130,1.482610,1.139010,2.215920,1.495920,0.519848,1.039120,1.680410,2.700900,0.028788,-1.013360,-2.997950,-1.309440,1.548560
2.785650,1.203450,2.220320,2.811750,1.476790,1.179100,2.170820,1.412610,0.469519,0.943444,1.606810,2.653690,0.047148,-1.051970,-2.833890,-1.310590,1.633630
2.818660,1.659960,2.264550,2.774690,1.539170,1.133080,2.227350,1.591000,0.530258,1.026760,1.557850,2.426380,-0.106771,-1.177290,-2.965270,-1.236760,1.555870
2.690900,1.324360,2.241940,2.627930,1.509160,0.814341,2.168610,1.626420,0.529420,1.095530,1.568240,2.567000,-0.157536,-1.143640,-2.959910,-1.209130,1.573180
2.572980,1.253640,2.365880,2.505400,1.460460,0.839709,2.187850,1.488780,0.511066,1.231760,1.499440,2.523500,-0.081289,-1.098630,-2.940340,-1.307920,1.660350
2.697520,1.304580,2.469670,2.540450,1.488690,0.857276,2.236050,1.625400,0.558140,1.296400,1.481120,2.224120,-0.144168,-1.132940,-2.897190,-1.140930,1.654950
2.795550,1.227730,2.532860,2.634200,1.465890,0.590784,2.162460,1.664670,0.576069,1.274700,1.428160,2.155020,-0.211908,-1.083470,-2.658580,-0.958676,1.631960
2.791210,1.340540,2.456920,2.527410,1.528010,0.886813,2.203020,1.625080,0.552549,1.184360,1.329630,2.280090,-0.178873,-1.088850,-2.593920,-0.951741,1.660630
2.702780,1.191620,2.306720,2.303220,1.424920,0.820649,2.054220,1.500380,0.579390,1.180840,1.352570,2.218540,-0.200345,-1.051500,-2.742150,-0.849486,1.615290
2.692840,1.185180,2.242710,2.685010,1.374260,0.486174,2.070350,1.321420,0.510127,1.361100,1.287780,2.110440,-0.363029,-1.100830,-2.759990,-0.875780,1.557560
2.580090,1.156380,2.332570,2.734450,1.344610,0.874722,2.012710,1.370210,0.441062,1.360470,1.259760,2.160120,-0.327536,-1.024080,-2.806150,-1.022160,1.687310
