AU01,AU02,AU04,AU05,AU06,AU07,AU09,AU10,AU12,AU14,AU15,AU17,AU20,AU23,AU25,AU26,AU45
1.719820,1.960110,2.347700,1.940540,0.249494,1.643280,2.004870,1.103480,0.997124,1.431690,1.218570,1.421790,0.746315,3.118170,-0.946352,-0.277787,-0.772621
0.835034,1.348580,2.625010,2.061780,0.195856,1.632690,2.370370,1.291740,0.724951,1.529930,1.074700,1.523640,1.005290,2.729670,-1.110410,0.010134,-0.164373
0.152355,1.037740,2.931230,1.889820,0.397185,1.967340,2.823400,1.393760,0.592096,1.734000,1.205660,1.640710,0.963940,2.345940,-1.196920,-0.109282,0.152201
0.206221,1.503760,2.787750,1.844400,0.282759,1.507900,2.744480,1.402350,0.646358,1.517870,1.317870,1.239800,0.853455,2.311560,-1.169220,-0.179737,0.037058
0.191565,1.279370,2.796380,1.928940,0.438704,2.020970,2.862390,1.333130,0.713532,1.507060,1.352440,1.314500,0.772503,2.234080,-1.408560,-0.191733,-0.147066
0.221224,1.449210,2.523720,2.021320,0.406351,1.547340,2.789150,1.397060,0.750435,1.607910,1.259390,1.267350,0.838022,2.268660,-1.315970,-0.320892,-0.146917
0.135317,1.278370,2.605310,1.952120,0.432153,1.593270,2.778860,1.342370,0.755717,1.566600,1.233180,1.404480,0.810659,2.275950,-1.319900,-0.303591,-0.158841
0.126574,1.397990,2.688040,1.891740,0.432869,1.695930,2.857830,1.297260,0.780531,1.810130,1.203640,1.441220,0.976498,2.304700,-1.412120,-0.259150,-0.131645
0.329537,1.541220,2.753030,1.910050,0.451903,1.971670,2.896120,1.397310,0.772987,1.537640,0.974960,1.348480,0.910161,2.237010,-1.437150,-0.239097,-0.119509
0.139536,1.273060,2.732450,1.834130,0.457192,1.971100,2.879370,1.337130,0.777711,1.623800,1.147750,1.152290,0.871752,2.224060,-1.454310,-0.518004,-0.120544
0.250546,1.456470,2.753820,1.696630,0.512130,1.957090,2.741370,1.274960,0.783636,1.468390,0.984053,1.356920,0.888335,2.254570,-1.319690,-0.219893,-0.073712
0.319068,1.345740,2.844590,1.892190,0.471828,1.890070,2.719500,1.203230,0.773413,1.520210,1.119810,1.343130,0.735430,2.168990,-1.348510,-0.247328,-0.124817
0.353296,1.216280,2.756160,1.638980,0.427700,1.869140,2.771110,1.205090,0.770561,1.585810,1.050790,1.298460,0.860933,2.226180,-1.318970,-0.238447,-0.195937
0.353393,1.113220,2.795700,1.746730,0.455829,1.845340,2.797530,1.239280,0.767588,1.601540,0.982172,1.358710,0.857906,2.223600,-1.336680,-0.199614,-0.097001
0.451655,1.068250,2.682340,1.805420,0.455608,2.100220,2.697180,1.119960,0.806076,1.419650,1.021700,1.200280,0.930351,2.195420,-1.217340,-0.349309,-0.133616
0.315783,1.301170,2.594350,1.904670,0.497549,1.969000,2.697730,1.153370,0.832052,1.371460,1.208980,1.418190,1.000000,2.224060,-1.226030,-0.482651,-0.126974
0.477989,1.692870,2.512430,1.924350,0.545544,2.232930,2.805370,1.167710,0.839604,1.346390,1.261470,1.323900,0.978485,2.211200,-1.171170,-0.582477,-0.231043
0.492816,1.659620,2.628560,1.927990,0.540124,2.015600,2.727970,1.137310,0.884104,1.241060,1.189960,1.166710,0.800849,2.069880,-1.073270,-0.673414,-0.160746
0.270590,1.378130,2.573560,2.000840,0.519816,1.873640,2.629950,1.137340,0.930835,1.241330,1.180360,1.058970,0.877915,2.051530,-1.135610,-0.560565,-0.138310
0.307555,1.569090,2.616880,1.994980,0.542215,1.841880,2.714150,1.175380,0.933984,1.257770,1.078950,1.041330,0.825902,2.096520,-1.119120,-0.553221,-0.126983
0.417590,1.579090,2.636610,1.965890,0.552909,1.747030,2.686120,1.113220,0.952387,1.223090,1.217330,1.151240,0.967581,2.085090,-1.073840,-0.320285,-0.079509
0.377229,1.408740,2.612180,1.835540,0.514419,1.602960,2.647380,1.060740,0.971350,1.165360,1.226460,1.247040,0.997167,2.106000,-1.010780,-0.414168,-0.071207
0.464558,1.439590,2.774190,2.136100,0.515903,1.833280,2.697960,1.137570,0.982522,1.187890,1.035890,1.211790,0.957230,2.033610,-0.895662,-0.378334,-0.093679
0.449382,1.473910,2.688790,1.980460,0.506134,1.419490,2.597040,1.175470,1.041730,1.270690,0.982753,1.180150,0.944134,2.084310,-0.924143,-0.393277,-0.000906
0.502546,1.668030,2.796730,1.957970,0.508739,1.437150,2.673010,1.283800,1.070980,1.386230,0.955849,1.095010,0.827272,2.033640,-0.931319,-0.321590,-0.018214
0.415304,1.555790,2.830710,2.162000,0.508916,1.493100,2.680010,1.238640,0.998454,1.482670,1.024660,1.173060,0.829163,2.032960,-0.992986,-0.241074,-0.022072
0.576183,1.601420,2.667430,1.769740,0.421600,0.962258,2.590940,1.229200,1.044930,1.420270,0.964551,1.198130,0.830746,2.073290,-0.818792,-0.188424,0.028533
0.349435,1.374190,2.783600,1.940740,0.496838,1.602260,2.660540,1.238640,1.060870,1.422540,0.919308,1.142510,0.876718,1.971600,-0.960897,-0.232648,0.001082
0.202345,1.174040,2.685430,1.718720,0.546482,1.952790,2.702430,1.246780,1.044680,1.377520,0.875769,1.239510,0.830230,2.001550,-1.011010,-0.364002,-0.029571
0.213570,1.222010,2.792030,1.814240,0.565450,2.048040,2.750000,1.131860,1.021340,1.202210,0.798821,1.139540,0.938651,2.022470,-1.005640,-0.522733,-0.025571
0.306719,1.071960,2.746910,1.745430,0.627518,2.015710,2.678490,1.196180,1.088740,1.209310,0.793901,1.039690,0.853373,1.949970,-0.999864,-0.682730,-0.097562
0.052090,0.983739,2.903110,1.866690,0.647443,2.015240,2.661890,1.189390,1.119600,1.320810,0.874573,0.981197,0.757424,1.983340,-0.854905,-0.667612,-0.123567
0.124962,1.091270,2.700450,1.808410,0.632264,1.834340,2.741350,1.409480,1.106280,1.477880,0.971068,1.052300,0.628014,1.963330,-0.774753,-0.600138,-0.117550
0.072290,1.067180,2.632170,1.773520,0.624993,1.955920,2.760920,1.371350,1.131080,1.381830,1.023370,1.094840,0.762413,1.971510,-0.870926,-0.566650,-0.056181
0.129913,0.931544,2.892070,1.889380,0.593881,2.223480,2.759690,1.249490,1.127180,1.414360,0.984816,1.061630,0.819871,1.934430,-0.767920,-0.617145,-0.089701
0.121326,1.065910,2.866760,1.673740,0.578669,2.091060,2.707820,1.452880,1.139930,1.378950,0.815266,0.930350,0.830400,1.942490,-0.648844,-0.500397,-0.061824
0.070767,1.087680,2.655000,1.949890,0.645038,2.119290,2.696240,1.360950,1.129080,1.386030,0.908270,1.207790,0.851850,1.954950,-0.595821,-0.210697,-0.088821
0.120266,1.200900,2.698000,1.888460,0.641042,1.969740,2.687240,1.250520,1.170490,1.272840,0.908226,1.263890,0.887267,1.901840,-0.553973,-0.156895,-0.083362
0.119836,1.153930,2.646750,1.982870,0.676200,2.071950,2.641230,1.337720,1.180660,1.268190,0.888094,1.144270,0.674588,1.851690,-0.329443,-0.173571,-0.069539
0.106174,1.169920,2.805750,1.537430,0.583268,1.685720,2.789490,1.264670,1.178960,1.373900,0.859748,1.009210,0.851504,1.833060,-0.039668,-0.115119,-0.107343
0.688508,1.584380,2.950100,1.709340,0.637288,1.726290,2.582480,1.094910,1.371260,1.654580,0.907029,1.122480,1.111750,1.920420,0.149083,-0.414360,-0.362859
0.335652,1.247550,2.822370,1.573780,0.631767,1.789520,2.466370,1.426950,1.175590,1.295600,0.986290,1.298550,0.882119,2.008430,-0.089374,-0.403024,0.122616
0.088632,1.023940,2.633560,1.663110,0.698886,2.350780,2.566630,1.619040,1.247050,1.402580,0.898824,1.305280,0.591350,1.723450,0.052367,-0.295582,0.194779
0.147332,1.030320,2.758470,1.393770,0.742646,2.480330,2.676710,1.606980,1.280170,1.530390,0.898515,1.037320,0.667664,1.366050,-0.029218,-0.502925,0.282157
0.125819,0.606122,2.633920,1.853000,0.705808,1.599310,2.767000,1.564330,1.351720,1.162860,1.107080,0.943116,0.507090,1.254810,0.288169,-0.379609,0.233603
-0.079588,0.738029,2.675920,1.325180,0.805343,1.954460,2.826100,1.781410,1.253290,1.250870,0.991645,1.215290,0.628952,1.219830,0.166567,-0.266010,0.286635
-0.021923,0.818544,2.889340,1.444750,0.905128,2.413640,2.818070,1.731850,1.237410,1.142210,0.791152,1.307250,0.465022,1.127590,0.003757,-0.234191,0.290686
0.456746,1.033610,2.787200,1.269830,0.897262,1.907230,2.808480,1.903000,1.486080,1.213630,1.005620,0.799744,0.288364,1.688580,0.490926,-0.175069,-0.146545
0.261246,0.828095,2.584310,1.006000,0.888691,2.155550,2.917440,1.874180,1.437030,1.472320,1.233180,1.108390,0.317818,1.404930,0.332706,-0.311897,0.017768
0.150972,0.756405,2.700230,1.528980,0.955243,2.472780,2.750280,1.961980,1.418100,1.381420,0.994442,1.134830,0.322405,1.367200,0.174204,-0.075006,0.160246
0.049282,1.010520,2.664150,1.619780,1.154790,2.754340,2.861150,1.915000,1.454780,1.300330,0.754482,0.917337,0.297876,1.315640,0.160189,-0.069442,0.152334
0.063998,1.259690,2.731260,1.532220,1.168140,3.047730,2.928680,1.896520,1.476120,1.386660,0.736365,0.973102,0.344988,1.347760,0.019327,-0.112013,0.169706
-0.119564,0.952193,2.634680,1.523990,1.191880,2.593390,2.842380,1.979700,1.545240,1.413650,0.744812,0.827489,0.159992,1.249770,0.170270,-0.113066,0.208941
0.109318,1.084270,2.535940,1.362340,1.218610,2.542800,2.887050,1.995590,1.555890,1.276280,0.698532,0.899839,0.167240,1.315650,0.134608,-0.063876,0.300153
0.098535,0.842611,2.960720,1.312630,1.199800,2.615240,2.904770,2.063330,1.520690,1.447720,0.749270,0.825932,-0.043590,1.276720,0.092567,0.050756,0.312383
0.110916,0.976054,2.973900,1.095730,1.250790,2.929650,2.985760,1.905010,1.516120,1.309410,0.484232,0.966272,0.096901,1.350980,0.354232,0.260970,0.342776
0.056646,0.792140,2.719650,1.073860,1.328250,2.725630,3.007420,1.897170,1.578950,1.280010,0.541707,0.970909,-0.041170,1.332520,0.370367,0.170824,0.415835
0.018601,0.730180,2.900040,1.129540,1.272550,2.633490,2.918600,1.933350,1.588570,1.361780,0.635770,0.935888,-0.129007,1.315450,0.427591,0.135399,0.417983
0.149417,0.862513,2.773550,1.029070,1.315390,2.649080,2.827220,1.972010,1.600380,1.400130,0.342407,0.962988,-0.199844,1.243870,0.562656,0.251196,0.341789
0.078273,1.215080,2.793720,1.156120,1.276650,2.562540,2.828960,2.045660,1.657080,1.419030,0.575175,0.980266,-0.043802,1.228650,0.762393,0.257831,0.336012
0.046563,1.067920,2.722910,0.865408,1.380140,2.807250,2.873710,1.907990,1.661630,1.332910,0.615738,0.841077,0.016155,1.220890,0.673049,0.388040,0.332262
0.066764,1.038670,2.924270,0.969202,1.445520,3.060000,2.822480,1.988610,1.723920,1.432130,0.648659,0.850169,-0.379727,1.141150,0.595807,0.758544,0.338984
0.192334,1.209710,2.787700,1.021950,1.430450,3.046870,2.814050,2.035230,1.719540,1.398350,0.423877,0.881580,-0.245440,1.241790,0.727245,0.603208,0.341302
0.245092,0.993122,2.752170,1.241710,1.484190,3.140680,2.622180,2.086110,1.801970,1.395170,0.331079,0.709129,-0.078037,1.253790,0.746599,0.785886,0.364454
0.149951,1.099290,2.602230,1.047920,1.406240,2.936710,2.531430,2.111060,1.800130,1.413440,0.337299,0.803568,-0.165653,1.345720,0.505226,0.787616,0.345884
0.249016,1.076570,2.642410,1.073270,1.443310,2.644530,2.645330,2.150760,1.769920,1.454070,0.557233,1.004370,-0.239033,1.331980,0.453290,0.727331,0.327366
0.419867,1.359200,2.864190,1.269420,1.437520,2.447290,2.527140,1.969100,1.793850,1.537190,0.560519,1.033530,-0.331661,1.347840,0.547676,0.745420,0.260267
0.283694,1.008630,2.581150,1.144040,1.482970,2.788190,2.587750,2.072400,1.769630,1.524820,0.445756,0.914075,-0.021380,1.334810,0.479121,0.546455,0.332908
0.409574,1.331400,2.817620,1.068240,1.498930,2.857680,2.643170,2.251510,1.790320,1.536370,0.563499,0.924459,-0.068789,1.364290,0.621509,0.705793,0.307368
0.132662,1.130810,2.794040,0.878003,1.503390,2.983420,2.721220,2.026220,1.768750,1.554390,0.605079,0.842044,-0.014365,1.335850,0.526458,0.916684,0.276963
0.223302,1.244320,2.848550,1.108770,1.501720,2.952330,2.608620,2.072480,1.814950,1.468360,0.532406,0.848127,-0.107853,1.302960,0.808599,0.754078,0.283514
0.115957,1.193520,2.920950,1.025790,1.562510,3.117250,2.684690,2.084850,1.859340,1.663080,0.590468,0.963361,-0.055202,1.351140,0.875840,0.681761,0.278058
0.176664,1.180100,2.950530,1.037010,1.527350,2.870980,2.605890,1.995290,1.840100,1.644600,0.594738,1.066250,0.000014,1.303820,0.723339,0.716223,0.300055
0.019044,1.128180,2.915230,0.819723,1.686020,2.754080,2.823730,2.047540,1.847630,1.628130,0.531276,0.964692,-0.076073,1.316170,0.725270,0.596397,0.491813
-0.191484,1.029750,2.939760,0.795021,1.715580,3.094650,2.691990,2.114890,1.881280,1.666840,0.280160,0.895746,0.083809,1.442880,0.623734,0.524894,0.611315
0.004890,1.254580,3.097670,0.825857,1.656000,3.241770,2.853900,2.099040,1.879820,1.778850,0.498599,1.052590,0.088603,1.426850,0.605897,0.398627,0.663174
-0.039687,1.113000,2.775490,0.738852,1.610880,3.322520,2.878760,2.184320,1.923710,1.788970,0.505265,0.840592,0.176196,1.459740,0.659375,0.465221,0.573146
-0.059302,0.963672,2.794930,0.869794,1.515930,3.309110,2.914500,2.053390,1.911280,1.890960,0.477446,0.929566,0.260071,1.449660,0.686717,0.634656,0.527832
-0.005955,0.885844,2.589470,1.070600,1.463500,2.778810,2.542120,1.804390,1.836230,1.893790,0.316770,1.067240,0.181362,1.683470,0.162051,0.858425,0.577181
0.188800,0.942116,2.416540,1.160210,1.487440,2.718710,2.562790,1.824610,1.802470,1.969720,0.504621,1.067450,0.305532,1.773120,0.293457,0.744678,0.445076
-0.085137,0.728971,2.587400,1.301970,1.519000,2.830230,2.417410,1.682970,1.865390,1.947740,0.532531,1.066930,0.433250,1.757800,0.257320,0.429210,0.557702
-0.180366,0.629523,2.506060,1.379230,1.493960,2.691240,2.327950,1.796120,2.005670,1.979620,0.404638,1.171510,0.489025,1.767330,0.405659,0.191962,0.465077
-0.111371,0.728725,2.356970,1.293030,1.509060,2.874790,2.397090,1.787890,1.943330,2.036530,0.588177,1.047470,0.440197,1.795350,-0.039319,0.449039,0.483643
-0.056760,0.646428,2.586930,1.426960,1.537550,2.672380,2.297500,1.799570,2.026810,2.237530,0.613856,1.009060,0.693894,1.699660,0.247940,0.437305,0.593455
-0.219416,0.681852,2.507760,1.151430,1.587110,2.632330,2.275060,1.748650,1.970350,2.179540,0.556607,1.122400,0.610121,1.712470,0.047433,0.314513,0.609959
-0.216518,0.584477,2.563500,1.058430,1.615490,2.453700,2.398720,1.746020,2.012150,2.267950,0.475997,1.045870,0.693820,1.819280,0.079642,0.245597,0.729045
-0.120831,0.742220,2.803470,0.794274,1.665120,2.564640,2.284420,1.778380,2.107130,2.284470,0.443242,0.887020,0.566255,1.742960,0.212999,0.286824,0.850160
-0.344358,0.613016,2.685640,0.718637,1.718440,2.565780,2.325370,1.715220,2.062930,2.221190,0.408474,0.911215,0.741031,1.768580,0.191318,0.355898,0.823734
-0.256650,0.655273,2.961650,0.593806,1.800920,2.906080,2.497250,1.690310,1.964620,2.108270,0.504635,1.027630,0.521201,1.703780,0.250097,0.425777,0.899182
-0.315694,0.780785,2.826200,0.328790,1.704760,2.715360,2.372900,1.776580,1.993830,2.205280,0.479941,1.096600,0.483961,1.753170,0.028692,0.568879,0.907725
-0.313521,0.932440,2.928580,0.425708,1.732370,2.874820,2.495250,1.755700,2.000070,2.023500,0.368428,1.143690,0.691251,1.807640,0.058183,0.490982,0.976083
-0.236361,0.890047,2.995000,0.837056,1.632610,2.755840,2.439590,1.784430,2.001480,2.040810,0.321592,1.148160,0.730759,1.843850,0.065611,0.767360,0.897907
-0.334563,0.478673,3.108350,0.570201,1.673420,2.887640,2.486590,1.775970,2.015680,2.269650,0.408097,1.190800,0.685248,1.781090,-0.037389,0.686807,0.877537
-0.290530,0.692266,3.147580,0.722445,1.627550,3.259990,2.390620,1.891260,2.018270,2.205420,0.270124,1.266880,0.669128,1.856320,-0.039433,0.745829,0.853229
-0.195996,0.580059,2.653680,0.859569,1.675110,2.955220,2.196060,1.677840,2.073980,2.190250,0.436538,1.029750,0.725087,1.716330,0.211046,0.821410,0.904412
-0.164581,0.765686,2.660570,1.294230,1.696870,2.920460,2.198070,1.787010,2.090480,2.125370,0.418617,1.148890,0.542580,1.666810,0.204797,0.888977,0.848066
-0.330910,0.639612,2.792840,1.237970,1.649280,3.167220,2.132110,1.798930,2.115540,2.105160,0.354132,1.282850,0.554389,1.680290,0.209928,0.861339,0.888538
-0.347142,0.674029,2.590210,1.557870,1.753740,2.794270,2.258400,1.706740,2.130920,2.180900,0.385183,1.087540,0.595254,1.755050,0.387890,0.844748,0.810009
-0.219815,0.770217,2.501060,1.078120,1.699170,3.063930,2.095190,1.503360,2.044630,2.113950,0.262302,1.276130,0.620394,1.732790,0.224232,0.705993,0.765755
-0.148341,0.562868,2.724050,1.312840,1.733540,3.099790,2.310400,1.602840,2.173820,2.054720,0.528887,0.941008,0.660322,1.366670,0.975296,0.983237,0.689189
-0.165160,0.490137,2.698880,1.269570,1.731680,2.785230,2.278450,1.578070,2.110140,2.023060,0.366109,1.092360,0.694634,1.429500,0.946801,0.886734,0.694335
-0.175680,0.438794,2.654080,1.290270,1.706400,3.294890,2.143010,1.648320,2.179970,1.750330,0.726886,1.074910,0.769635,1.327580,0.891020,0.667634,0.606680
-0.182836,0.593928,2.607710,1.244850,1.655790,3.131640,2.221060,1.617920,2.169500,1.868900,0.555941,1.019640,0.778005,1.266460,0.984368,0.858094,0.682482
-0.326391,0.404353,2.670840,1.415090,1.658800,3.165950,2.139560,1.578290,2.181160,1.941440,0.624398,1.050530,0.765546,1.243870,0.870896,0.764842,0.734299
-0.225194,0.827205,2.729950,1.564150,1.719580,3.064720,2.159790,1.706690,2.211000,1.873420,0.621392,1.110430,0.779090,1.254750,1.013090,0.921969,0.690367
-0.158828,0.591413,2.699360,1.246340,1.601330,2.981870,2.024880,1.664530,2.253810,1.908240,0.831922,1.293610,0.789300,1.261410,1.112860,0.894237,0.729843
-0.222119,0.639428,2.522900,1.136550,1.545880,2.753470,1.863950,1.658700,2.323700,1.980650,0.850137,1.305050,0.753077,1.254480,0.993036,0.825252,0.771193
-0.306882,0.601973,2.530160,1.329700,1.534450,2.714060,1.886630,1.657970,2.326430,1.883470,0.715633,1.190090,0.701023,1.287900,0.935642,0.686315,0.647774
-0.252369,0.404015,2.502960,1.475980,1.620340,2.797900,1.830890,1.683760,2.268060,1.843360,0.657410,1.193420,0.580109,1.315800,1.162080,1.053420,0.643727
-0.438275,0.407067,2.370600,1.178580,1.596000,2.906950,1.847410,1.656800,2.265740,1.841860,0.648594,1.268090,0.637567,1.295730,1.029210,1.155270,0.651105
-0.241656,0.580795,2.525680,1.511000,1.626800,3.044040,1.775940,1.709540,2.283130,1.850740,0.751719,1.155270,0.440867,1.268910,0.948446,1.030670,0.695965
-0.359322,0.177723,2.454260,1.438830,1.682100,2.943440,1.794400,1.609140,2.317220,1.745900,0.781470,1.135640,0.467227,1.223590,1.074330,1.018500,0.656923
-0.266823,0.718115,2.693250,1.645240,1.623200,2.801680,1.787060,1.763640,2.326810,1.852180,0.675573,1.076170,0.609491,1.179390,0.954768,0.920620,0.667143
-0.350767,0.631429,2.652320,1.733820,1.531830,2.853310,1.664660,1.717520,2.336360,1.912930,0.856131,1.185700,0.582668,1.209190,1.070550,0.819846,0.667335
-0.254755,0.732450,2.651360,1.789100,1.613780,3.048270,1.854220,1.692710,2.275310,2.000010,0.513671,1.082050,0.620655,1.207330,1.132940,0.947903,0.565982
-0.238859,0.737274,2.477810,1.437220,1.595310,2.921900,1.823930,1.768060,2.353140,1.954980,0.678833,1.097270,0.556790,1.176560,1.241870,0.710409,0.567165
-0.088928,0.796348,2.517930,1.513050,1.492270,2.776510,1.865080,1.802090,2.349590,1.965370,0.755351,1.082510,0.549279,1.225440,1.095310,0.730770,0.548260
-0.085561,0.585069,2.714020,1.593450,1.398990,2.927820,1.797600,1.663690,2.336870,1.791910,0.627369,1.623310,0.612529,1.266250,1.107830,0.839875,0.585504
0.032954,0.976538,2.661040,2.174340,1.421220,3.260740,1.831320,1.975110,2.414460,1.806470,0.621343,1.265940,0.506674,1.269030,1.184560,0.649088,0.553510
0.140950,0.846611,2.822860,1.710270,1.324920,3.321810,1.691300,1.694720,2.250370,1.678800,0.592383,1.399270,0.722003,1.258350,1.384390,0.727359,0.563508
0.074710,0.892373,2.845750,1.987140,1.437160,3.383950,1.724170,1.775900,2.310140,1.721630,0.743517,1.370360,0.582581,1.281150,1.366850,0.880391,0.462632
0.021939,0.542742,3.129800,1.732960,1.342720,3.509730,1.590760,1.552800,2.208790,1.497360,0.378180,1.228300,0.857836,1.299450,1.454940,0.567935,0.397763
0.086896,1.036570,3.212840,1.716870,1.367010,3.256850,1.552250,1.492620,2.249080,1.740040,0.253840,1.228570,1.083390,1.277090,1.594070,0.818003,0.486320
-0.062318,0.704707,3.082940,1.852440,1.481160,3.426340,1.728830,1.657190,2.299980,1.791750,0.610556,1.324610,0.987521,1.101360,1.223070,0.674626,0.425645
-0.114290,0.645916,3.185080,1.948120,1.468740,3.287560,1.779530,1.650820,2.232620,1.842760,0.541609,1.410870,0.963312,1.091490,1.362040,0.891861,0.501309
-0.234980,0.834194,3.076340,2.067160,1.515440,2.819780,1.608230,1.545800,2.196960,1.881300,0.721567,1.313980,1.016540,0.979433,1.332820,0.527023,0.470207
-0.226194,0.667461,3.030040,1.625090,1.567180,3.019900,1.731630,1.662770,2.222880,1.796650,0.747737,1.195620,0.966128,0.994066,1.603900,0.364029,0.460787
-0.190884,0.584120,2.900850,1.658080,1.402510,2.781320,1.621150,1.505350,2.160780,1.774180,0.851739,1.097250,0.923331,1.093560,1.492710,0.423643,0.372739
-0.124481,0.592785,3.059180,1.687670,1.554910,2.914700,1.485110,1.588460,2.187190,1.599970,0.798126,1.147130,0.955449,0.999048,1.599210,0.499513,0.317976
-0.259777,0.696857,2.846810,2.072580,1.569430,2.369480,1.382630,1.513410,2.174090,1.667920,0.773756,1.038300,1.036500,1.150520,1.572600,0.599475,0.304349
-0.265089,0.437922,2.919200,2.336560,1.607050,2.744760,1.445030,1.259410,2.151700,1.694100,0.580201,0.825503,0.927456,1.186570,1.598260,0.514166,0.392797
-0.202386,0.971251,3.077140,2.361680,1.599800,2.696950,1.711160,1.197660,2.045200,1.478620,0.489216,0.694680,1.032540,1.203610,1.610090,0.602128,0.267859
-0.269280,0.795264,2.892650,2.260060,1.501960,2.754970,1.596390,1.224850,2.016200,1.623220,0.708829,0.722005,0.882299,1.316910,1.314210,0.370981,0.321330
-0.246538,1.217010,2.805010,2.244670,1.506880,2.565790,1.553890,1.018660,2.091120,1.447030,0.668189,0.936929,0.878363,1.381960,1.512180,0.589844,0.173112
-0.323593,0.957030,2.595840,2.149670,1.566200,2.080370,1.690090,1.184410,2.177540,1.914010,0.476162,0.503106,0.646236,1.426940,1.149830,0.376698,0.105769
-0.310128,0.504962,2.260720,2.124180,1.595320,2.086150,1.842020,1.307820,2.184660,1.707880,0.747551,0.798077,0.515971,1.445420,1.298830,0.290433,-0.056936
-0.460536,0.048942,2.179440,2.573620,1.605340,2.306820,1.919380,1.397550,2.213120,1.869180,0.796437,0.762162,0.523218,1.567700,1.212270,0.313354,-0.087836
-0.412852,-0.090063,2.261770,2.314600,1.616170,2.253420,2.086400,1.518780,2.120910,1.548600,0.676877,0.697837,0.682569,1.504270,1.199300,0.251684,-0.038936
-0.337164,0.201356,2.341090,2.390810,1.615780,2.381950,2.197520,1.342330,2.104050,1.483920,0.867103,0.984416,0.668231,1.600250,1.052360,0.266394,-0.076500
-0.189790,0.172838,2.550630,2.208840,1.598280,2.404150,2.277680,1.612420,2.228550,1.885140,0.818444,0.850187,0.539280,1.526200,1.158810,0.463764,0.010549
-0.319335,0.321525,2.490380,2.257680,1.654130,2.421780,2.342180,1.562480,2.219340,1.874390,1.273880,0.673285,0.583823,1.525120,0.942129,0.403475,0.025120
-0.152259,0.118901,2.458320,1.935020,1.785960,2.595780,2.396200,1.627910,2.219890,1.840930,0.912135,0.537290,0.293926,1.409330,1.093060,0.236497,0.031340
-0.252275,0.276735,2.610010,1.870470,1.838460,2.888260,2.499370,1.661010,2.257140,1.949130,0.902368,0.511243,0.360909,1.494250,1.040770,0.226831,0.014396
-0.285279,0.536345,2.825890,2.022590,1.929440,2.531850,2.772850,1.616470,2.074770,1.893140,1.067760,0.966823,0.037108,1.429060,0.685467,0.014754,0.220742
-0.449068,0.480477,2.710110,1.712260,2.010380,2.941890,2.806840,1.647810,2.168880,1.950720,0.992637,1.100220,0.097125,1.435630,0.557891,0.027168,0.160211
-0.438295,0.460246,2.925280,1.873050,2.138430,2.365780,2.964940,1.615320,2.139000,2.121590,0.991420,0.775060,0.510850,1.482230,0.748829,-0.076509,0.151630
-0.183675,0.762925,3.066030,1.763920,2.022450,2.585320,2.879640,1.793540,2.103660,1.959860,0.936308,0.855485,0.478074,1.377580,0.714559,0.185713,0.204116
-0.244991,0.486104,2.849670,2.163690,2.109420,2.433780,2.900210,1.732120,2.119820,2.074130,0.656209,0.983749,0.126685,1.259380,0.555436,0.281754,0.267165
-0.284077,0.477871,2.903760,1.998380,2.158090,2.672350,2.991180,1.814270,2.098800,2.046620,0.710008,1.127720,0.228247,1.312130,0.485178,0.028939,0.210940
-0.377669,0.613279,2.981590,1.969450,2.202250,2.682020,3.056990,1.757230,2.130650,1.995770,0.835964,1.096130,0.020691,1.280660,0.560676,0.334766,0.251901
-0.341929,0.618687,3.022880,2.108370,2.225560,2.659680,3.178560,1.861950,2.075460,2.165910,0.670265,1.239170,0.030729,1.294800,0.572288,0.228814,0.165555
-0.328863,0.833193,2.899360,2.112670,2.337860,2.946150,3.179390,1.849470,2.142450,2.193450,0.819342,1.299740,0.026851,1.323350,0.470183,0.222781,0.143168
-0.548155,0.557034,3.095590,1.746850,2.295770,2.845380,3.265700,1.849400,2.109310,2.066080,0.852832,1.461080,0.154834,1.259580,0.274173,-0.010341,0.171518
-0.159029,0.460453,2.917780,1.676090,2.322550,2.891920,3.351400,1.814850,2.117670,1.899540,0.833766,1.128360,-0.030916,1.139140,0.556206,0.133427,0.231972
-0.354862,0.348118,3.167890,2.069100,2.252740,2.647490,3.154560,1.874320,2.146610,1.802020,0.736893,1.240790,-0.143648,1.149370,0.389004,0.217493,0.266024
-0.432024,0.684887,2.917990,1.782170,2.263390,2.999290,3.198630,1.840970,2.125550,1.852530,0.768500,1.311540,0.059236,1.141680,0.264246,0.321662,0.416187
-0.357299,0.767829,2.988780,1.673050,2.325640,2.925800,3.235210,2.021950,2.145870,1.860160,0.581719,1.028080,0.076920,1.061290,0.500267,0.466194,0.413346
-0.244077,0.635269,2.997620,1.776520,2.300190,3.163930,3.140100,1.982400,2.221370,1.905230,0.616788,1.047240,0.154028,0.907938,0.407057,0.322709,0.451212
-0.305339,0.444809,2.955170,1.537820,2.287930,3.184440,3.269510,1.968640,2.133490,1.943010,0.647326,1.282560,0.196414,0.967486,0.467586,0.436681,0.521191
-0.351573,0.468198,3.022180,1.676360,2.325700,3.254880,3.000980,2.015480,2.169740,1.700710,0.732871,1.211160,-0.122595,1.076200,0.373603,0.266767,0.535286
-0.265571,0.542778,3.176990,1.420750,2.271860,3.364820,3.145030,1.897300,2.103880,1.690510,0.670535,0.999626,0.209919,1.043890,0.372677,0.462865,0.558854
-0.340547,0.735218,3.064500,1.071640,2.003580,2.909400,2.774800,1.788020,2.085760,1.803790,0.680406,0.725055,0.131256,1.116100,0.720918,0.671363,0.660622
-0.267957,0.687163,2.925650,1.494860,2.101800,2.980050,2.834490,2.022140,2.122250,1.865070,0.656737,0.782198,0.200079,1.232620,0.869871,0.631621,0.704255
-0.452313,0.760203,2.877380,1.233720,2.012800,2.861770,2.755590,2.021330,2.175870,1.898950,0.705404,0.784503,0.261237,1.286410,1.000510,0.434072,0.724845
-0.493055,0.897222,2.909330,1.393560,2.055680,2.926420,2.583070,2.145960,2.119790,2.166530,0.636643,0.854258,0.222861,1.356310,0.933177,0.469906,0.752917
-0.432004,0.898911,2.790830,1.291900,2.036720,2.960740,2.735840,1.808800,2.130130,2.004300,0.683212,0.705272,0.359031,1.393040,0.723779,0.408280,0.712776
-0.382089,0.740669,2.584620,1.484240,1.932090,2.843000,2.678470,1.882730,2.088520,1.945570,0.979471,0.928633,0.333226,1.405340,0.581059,0.566712,0.653887
-0.276189,0.638512,2.745890,1.922290,2.040450,2.997070,2.735560,1.865800,2.161600,2.148750,0.891234,0.830350,0.288563,1.278130,0.723151,0.386665,0.628795
-0.061827,0.873112,2.869530,1.716630,2.074310,2.654850,2.714810,1.887910,2.214860,2.008330,0.901337,0.886387,0.247910,1.282800,0.548800,0.175848,0.446038
-0.362979,0.723219,2.479910,1.936890,2.036700,2.957830,2.763940,2.027110,2.187080,2.050920,1.023760,0.960985,0.184792,1.304480,0.771024,0.137824,0.535000
-0.279687,0.592048,2.480780,1.894180,1.923530,2.740390,2.836490,1.745230,2.174000,2.084820,0.833561,0.954947,0.400683,1.413270,0.623002,0.205230,0.425270
-0.337077,0.550249,2.461000,1.831340,1.984090,2.619330,2.710760,1.795170,2.155480,2.034460,0.863997,0.774652,0.268799,1.325700,0.677737,0.325150,0.487502
-0.250664,0.828129,2.435550,1.459550,1.940320,2.574500,2.733330,1.710810,2.184430,1.942690,1.067400,0.739314,0.365013,1.280140,0.590748,0.075662,0.567445
-0.483448,0.542210,2.541440,1.833160,1.957800,2.271760,2.653120,1.930150,2.306000,2.046620,1.033190,0.730677,0.207247,1.267190,0.662671,-0.125178,0.527124
-0.255905,0.732699,2.319940,1.786100,1.979700,2.234140,2.642390,1.924740,2.292360,2.219120,0.877842,0.773272,0.325336,1.393910,0.741987,-0.184610,0.479319
-0.163659,0.606898,2.473170,1.424690,1.920760,2.079500,2.638540,1.843290,2.325360,2.244000,0.835258,0.568745,0.307731,1.516840,0.815393,-0.445523,0.503072
-0.140561,0.841716,2.794310,1.499950,1.776370,2.141210,2.498360,1.829420,2.274640,2.239190,0.751150,0.438872,0.350228,1.553640,0.794783,-0.439458,0.501593
-0.383983,0.758109,2.375170,1.493250,1.842450,2.427410,2.536400,1.865950,2.294510,2.339250,0.849881,0.537729,0.362666,1.501290,0.865464,-0.283464,0.519401
-0.224953,0.697485,2.615860,1.750320,1.800320,2.448000,2.286220,1.959820,2.299200,2.228320,1.061070,0.547523,0.235385,1.509800,0.871023,-0.379035,0.526342
-0.105202,1.027310,2.677260,1.466070,1.824120,2.396130,2.363650,1.918600,2.277340,2.215930,0.918684,0.610186,0.284626,1.504860,0.859890,-0.330805,0.649907
-0.063297,0.836457,2.566530,1.290180,1.842780,2.460280,2.110680,1.862060,2.286810,2.388010,0.747565,0.895262,0.248465,1.873060,0.418902,-0.340238,0.685795
0.082984,1.054820,2.503900,1.388110,1.871450,2.628440,2.147500,1.924980,2.223070,2.339670,0.721030,0.796796,0.247675,1.941760,0.229651,-0.204601,0.613386
-0.060502,1.051980,2.600280,1.027500,1.743760,2.396630,2.112460,1.941470,2.353770,2.282920,0.904483,1.155170,0.116711,1.962020,0.361002,-0.201490,0.675944
-0.209558,0.589363,2.190920,1.550990,1.849780,2.598750,2.200790,1.838910,2.289540,2.210260,0.662821,1.054270,0.155555,2.014620,0.312374,-0.076458,0.566981
-0.085131,0.785913,2.109860,1.613530,1.851340,2.557260,2.153650,1.915430,2.377860,2.283570,0.809009,0.952066,0.227066,1.999490,0.245075,-0.128580,0.577376
-0.143090,0.624292,2.378240,1.392390,1.830360,2.423800,2.119310,2.100160,2.361190,2.283450,0.683315,0.774560,0.240756,2.072430,0.377319,-0.100720,0.653760
-0.282548,0.614339,2.351500,1.500280,1.791030,2.397440,2.101650,2.049700,2.399940,2.175120,0.748476,1.069480,0.185587,2.058370,0.280495,-0.198731,0.676581
-0.065206,0.511582,2.341180,1.273910,1.777320,2.320200,2.167850,1.935050,2.392200,2.358280,0.897390,1.166950,0.137528,1.997980,0.250662,0.041070,0.646968
0.000193,0.746392,2.203580,1.365360,1.749310,2.332570,2.139360,2.008840,2.391530,2.087950,0.928956,1.381700,0.116702,2.044580,0.499353,-0.406657,0.632998
-0.103451,0.680223,2.175730,1.276990,1.719060,2.096250,2.052610,2.149250,2.410450,2.213610,1.165360,0.949590,0.168291,1.877400,0.668074,-0.156357,0.604290
-0.121889,0.519912,2.285370,1.526600,1.905320,2.697930,2.363240,1.954870,2.383160,1.883960,1.073980,0.952260,0.311934,1.701020,0.725696,-0.376598,0.469911
-0.172980,0.585683,2.504500,1.429740,1.897720,2.948540,2.456340,2.064420,2.366390,2.074670,1.134360,1.055170,0.359540,1.612900,0.598360,-0.409944,0.551145
-0.005378,0.667471,2.515900,1.199400,1.804460,2.822300,2.483840,2.045230,2.327910,2.237710,1.085670,0.965920,0.479633,1.678790,0.763172,-0.394275,0.598367
-0.152313,0.485853,2.459860,1.272490,1.937810,2.707950,2.564580,2.033770,2.232540,2.118510,0.934756,0.816966,0.578095,1.714700,0.637674,-0.466325,0.534310
-0.191729,0.352520,2.588520,0.901070,1.863540,2.480890,2.541930,1.995750,2.325900,2.083270,1.003560,0.997832,0.483937,1.618850,0.517048,-0.567836,0.585354
-0.349401,0.150991,2.452820,1.093430,2.032280,2.711250,2.745600,2.023660,2.291780,2.314180,1.015890,0.982050,0.442270,1.649010,0.582652,-0.456224,0.593595
-0.331997,0.148546,2.471730,1.350070,1.994320,2.507170,2.765130,2.030320,2.313570,2.342420,0.933621,1.009200,0.349773,1.630440,0.473789,-0.324027,0.545345
-0.318510,0.451230,2.613380,0.971561,1.982510,2.568360,2.765620,2.069800,2.275750,2.397950,0.929931,0.925080,0.501674,1.644560,0.522728,-0.190660,0.577599
-0.242366,0.561291,2.604350,1.226520,1.937800,2.468870,2.759300,2.016050,2.248970,2.417410,0.905384,0.898966,0.618251,1.645440,0.430338,-0.548711,0.605610
-0.207704,0.690671,2.556550,1.073820,1.927200,2.313400,2.649780,1.996580,2.275400,2.546650,0.897639,0.966288,0.392590,1.647170,0.477665,-0.589976,0.567433
-0.481541,0.616805,2.683160,0.942896,1.942470,2.136290,2.679960,1.958400,2.245450,2.619280,1.045830,0.815693,0.537729,1.595370,0.569077,-0.417085,0.605242
-0.305299,0.262652,2.375130,0.953867,1.855730,2.111150,2.619440,2.024280,2.295580,2.335280,0.941414,0.937595,0.447195,1.747120,0.396898,-0.446381,0.676846
-0.357560,0.342785,2.492380,0.840384,1.804820,2.085570,2.576740,1.852540,2.154370,2.057970,0.727246,1.115240,0.406471,1.889670,0.177867,-0.475546,0.673060
-0.274850,0.622414,2.312640,1.004350,1.853200,2.409490,2.408130,1.964460,2.276380,2.400640,0.799891,1.318320,0.266301,2.056380,0.414070,-0.418631,0.724589
-0.277169,0.509211,2.468000,0.882482,1.882890,2.092310,2.349690,1.919310,2.267310,2.327440,0.749148,1.248270,0.239182,1.980760,0.218439,-0.675451,0.797762
-0.254569,0.435866,2.371680,1.174960,1.860350,2.203470,2.379740,1.957970,2.223100,2.292310,0.771382,1.211500,0.399921,2.092790,0.063489,-0.503565,0.756721
-0.233282,0.529100,2.226290,0.773728,1.851540,2.073020,2.353770,1.990420,2.325050,2.284300,0.827370,1.359280,0.426034,2.103320,0.048328,-0.497872,0.735861
-0.298270,0.609713,2.229610,0.886513,1.685950,1.927040,2.251370,1.971990,2.336750,2.267590,0.821236,1.027600,0.345619,2.069870,0.381122,-0.586942,0.681918
-0.309665,0.708433,2.373920,0.837105,1.781350,1.748760,2.323590,2.098650,2.343790,2.410380,0.695786,1.019900,0.236369,1.989020,0.136428,-0.298388,0.692136
-0.252595,0.833426,2.418050,0.871866,1.794330,2.188710,2.251720,1.942600,2.305060,2.215300,0.774182,1.020830,0.365888,1.893030,0.046349,-0.462220,0.741715
0.041944,0.749637,2.354330,0.804868,1.848110,1.960470,2.471600,2.023120,2.325940,2.157550,0.718929,0.902878,0.595063,1.921970,-0.085050,-0.442616,0.756056
-0.277686,0.321776,2.302570,1.020810,1.817600,1.951330,2.374580,1.897450,2.351760,2.207200,0.670809,0.940664,0.373972,1.930940,-0.012918,-0.217504,0.860410
-0.422903,0.479099,2.309360,0.851578,1.820340,2.101340,2.502670,1.971490,2.297300,2.294460,0.540621,0.878172,0.448295,1.984830,-0.053573,-0.103226,0.827816
-0.219746,0.594896,2.473800,1.187120,1.740480,2.425410,2.367790,2.002350,2.301410,2.317470,0.758865,0.888469,0.312233,1.959740,-0.085704,-0.195186,0.884534
-0.396014,0.544668,2.252270,0.772569,1.734710,2.141020,2.452830,1.945660,2.308420,2.216630,0.694810,0.812527,0.447287,1.916560,-0.273770,-0.331323,0.765381
-0.202798,0.655135,2.360660,1.101740,1.777710,2.230280,2.329260,2.017670,2.314560,2.249190,0.723934,0.774099,0.501987,1.888140,-0.199623,-0.409612,0.774832
-0.023865,0.898387,2.358630,1.184180,1.817390,2.324590,2.475890,1.980990,2.214340,2.034730,0.614035,0.979437,0.353390,1.934620,-0.251435,-0.406351,0.708588
-0.124770,0.612008,2.518770,1.198850,1.825560,2.125980,2.400330,2.005750,2.263100,2.213700,0.634059,0.857038,0.339804,1.895080,-0.351943,-0.276304,0.785513
0.178182,0.943207,2.413920,1.193950,1.668950,2.010220,2.368540,1.900730,2.179760,2.117490,0.766403,1.103180,0.335604,1.989390,-0.614623,-0.421344,0.683385
0.250221,1.117540,2.427780,1.593520,1.767990,2.430250,2.490070,1.932950,2.138280,2.149600,0.734358,0.949214,0.369191,1.911970,-0.389854,-0.233773,0.635637
0.125026,1.042760,2.410980,1.528410,1.809190,2.386210,2.547940,2.008600,2.196030,2.262220,0.659425,0.889428,0.625064,1.912930,-0.465653,-0.594167,0.622951
0.127934,0.986880,2.392400,1.708190,1.680410,2.069960,2.366350,2.107140,2.191360,2.161560,0.713545,0.981998,0.560436,1.910940,-0.428648,-0.326291,0.642445
0.050752,1.012020,2.284550,1.421130,1.628570,2.028780,2.379180,2.006180,2.165690,2.018050,0.839249,0.892304,0.634655,1.902430,-0.629696,-0.611749,0.619389
0.166532,0.892905,2.403120,1.485610,1.680180,2.065210,2.493100,2.062290,2.190860,2.258670,0.870490,0.950200,0.722156,1.864460,-0.705911,-0.735008,0.646215
0.039421,0.976614,2.193280,1.447970,1.589060,2.172410,2.362990,1.968660,2.169460,2.162580,0.946405,1.151870,0.724360,1.849780,-0.506984,-0.615776,0.692594
0.084426,0.800462,2.379840,1.253420,1.571710,2.142200,2.408910,1.980990,2.151970,2.097320,0.948852,1.032690,0.662615,1.864200,-0.444907,-0.539890,0.688037
0.075079,0.852607,2.272640,1.417320,1.668390,2.178110,2.441600,1.975050,2.083280,2.110450,1.012770,0.952598,0.660054,1.795870,-0.536962,-0.598124,0.685289
0.052634,0.611340,2.318450,1.464190,1.678080,2.105690,2.415260,1.873070,2.003350,1.991920,0.950734,0.897717,0.477190,1.757770,-0.719875,-0.721996,0.649513
0.130869,0.731860,2.338620,1.522010,1.587970,2.020860,2.568860,1.834090,1.983620,2.140100,1.030290,0.891922,0.670868,1.856440,-0.673667,-0.886860,0.520366
-0.006142,0.514805,2.108420,1.536460,1.456230,1.923800,2.313330,1.736980,1.936670,1.861330,1.252210,1.032680,0.843245,1.910500,-0.561629,-1.021950,0.526091
0.197662,0.902385,2.131380,1.690940,1.462060,2.243580,2.314310,1.534930,1.879990,1.956450,1.102050,0.824045,0.822506,1.943710,-0.564117,-1.156800,0.488118
0.108231,1.119820,1.965110,1.623060,1.549030,2.169700,2.348780,1.647620,1.887000,2.070730,0.916395,0.954762,0.843849,1.944840,-0.755797,-1.008560,0.511464
0.109130,1.368690,2.103480,2.022690,1.577970,2.067100,2.382890,1.670440,1.861910,2.018710,0.865017,0.910671,0.828353,1.953760,-0.817294,-0.970125,0.463388
0.096997,1.330650,2.277100,1.563730,1.604990,2.370510,2.656950,1.808890,1.855210,1.855930,0.946136,1.033730,0.799438,1.930170,-1.077700,-0.939362,0.547165
0.048755,1.206200,2.038100,1.713210,1.556780,2.066280,2.612670,1.778210,1.784460,1.972900,0.838958,0.826863,0.722470,1.903340,-1.082980,-1.169480,0.436803
0.021878,1.410790,2.051080,1.738750,1.584100,1.970930,2.686100,1.752000,1.754300,1.948300,0.727635,0.779016,0.411633,1.995490,-1.155550,-1.316000,0.386273
0.251626,1.290050,2.142160,1.803400,1.405510,1.816740,2.803120,1.808940,1.730040,1.716380,0.729148,0.907575,0.725888,1.946580,-1.385000,-1.554260,0.444914
0.207504,1.403610,2.129180,1.689410,1.475910,1.846900,2.779100,1.724520,1.772710,1.769160,0.818977,0.922765,0.612528,1.950330,-1.236570,-1.165870,0.489184
0.288834,1.246730,2.249290,1.573400,1.444340,2.058150,2.753070,1.704460,1.690770,1.894780,0.931442,0.963113,0.567266,1.928990,-1.325420,-1.235260,0.488647
0.243923,1.047730,2.120950,1.656190,1.463540,2.227800,2.832560,1.781760,1.749610,1.865620,0.986554,1.004950,0.497599,1.932380,-1.381300,-1.297320,0.405912
0.262710,1.024510,2.139660,1.243610,1.471780,1.941610,2.750490,1.737020,1.719090,1.874960,0.854438,1.099670,0.457575,2.000230,-1.470940,-1.363740,0.413437
0.219908,0.867049,2.218450,1.211530,1.434890,2.075630,2.745830,1.789930,1.742490,1.827630,0.894710,1.112050,0.490674,2.033250,-1.230200,-1.189550,0.347537
0.102896,0.722148,2.284880,1.136350,1.267820,1.920280,2.729810,1.907300,1.779260,1.936230,0.796288,1.184810,0.244181,1.906100,-1.332480,-1.533950,0.400178
-0.082059,0.592567,2.315630,0.981123,1.264580,1.884070,2.694310,1.929370,1.705760,1.944960,0.909976,1.551920,0.422378,1.897670,-1.500710,-1.330050,0.402753
-0.037182,0.635768,2.248860,0.874141,1.205260,2.046710,2.772440,1.860150,1.749690,2.174690,1.075800,1.453900,0.380703,1.901790,-1.347540,-1.414170,0.493653
0.069471,0.605802,2.234470,1.010900,1.064610,1.870840,2.652990,1.725990,1.629400,2.061970,0.973811,1.230200,0.395933,2.036730,-1.368700,-1.449960,0.404027
0.090197,0.652775,2.510470,0.854884,1.062740,1.629690,2.736080,1.676080,1.598760,1.960120,0.928544,1.356470,0.521306,2.016020,-1.310630,-1.228730,0.414946
-0.139090,0.609402,2.326350,0.990254,1.058280,1.491890,2.577690,1.721870,1.524940,1.905600,0.968324,1.527700,0.557562,2.121640,-1.488810,-1.332620,0.356070
0.055958,0.600731,2.659740,1.125170,1.003710,1.816880,2.678780,1.577540,1.466750,1.937910,0.903028,1.530410,0.588135,2.164970,-1.588970,-1.390920,0.370809
0.159886,0.583762,2.481000,1.232210,0.970948,2.109860,2.657520,1.415010,1.485480,1.983720,0.849740,1.516370,0.725818,2.219530,-1.836880,-1.460160,0.388925
0.599667,1.164610,2.486760,1.519520,0.809001,1.714080,2.521000,1.260180,1.455250,1.721360,0.726538,1.325810,0.647122,2.449400,-1.620800,-1.308730,0.244600
0.411157,0.982769,2.217480,1.487980,0.886736,1.644190,2.606630,1.363730,1.446410,1.761810,0.807854,1.391100,0.556097,2.492000,-1.807060,-1.380520,0.213764
0.384339,0.988389,2.111080,1.171850,0.882345,1.458290,2.608370,1.255300,1.410370,1.693770,0.767436,1.809480,0.594239,2.698510,-2.053810,-1.243430,0.204559
0.181843,0.925863,2.161510,1.334990,0.765308,1.631130,2.447160,1.354180,1.560690,1.887090,0.882035,1.573840,0.623883,2.638680,-2.068200,-1.129900,0.209838
0.313758,1.063490,1.970120,1.292170,0.785592,1.469020,2.443410,1.478620,1.528440,1.849520,0.786359,1.410320,0.539506,2.684050,-2.100000,-1.162590,0.263125
0.284495,1.102850,2.103480,1.495070,0.687626,1.625060,2.407000,1.369110,1.458070,1.933160,0.682311,1.616380,0.726060,2.649170,-1.768730,-0.972522,0.318517
0.294007,1.191230,2.015790,1.437530,0.829571,1.493990,2.517310,1.507150,1.558130,1.878920,0.631586,1.627370,0.670373,2.592370,-2.050500,-0.869592,0.369588
0.505005,1.381990,2.301620,1.384820,0.840180,1.854360,2.548730,1.365560,1.569190,1.769020,0.680812,1.782510,0.898641,2.568450,-1.954890,-0.928378,0.386562
0.128647,1.176900,2.047130,1.388670,0.825163,1.615410,2.603110,1.575330,1.496520,1.685840,0.687551,1.456210,0.977889,2.470380,-1.977180,-0.785993,0.468186
0.327027,1.337500,2.228260,1.507760,0.746635,1.856660,2.446340,1.603420,1.513060,1.890130,0.638904,1.402580,1.024630,2.525020,-1.800510,-0.866640,0.382549
0.486031,1.573900,2.177620,1.681890,0.738000,1.823430,2.395310,1.599020,1.422600,1.835250,0.785875,1.637840,1.217650,2.492140,-1.826460,-1.001170,0.392373
0.475852,1.504020,2.285060,1.614680,0.817786,1.868240,2.362560,1.546270,1.516530,1.741080,0.718508,1.549920,1.162720,2.370790,-1.691180,-0.911430,0.492671
0.466862,1.375080,1.964450,1.422960,0.666595,1.853240,2.270210,1.507680,1.538250,1.799360,0.558941,1.561560,1.223370,2.390250,-1.780900,-0.972708,0.448998
0.462179,1.426370,2.252560,1.597310,0.571581,2.047610,2.087570,1.478230,1.498100,1.633490,0.674647,1.367840,1.216960,2.297520,-1.777630,-1.212010,0.507504
0.597066,1.534930,2.320480,1.320200,0.620769,2.177680,2.040400,1.579150,1.545100,1.541140,0.546224,1.389930,1.086880,2.291380,-1.728800,-1.096600,0.384378
0.364518,1.281450,2.177490,1.583190,0.624636,2.131140,2.185260,1.422470,1.552960,1.677630,0.333550,1.186460,0.842537,2.217510,-1.714120,-1.326870,0.387887
0.414336,1.155090,2.369570,1.556750,0.606601,1.727070,2.232870,1.565640,1.502280,1.625900,0.642280,1.257420,1.022870,2.095290,-1.880870,-1.145330,0.498746
