AU01,AU02,AU04,AU05,AU06,AU07,AU09,AU10,AU12,AU14,AU15,AU17,AU20,AU23,AU25,AU26,AU45
3.444210,3.352650,-1.641560,4.004420,-1.716160,-1.696370,-2.510690,-0.078380,0.371786,0.089693,-0.134952,0.276251,-0.271101,3.732850,-1.891060,0.413754,0.321300
4.547150,3.683480,-1.835160,3.103610,-0.902248,-0.224548,-2.287820,0.020875,0.620199,-0.297646,0.408764,0.620661,-0.718808,1.727370,-1.030350,0.554980,-0.852657
3.672660,3.651450,-1.386260,2.149090,-0.255640,-0.734725,-1.689200,0.212099,0.717440,0.081759,0.491787,0.687887,-0.601901,0.205897,-1.132220,0.332804,-0.276422
2.041660,3.164880,-1.048840,2.422610,-0.639671,-0.956851,-1.231790,-0.303791,-0.114997,-0.068955,0.878247,0.329611,-0.285381,0.112760,-0.210297,1.387650,0.005672
1.873190,2.748860,-1.009280,2.337800,-0.629028,-1.226190,-1.181480,-0.406916,-0.148010,-0.034412,0.813022,0.543284,-0.239368,0.045410,-0.227655,1.271020,0.007710
1.929640,2.759270,-1.137400,2.413650,-0.654689,-1.215400,-1.363620,-0.388268,-0.119324,-0.124920,0.904667,0.531422,-0.277157,0.035362,-0.139788,1.357280,0.050533
1.849410,2.816600,-1.056500,2.493160,-0.622152,-1.249250,-1.294530,-0.313937,-0.131416,-0.143928,0.911215,0.388289,-0.345090,-0.038610,-0.111548,1.393730,0.036966
2.006310,2.912590,-1.049430,2.462530,-0.631206,-1.155240,-1.341310,-0.314304,-0.133500,-0.108749,0.914831,0.570212,-0.295559,0.003554,-0.212606,1.298960,0.024701
2.105280,2.929960,-1.004010,2.411050,-0.625515,-1.239470,-1.295990,-0.328525,-0.152151,-0.142510,0.809536,0.635785,-0.386391,0.015317,-0.159852,1.353890,0.017474
2.030260,2.934680,-1.097180,2.359790,-0.650023,-1.241890,-1.374320,-0.379378,-0.169467,-0.069099,0.877623,0.509960,-0.236645,0.106759,-0.187171,1.534110,-0.025452
1.985940,2.967330,-1.099360,2.669870,-0.618059,-1.360470,-1.330530,-0.442492,-0.106067,-0.014423,0.799237,0.658672,-0.159413,0.129430,-0.285797,1.324460,0.031255
1.909240,2.894260,-1.202180,2.536810,-0.556443,-1.107080,-1.274430,-0.337670,-0.104331,0.089870,0.738670,0.676123,-0.049710,0.116469,-0.278922,1.333180,-0.007403
1.903750,2.660950,-1.281860,2.556820,-0.649414,-1.162270,-1.312860,-0.293522,-0.103415,0.132358,0.712689,0.760226,0.053386,0.197266,-0.424212,1.278900,0.062300
1.774900,2.687030,-1.239580,2.449770,-0.573528,-1.173420,-1.239550,-0.250389,-0.046310,0.296521,0.669235,0.651991,0.086950,0.260650,-0.399287,1.336820,-0.015755
1.820230,2.708710,-1.260680,2.495250,-0.546355,-1.204550,-1.261840,-0.218238,-0.061278,0.383158,0.775731,0.756861,-0.137901,0.246646,-0.441066,1.223120,0.001520
1.662820,2.480770,-1.276740,2.515200,-0.504242,-0.860149,-1.122550,-0.173906,0.077927,0.443350,0.447167,0.727366,0.055778,0.378252,-0.428837,1.326270,-0.054056
1.730410,2.710020,-1.272890,2.370850,-0.381547,-0.824725,-1.083250,-0.007513,0.372861,0.643145,0.176601,0.730134,0.326167,0.543864,-0.482110,1.313250,-0.013569
1.775490,2.801660,-1.277340,2.367590,-0.391783,-0.627267,-1.097200,-0.031894,0.592538,0.796492,-0.002847,0.442266,0.188179,0.652791,-0.489722,1.063960,-0.082504
1.709800,2.835090,-1.310260,2.425520,-0.234214,-0.769018,-1.197010,0.037101,0.818348,1.094250,0.078367,0.495207,0.189304,0.724306,-0.469466,1.194340,-0.064451
1.674600,2.886140,-1.144820,2.300230,-0.212736,-0.680492,-1.156790,0.225909,1.102550,1.178150,-0.180770,0.298718,0.333702,0.874824,-0.366814,0.742530,-0.044760
1.665600,2.811480,-1.365350,1.977390,-0.109798,-0.356672,-1.151670,0.375140,1.348880,1.044970,-0.328180,-0.273303,0.252928,0.963655,-0.172272,0.699693,-0.030590
1.673870,2.780630,-1.319910,2.337030,0.013472,-0.181764,-1.195890,0.412045,1.563200,1.208790,-0.259198,-0.190401,0.188031,1.021480,-0.141779,0.467225,0.027888
1.716080,2.593620,-1.217650,2.323270,0.283122,-0.000341,-1.114080,0.559304,1.691150,1.405530,-0.224529,-0.156365,0.217836,1.017490,-0.044159,0.474098,0.025885
1.714960,2.510180,-1.180670,2.336490,0.368016,0.164045,-1.056700,0.814032,1.838880,1.659500,-0.145438,-0.271023,0.289702,1.051510,0.014338,0.545921,-0.032034
1.677370,2.373150,-1.358850,2.275080,0.495906,0.116523,-0.971246,1.046380,1.897750,1.518010,-0.064153,-0.415254,0.164611,0.978736,0.068923,0.474650,-0.038859
1.699330,2.353560,-1.087640,2.340680,0.521499,0.112511,-1.016360,0.938456,1.949440,1.563210,-0.136794,-0.466089,0.059600,0.998353,-0.008950,0.390763,-0.032937
1.642060,2.433320,-1.187270,2.205630,0.649887,0.072851,-0.955603,1.134760,2.097990,1.649280,-0.152305,-0.573294,0.077572,0.900675,0.131009,0.261396,-0.090138
1.609320,2.491900,-1.184120,2.283720,0.640959,-0.048057,-0.961838,1.127880,2.055110,1.751870,-0.044424,-0.357975,0.163241,0.979920,0.111041,0.544037,-0.067576
1.638430,2.451680,-1.093770,2.413700,0.708522,0.363561,-0.990276,1.031270,2.183800,1.742650,-0.149990,-0.405666,0.168747,0.946925,0.260031,0.430473,0.024160
1.540300,2.310070,-1.193100,2.243100,0.719966,0.328052,-1.020670,1.065180,2.265580,1.575020,-0.256613,-0.650528,0.153087,0.944465,0.318919,0.338226,0.010512
1.572820,2.371790,-1.172740,2.188340,0.674026,0.170772,-1.049930,1.126340,2.272530,1.610700,-0.253576,-0.622040,0.272388,0.955649,0.285606,0.256782,-0.056060
1.559550,2.337830,-1.125100,2.257470,0.694225,0.114458,-1.072740,1.159060,2.330360,1.731620,-0.167991,-0.535385,0.219809,1.030930,0.384314,0.430794,0.015382
1.602750,2.551090,-1.194980,2.235460,0.671457,0.325468,-0.983732,1.216000,2.348560,1.574230,-0.219183,-0.789575,0.129017,0.966463,0.307458,0.390806,-0.002632
1.652100,2.662450,-1.095410,2.236270,0.853145,0.329643,-1.235750,1.138970,2.426440,1.550660,-0.284486,-0.698294,0.110715,1.036670,0.540649,0.491455,0.046565
1.651170,2.606750,-1.255910,2.196980,0.795419,0.196844,-1.132180,1.083950,2.509610,1.723720,-0.279811,-0.541077,0.037750,1.052100,0.502497,0.597672,-0.028366
1.643090,2.377600,-1.396550,1.922140,0.836034,0.410311,-1.122990,1.143000,2.530900,1.731380,-0.447296,-0.718065,-0.147370,0.967234,0.596860,0.539366,-0.086693
1.683690,2.367950,-1.281820,1.949820,0.884714,0.527783,-1.199350,1.067140,2.566910,1.765630,-0.559014,-0.684356,-0.115784,0.954239,0.617682,0.562451,-0.012309
1.590320,2.210070,-1.425370,1.867600,0.887835,0.267344,-1.119050,1.230990,2.682790,1.926230,-0.587359,-0.501853,-0.106893,0.953054,0.635657,0.735006,-0.059781
1.536190,1.951400,-1.352380,1.970520,0.859749,0.633391,-1.095820,1.239120,2.709060,1.918770,-0.557732,-0.388788,-0.040753,0.974216,0.630088,0.826749,-0.016413
1.540440,1.990300,-1.485350,2.043980,0.894099,0.538028,-1.191480,1.056230,2.770660,1.664720,-0.566901,-0.414531,-0.029668,0.997660,0.691492,0.743546,-0.072770
1.716760,2.086190,-1.419830,1.867770,0.887667,0.206218,-1.137970,1.043590,2.697150,1.636290,-0.674931,-0.418356,-0.150118,1.007190,0.782367,0.971617,-0.070299
1.622210,2.054970,-1.422210,1.888720,0.924550,0.174506,-1.198420,1.360990,2.855310,1.700280,-0.513878,-0.513022,-0.073310,1.031350,0.730223,0.898623,-0.054998
1.581810,1.975290,-1.307540,1.854230,0.945273,0.366050,-1.179950,1.268800,2.901590,1.903590,-0.351242,-0.408877,-0.078144,0.987971,0.759637,0.874900,-0.035138
1.682460,2.066690,-1.219370,1.854130,0.981744,0.308628,-1.257230,1.372630,2.899540,1.852730,-0.494074,-0.460306,-0.221364,0.983968,0.852195,1.119430,0.084871
1.685280,2.319300,-1.227410,1.809550,0.979745,0.448882,-1.180810,1.264320,2.877060,1.854500,-0.421495,-0.575960,-0.258373,0.951230,0.902891,1.110240,-0.010836
1.613480,2.192480,-1.188950,2.004310,1.069360,0.871741,-1.266640,1.402030,2.945190,1.777390,-0.393827,-0.678103,-0.364659,0.890574,1.090980,1.040840,-0.008976
1.515210,1.959850,-1.262650,1.916800,1.024870,0.812286,-1.183410,1.463040,2.951750,1.845900,-0.494461,-0.604294,-0.437126,0.852883,1.045210,1.148400,-0.036830
1.605150,1.939850,-1.438610,1.691710,1.049530,0.458757,-1.207410,1.440580,2.981330,1.878900,-0.357136,-0.530112,-0.535160,0.832725,1.023930,1.059870,-0.047755
1.602760,2.171370,-1.406650,1.857590,0.987968,0.348737,-1.139200,1.486920,2.985580,1.937770,-0.439081,-0.646220,-0.414856,0.831573,1.125050,1.081490,-0.018525
1.524090,2.052130,-1.550880,1.656400,1.028740,0.561842,-1.142200,1.616120,2.967940,1.850950,-0.592247,-0.529392,-0.386347,0.843916,1.046560,1.037890,-0.006154
1.561710,2.134100,-1.545230,1.761910,1.068190,0.574805,-1.229470,1.505960,3.016160,1.946830,-0.595336,-0.484299,-0.404691,0.805458,0.916821,1.118210,0.036665
1.546220,2.145110,-1.411520,1.533920,1.075580,0.423912,-1.212080,1.527740,2.993740,1.826090,-0.348238,-0.647232,-0.345070,0.823238,1.143030,1.405080,0.078160
1.571600,2.257330,-1.383940,1.491460,1.127630,0.802439,-1.239680,1.570760,3.006060,1.748680,-0.384992,-0.589879,-0.206245,0.829012,1.078780,1.257000,0.123418
1.488940,2.103480,-1.364470,1.540590,1.134390,0.794231,-1.213010,1.614730,3.014950,1.946330,-0.462252,-0.557557,-0.184570,0.794082,1.103810,1.283180,0.099016
1.514610,2.180360,-1.414720,1.551430,1.155390,0.876218,-1.200300,1.594500,3.010310,1.775540,-0.433186,-0.639087,-0.217618,0.735320,1.174180,1.399790,0.020372
1.458790,2.336980,-1.366890,1.456870,1.158330,0.729852,-1.178220,1.709050,3.004230,1.890590,-0.471724,-0.538474,-0.135700,0.762120,1.309240,1.313170,0.057441
1.467620,2.218080,-1.281960,1.357500,1.232760,0.776334,-1.085190,1.749970,3.025560,1.901130,-0.351023,-0.631222,-0.178706,0.734998,1.357590,1.291100,-0.011816
1.522900,2.125100,-1.103340,1.608390,1.221720,0.434366,-1.070750,1.818320,2.983590,2.036700,-0.323173,-0.543113,-0.050004,0.696551,1.271530,1.302310,0.039657
1.592750,1.920690,-1.189090,1.544000,1.212810,0.598882,-1.158700,1.702300,3.012930,2.038070,-0.568086,-0.557754,-0.079289,0.709764,1.343700,1.368860,-0.049548
1.590820,1.985380,-1.217740,1.925240,1.294490,0.646578,-1.095210,1.779440,3.023640,2.125730,-0.443127,-0.439810,-0.213877,0.578077,1.543450,1.321820,-0.081060
1.629910,2.072920,-1.270980,1.904570,1.400390,0.733684,-1.084450,1.929480,3.018350,2.164560,-0.500274,-0.529357,-0.057604,0.600030,1.556980,1.319130,-0.086600
1.669720,1.828250,-1.201030,2.109110,1.316770,0.880227,-1.030200,1.803220,3.001090,2.028090,-0.442391,-0.565141,-0.138550,0.586194,1.501450,1.358590,-0.067246
1.534030,1.799560,-1.200250,2.013080,1.248320,1.124200,-1.115160,1.776740,2.987610,1.937460,-0.445584,-0.678879,-0.163946,0.618768,1.517760,1.258300,-0.024311
1.705430,1.851750,-1.224210,1.947060,1.217790,1.046220,-1.090090,1.879470,3.039330,1.977630,-0.503759,-0.622381,-0.192045,0.462483,1.767930,1.363950,0.051934
1.490250,1.683970,-1.326720,1.973270,1.270000,1.094860,-1.209840,1.911070,3.054370,1.975890,-0.591725,-0.677838,-0.143936,0.532152,1.692910,1.404780,0.023190
1.330140,1.821330,-1.257080,1.794380,1.330890,0.988721,-1.056570,1.820900,2.995950,1.887040,-0.562395,-0.609702,-0.177622,0.427562,1.645040,1.402510,0.090732
1.488740,1.533020,-1.175670,2.103530,1.353250,1.045980,-1.007920,1.850490,2.990040,1.960560,-0.517767,-0.703712,-0.063026,0.432601,1.541830,1.506680,0.101862
1.449140,1.686420,-1.029190,1.815260,1.396340,0.927623,-1.034300,1.868630,3.082990,1.853440,-0.461260,-0.810215,-0.236183,0.370585,1.598100,1.612350,0.039003
1.472760,1.688330,-1.081630,1.836680,1.311280,0.800455,-1.014840,1.790290,3.001880,1.936750,-0.395223,-0.647473,-0.216668,0.433249,1.615520,1.498350,-0.021914
1.572800,1.838500,-1.185310,2.133120,1.341740,0.984812,-0.985362,1.867070,2.992940,1.925950,-0.542052,-0.613758,-0.052738,0.267233,1.690720,1.539070,-0.074396
1.617160,1.882260,-1.194410,2.323990,1.357510,1.028900,-1.009690,1.771830,2.998160,1.732480,-0.184227,-0.533144,-0.290787,0.100450,1.899420,1.628190,0.028468
1.651550,2.059280,-1.126030,1.965290,1.293310,1.023030,-1.153600,1.725810,2.892850,1.757680,-0.311484,-0.934300,-0.218669,-0.407479,2.663300,2.033150,-0.069836
1.566980,2.067580,-1.164000,2.310390,1.298600,1.206860,-1.113420,1.656350,2.912320,1.710680,-0.271601,-1.009390,-0.174996,-0.449451,2.767600,1.952440,-0.042554
1.773550,2.014700,-1.243360,2.177650,1.271800,1.054400,-1.129410,1.646560,2.865000,1.730570,-0.230415,-1.027200,-0.216006,-0.420595,2.633170,1.927580,-0.054738
1.750640,2.040880,-1.238570,2.083230,1.269890,1.074590,-1.152080,1.755990,2.867660,1.631010,-0.169133,-0.976511,-0.325700,-0.397630,2.696310,1.841650,-0.036421
1.819950,2.105270,-1.083660,2.050400,1.286690,1.064390,-1.156010,1.798230,2.887730,1.668050,-0.297223,-1.116050,-0.289653,-0.417543,2.618000,1.850710,0.018070
1.837510,2.088600,-1.172570,2.048290,1.302610,1.044480,-1.092050,1.810870,2.953090,1.483380,-0.194185,-1.018260,-0.322614,-0.414408,2.696790,1.920660,0.015477
1.846660,2.054660,-1.098170,2.066180,1.278670,0.896549,-1.003930,1.836110,2.959930,1.566070,-0.141097,-1.060000,-0.367494,-0.477264,2.537550,1.895280,0.048459
1.681490,1.998560,-1.296360,2.142360,1.245880,1.175610,-1.114040,1.863650,2.901730,1.578160,-0.182391,-1.073050,-0.484590,-0.399738,2.666640,1.905460,0.057671
1.777990,2.133360,-1.144150,2.199390,1.348010,1.189390,-1.091980,1.944790,2.938040,1.541660,-0.232209,-1.003310,-0.373497,-0.404266,2.630330,1.966810,0.044380
1.698230,2.099460,-1.181500,2.367000,1.364850,1.196340,-1.092470,1.841000,2.870540,1.611000,-0.181315,-0.916485,-0.274665,-0.398637,2.700420,1.886000,0.118556
1.693450,2.082890,-1.215380,2.611040,1.301170,1.148680,-1.015180,1.706330,2.834760,1.495240,-0.272262,-0.968056,-0.326721,-0.435311,2.749370,1.938760,-0.007555
1.638830,1.994710,-1.377660,2.247480,1.289300,1.222100,-1.115860,1.666810,2.874420,1.462280,-0.321043,-0.797380,-0.309803,-0.370632,2.638300,1.996240,0.053739
1.681590,2.035750,-1.237960,2.281530,1.229280,0.838323,-1.284530,1.746960,2.920880,1.479090,-0.284469,-0.891492,-0.286840,-0.409933,2.574570,2.061180,0.121221
1.760970,2.278650,-1.287230,2.443310,1.213920,0.922352,-1.157710,1.798130,2.887520,1.465680,-0.258000,-1.082670,-0.301713,-0.374182,2.664110,2.225850,0.058129
1.790120,2.357390,-1.209960,2.212010,1.222870,1.237560,-1.098060,1.758490,2.861140,1.412810,-0.295000,-0.841084,-0.308795,-0.325657,2.603010,2.172800,0.001692
1.808170,2.305650,-1.105770,2.416740,1.191460,1.436490,-1.097440,1.784540,2.848600,1.624760,-0.285096,-0.770177,-0.288857,-0.302364,2.715750,2.003200,0.026901
1.818740,2.332650,-1.214340,2.446930,1.176040,1.270500,-1.126620,1.846580,2.843400,1.526790,-0.292424,-0.769830,-0.269657,-0.305828,2.677670,2.098880,-0.002266
1.853780,2.368850,-1.043780,2.502060,1.235650,1.197020,-1.160010,1.853270,2.872330,1.470110,-0.281457,-0.689192,-0.132049,-0.291195,2.553190,1.918360,-0.021374
1.851270,2.043190,-1.089530,2.181080,1.242390,1.500020,-1.168290,1.915240,2.900710,1.606590,-0.174289,-0.551603,-0.237607,-0.322739,2.602300,1.988850,-0.052596
1.851530,2.093870,-1.168290,2.229330,1.196280,1.483160,-1.156460,1.842250,2.886030,1.479470,-0.255414,-0.702872,-0.277235,-0.334184,2.671180,2.031490,-0.004721
1.834050,2.245190,-1.077970,2.164400,1.171900,1.060090,-1.172540,1.754070,2.852380,1.393500,-0.373057,-0.834517,-0.273297,-0.311643,2.534770,1.999440,-0.025857
1.837260,2.336360,-1.143950,2.212730,1.170060,1.077160,-1.141040,1.803110,2.855720,1.453640,-0.486539,-0.716201,-0.332545,-0.285260,2.618700,2.039070,0.001672
1.978520,2.270830,-1.017710,2.147750,1.221410,1.145360,-1.139670,1.757000,2.857020,1.513440,-0.319986,-0.809568,-0.287197,-0.302869,2.640730,1.917230,0.002854
1.866950,2.359700,-1.121560,2.090610,1.293880,1.068860,-1.159010,1.819640,2.916180,1.625740,-0.223971,-0.787532,-0.142979,-0.319481,2.525920,2.142120,-0.003453
1.825920,2.163200,-1.155190,2.040610,1.311730,1.006840,-1.238510,1.799550,2.878120,1.526370,-0.247348,-0.777335,-0.140013,-0.320880,2.556710,1.928180,-0.005673
1.751580,2.073940,-1.209930,2.158600,1.256400,1.041240,-1.132830,1.829580,2.850190,1.445370,-0.294903,-0.785267,-0.221024,-0.351072,2.553630,2.112040,-0.029013
1.800290,2.064940,-1.221820,2.040700,1.258350,0.974263,-1.198120,1.763930,2.875800,1.422960,-0.338264,-0.886686,-0.237077,-0.316195,2.543640,1.871450,-0.029145
1.865420,2.045230,-1.033110,2.130550,1.290540,1.082720,-1.196460,1.815540,2.888370,1.473870,-0.269338,-0.824249,-0.200905,-0.285153,2.425300,1.937070,-0.082582
1.823780,2.199720,-1.061880,2.108460,1.269350,1.219990,-1.122530,1.840400,2.888070,1.469490,-0.216465,-0.798294,-0.204901,-0.324958,2.497890,1.953930,-0.070358
1.710570,1.992590,-1.110860,2.251330,1.301870,1.263530,-1.164300,1.908910,2.919780,1.519210,-0.127354,-0.769655,-0.265740,-0.353211,2.572350,2.089730,-0.072589
1.722460,2.080960,-1.152100,2.202570,1.271560,1.207400,-1.144860,1.932060,2.916780,1.557130,-0.186192,-0.845903,-0.150098,-0.360693,2.566970,2.026530,-0.058284
1.722920,1.936670,-1.135930,2.166340,1.363160,1.263900,-1.145640,1.871460,2.912220,1.498860,-0.180750,-0.691368,-0.110335,-0.381472,2.640870,1.862850,-0.056394
1.698100,1.871960,-1.076180,2.134330,1.301130,1.366560,-1.207440,1.904630,2.930850,1.559560,-0.304308,-0.730324,-0.135955,-0.351946,2.513020,1.973350,-0.015484
1.729540,2.213510,-1.051670,2.096820,1.312860,1.368690,-1.147220,1.865790,2.898940,1.400960,-0.269259,-0.925370,0.015377,-0.439367,2.779420,1.982160,-0.054724
1.851600,2.218670,-0.916006,2.292140,1.329260,1.217440,-1.236020,1.987390,2.895210,1.485450,-0.220711,-0.837902,-0.003456,-0.357814,2.578600,1.961620,0.028164
1.895500,2.408580,-0.967936,2.514870,1.286910,1.237980,-1.173370,1.878370,2.887730,1.473480,-0.314729,-0.747831,-0.108330,-0.379148,2.573990,1.804150,-0.075553
1.687130,2.385510,-0.976111,2.623320,1.317670,1.325620,-1.203650,1.949020,2.930080,1.421220,-0.273248,-0.643736,-0.110762,-0.348041,2.663220,1.867540,-0.071094
1.803260,2.389790,-1.034200,2.689120,1.298660,1.240850,-1.145720,1.928900,2.945260,1.307850,-0.383551,-0.846776,-0.158993,-0.375544,2.702810,1.899500,-0.064439
1.769990,2.473190,-1.000420,2.455730,1.280170,0.986769,-1.226320,1.807010,2.936550,1.335180,-0.348682,-0.735767,-0.239300,-0.356731,2.699580,1.957750,-0.072064
1.684830,2.353910,-1.031530,2.375000,1.355160,1.351420,-1.217520,1.898370,2.982830,1.419670,-0.319983,-0.862873,-0.132365,-0.402556,2.827920,1.874950,0.076752
1.797810,2.539160,-0.894259,2.517200,1.351400,1.030140,-1.174650,1.969310,3.031170,1.466910,-0.365416,-0.910935,-0.169035,-0.352475,2.730900,1.876950,0.051322
1.761360,2.611280,-0.819269,2.472430,1.406660,1.059780,-1.161940,1.919470,2.998960,1.521940,-0.264170,-0.876055,-0.264596,-0.351262,2.658800,1.954340,0.037988
1.898820,2.541400,-0.745338,2.456990,1.428750,1.493220,-1.164580,1.994280,3.044760,1.545980,-0.420547,-0.964504,-0.235507,-0.425851,2.699430,1.787850,0.024408
1.928000,2.518020,-0.750581,2.567670,1.402040,1.751910,-1.082050,1.885080,3.005720,1.445180,-0.433105,-0.866523,-0.098251,-0.411737,2.639090,1.844690,0.023597
1.857680,2.365110,-0.707548,2.512460,1.445610,1.725140,-1.138030,1.876490,3.024580,1.575800,-0.420546,-0.797110,-0.230776,-0.400633,2.731780,1.755500,0.127719
1.737230,2.284820,-0.825744,2.336280,1.504890,1.891620,-1.071130,1.929050,3.009000,1.548730,-0.426112,-0.868140,-0.150337,-0.347337,2.656070,1.743730,0.082400
1.835320,2.207870,-0.708564,2.298230,1.514110,1.889400,-1.114510,1.856010,2.999220,1.599680,-0.438928,-0.766794,-0.267008,-0.376500,2.535240,1.903200,0.166053
1.916210,2.261030,-0.777353,2.240290,1.448120,1.564960,-1.131090,1.885680,2.967500,1.562470,-0.386081,-0.753823,-0.312915,-0.407950,2.489950,1.966770,0.113720
1.896700,2.454430,-0.914179,2.434090,1.428820,1.428550,-1.094370,1.854340,2.960770,1.532880,-0.327647,-0.796773,-0.191882,-0.325717,2.567510,1.814600,0.081368
1.923860,2.421790,-0.713095,2.182300,1.455450,1.490380,-1.056600,1.851940,2.988510,1.438980,-0.367343,-0.909128,-0.121355,-0.376774,2.685590,1.741950,0.047503
1.794750,2.222130,-0.830365,2.311090,1.400800,1.380940,-1.086560,1.813980,2.940400,1.405360,-0.300154,-0.824363,-0.099879,-0.378016,2.677100,1.860980,-0.002792
1.803560,2.195730,-0.877836,2.456900,1.493330,1.345950,-1.034400,1.860710,2.999880,1.422100,-0.322869,-0.780657,-0.062814,-0.347775,2.659680,1.885760,0.005595
1.810000,2.165390,-1.022540,2.363130,1.416360,1.350610,-0.956032,1.721060,2.923250,1.591240,-0.362985,-0.695555,-0.107579,-0.315639,2.627950,1.980940,-0.019668
1.743680,2.034990,-0.959369,2.388490,1.409430,1.447320,-0.952011,1.758360,2.914420,1.553370,-0.469423,-0.667125,-0.160842,-0.345418,2.474440,2.023750,-0.014020
1.652110,2.168470,-1.059270,2.477280,1.396080,1.326120,-0.986119,1.816130,2.881220,1.497640,-0.216850,-0.640411,-0.292168,-0.325931,2.611620,2.098340,-0.008026
1.682190,2.265340,-1.113160,2.395250,1.381410,1.317670,-1.014240,1.790400,2.863310,1.426310,-0.314209,-0.661444,-0.225590,-0.338625,2.513560,2.007590,-0.004185
1.803850,2.243350,-0.992425,2.453560,1.407140,1.237580,-1.070990,1.679480,2.850320,1.467170,-0.291661,-0.621899,-0.357622,-0.366304,2.537420,2.049990,0.000590
1.743860,2.298720,-1.019600,2.587860,1.444610,1.253580,-1.050200,1.776090,2.882640,1.486000,-0.335028,-0.662519,-0.205135,-0.356198,2.629040,1.936160,0.027249
1.718680,2.112190,-0.917893,2.574300,1.488940,1.332380,-1.009090,1.828630,2.877130,1.468280,-0.312391,-0.574210,-0.379720,-0.400473,2.481430,2.040380,0.029397
1.834860,2.259070,-0.894650,2.472240,1.428800,1.366050,-1.082550,1.799870,2.868450,1.497300,-0.430172,-0.630010,-0.298824,-0.384545,2.538720,2.034660,0.046804
1.742060,2.112610,-0.910955,2.520190,1.464090,1.085180,-1.154340,1.807080,2.907900,1.446290,-0.231378,-0.605035,-0.397906,-0.376672,2.736450,2.144710,0.085051
1.596340,1.892150,-0.813568,2.430660,1.399780,1.015030,-1.159740,1.730020,2.875250,1.352050,-0.239464,-0.541689,-0.330242,-0.379643,2.653770,2.100810,0.061947
1.754490,2.221730,-0.711209,2.494410,1.419340,1.070620,-1.130070,1.656560,2.852870,1.374940,-0.356861,-0.682821,-0.317716,-0.404964,2.545450,1.939220,0.118139
1.720840,2.281090,-0.770411,2.523760,1.324090,1.019060,-1.212930,1.746900,2.949890,1.440520,-0.369135,-0.722170,-0.312187,-0.419352,2.605530,2.024050,0.131761
1.737640,2.235790,-0.750762,2.588220,1.345850,0.992565,-1.102240,1.796580,2.889020,1.380210,-0.203619,-0.648521,-0.304912,-0.396247,2.523930,2.142310,0.039913
1.750700,2.093500,-0.856284,2.513320,1.284570,1.040110,-1.125410,1.719240,2.837240,1.422740,-0.148645,-0.598134,-0.269151,-0.328828,2.600380,2.045120,0.098036
1.782320,2.136290,-0.709721,2.505850,1.338550,1.083420,-1.091060,1.870260,2.913620,1.554560,-0.208235,-0.589610,-0.170053,-0.459569,2.710450,1.953520,-0.009407
1.715750,2.137100,-0.763529,2.396950,1.345350,1.172470,-1.066670,1.670950,2.829650,1.492110,-0.286403,-0.673497,-0.267430,-0.402956,2.825880,2.044400,-0.031674
1.940650,2.279600,-0.705912,2.246500,1.367790,1.178490,-1.117010,1.865060,2.902970,1.504090,-0.253082,-0.762592,-0.145638,-0.453271,2.978810,2.059460,-0.039619
1.967840,2.208070,-0.655941,2.391250,1.404210,1.421470,-1.037040,1.903330,2.909730,1.477870,-0.121785,-0.820803,-0.250734,-0.485112,3.011180,2.038800,-0.022370
1.916900,2.197760,-0.554016,2.295460,1.399740,1.051270,-1.010400,1.844440,2.935460,1.453590,-0.199178,-0.713919,-0.404251,-0.436344,2.975180,1.917900,0.050561
1.848320,2.265830,-0.581265,2.095030,1.318130,1.424370,-0.992898,1.882580,2.848920,1.506310,-0.384105,-0.816835,-0.344389,-0.436758,2.993830,2.113300,0.021437
1.854040,2.546620,-0.585621,2.332530,1.410590,1.347900,-1.018830,1.814300,2.864890,1.472060,-0.349879,-0.782216,-0.317873,-0.376153,2.969000,2.101370,0.020593
1.758650,2.154420,-0.563775,2.233270,1.368850,1.346180,-0.999910,1.898380,2.835850,1.746410,-0.357344,-0.789038,-0.284796,-0.334254,2.950010,2.132220,-0.014921
2.036470,2.511750,-0.512533,2.151350,1.405380,1.015390,-1.034800,1.751350,2.844450,1.520990,-0.353396,-0.758569,-0.283615,-0.373906,2.843850,1.947110,-0.001846
1.968710,2.441360,-0.518555,2.254260,1.388510,0.948298,-1.007290,1.819690,2.834770,1.655460,-0.371064,-0.683489,-0.302023,-0.360460,2.853330,2.067510,0.039792
1.793660,2.319590,-0.718615,2.112360,1.352420,1.171070,-1.001470,1.923930,2.858460,1.555350,-0.235590,-0.859492,-0.229556,-0.366190,2.889090,2.079730,0.061779
1.868910,2.599190,-0.670275,1.936950,1.365930,1.089120,-1.043760,1.888800,2.857180,1.614850,-0.233379,-0.847063,-0.193612,-0.392813,2.883740,2.069660,0.134321
1.725170,2.242660,-0.720983,2.230200,1.385210,1.113100,-1.029980,1.922190,2.828070,1.724320,-0.346902,-0.739819,-0.268494,-0.412768,2.644540,2.126230,0.152438
1.831310,2.557510,-0.711740,2.110960,1.421870,1.225190,-0.955087,1.892360,2.793880,1.638890,-0.343858,-0.771969,-0.233220,-0.352949,2.680410,2.277880,0.094496
1.873730,2.226870,-0.801259,2.068470,1.389240,1.213790,-0.989990,2.007430,2.871180,1.655320,-0.487597,-0.774272,-0.238965,-0.337800,2.791940,2.299200,0.173070
1.871550,2.473480,-0.627740,1.960190,1.425140,1.524510,-1.022160,2.037920,2.847790,1.630250,-0.181048,-0.635503,-0.250444,-0.324974,2.758820,2.245140,0.177696
1.831720,2.236060,-0.565757,2.200620,1.428300,1.222130,-0.933876,1.963620,2.833180,1.748310,-0.459708,-0.839011,-0.156185,-0.402113,2.799190,2.527280,0.091385
1.763410,2.535070,-0.819954,2.108070,1.426800,1.086040,-0.974102,1.966960,2.844270,1.706850,-0.386248,-0.722603,-0.090130,-0.416318,2.722610,2.271970,0.126200
1.736950,2.165950,-0.730386,2.016590,1.450740,1.146460,-1.074960,1.932200,2.864200,1.593920,-0.379658,-0.694818,-0.234721,-0.374540,3.072040,2.189260,0.027818
1.746370,2.261080,-0.856060,2.063770,1.414960,0.928611,-1.114980,1.924210,2.874750,1.475610,-0.506196,-0.663233,-0.050168,-0.400517,2.931810,2.173060,0.048351
1.820280,2.314580,-0.706309,2.042130,1.406390,1.016830,-1.175400,2.028340,2.870500,1.540320,-0.428294,-0.499244,-0.132670,-0.471126,2.902760,2.029990,0.070783
1.749630,2.087060,-0.763901,1.896950,1.348880,0.821311,-1.135890,2.083010,2.897070,1.574360,-0.442830,-0.597036,-0.124982,-0.386730,3.049880,2.107240,0.007231
1.749120,2.317320,-0.822678,1.953300,1.472310,0.555293,-1.034390,2.014360,2.868150,1.648930,-0.413610,-0.618897,-0.184465,-0.429684,3.023080,2.270680,0.089464
1.700020,2.132530,-0.634701,2.293990,1.360880,0.792461,-1.147590,1.988590,2.900850,1.471480,-0.308615,-0.749178,-0.177458,-0.519210,2.982450,2.296810,0.029508
1.762490,2.307610,-0.821573,2.336520,1.410090,0.981985,-1.047080,2.006750,2.895380,1.434500,-0.386551,-0.833530,-0.325029,-0.512753,3.004730,2.291340,-0.006050
1.645130,2.132110,-0.828048,2.353220,1.397720,1.027100,-1.091560,1.920650,2.924040,1.607760,-0.266547,-0.727114,-0.304419,-0.525959,3.044990,2.115420,-0.016844
1.773010,2.291640,-0.767527,2.245210,1.407620,1.247090,-1.076550,2.005720,2.885690,1.641510,-0.234587,-0.702252,-0.307159,-0.501467,2.945510,2.258180,0.013102
1.659940,2.277360,-0.759168,2.147510,1.379650,0.947544,-1.052270,1.900240,2.889900,1.604530,-0.335978,-0.641444,-0.166621,-0.463708,2.875630,2.236960,0.072236
1.532900,2.028450,-0.586066,2.193280,1.394340,1.226210,-1.108410,1.850130,2.921140,1.655380,-0.367692,-0.777994,-0.237452,-0.471320,2.920530,2.161340,-0.003166
1.622550,2.100030,-0.643692,2.254040,1.492270,1.219560,-1.093950,1.859220,2.910680,1.608880,-0.349764,-0.886245,-0.144574,-0.472497,2.831740,2.282540,0.018111
1.714570,2.054000,-0.714731,2.004720,1.458720,1.248800,-1.096970,1.820400,2.926460,1.660370,-0.429316,-0.748201,-0.134678,-0.436567,2.861460,2.194070,0.114943
1.780500,2.210020,-0.586339,1.981530,1.495150,1.056120,-1.047920,1.889860,2.926390,1.676470,-0.348834,-0.834627,-0.178814,-0.413534,2.874240,2.317600,0.107106
1.672280,2.292760,-0.583821,2.216200,1.417290,1.003750,-1.081350,1.832400,2.899740,1.664950,-0.340122,-0.815097,-0.132053,-0.429711,2.848850,2.340940,0.135204
1.732130,2.260120,-0.474365,1.960360,1.466380,1.313760,-1.059680,1.854910,2.915140,1.621650,-0.387852,-0.777987,-0.159197,-0.355521,2.942670,2.215590,0.113497
1.759240,2.223820,-0.557960,2.092460,1.422970,1.040240,-1.113110,1.885480,2.893960,1.641230,-0.313306,-0.733287,-0.217668,-0.399605,3.022960,2.080760,0.072249
1.645070,2.290180,-0.452294,2.173850,1.470680,1.220380,-1.088520,2.131050,2.947520,1.576300,-0.389771,-0.680316,-0.106451,-0.426839,3.051040,2.019550,0.064910
1.598490,2.065790,-0.609682,2.206650,1.398570,1.189020,-1.028400,1.982730,2.932250,1.584240,-0.365873,-0.579650,-0.201244,-0.472551,2.975010,2.066050,0.022751
1.637150,2.197120,-0.511455,2.162460,1.476290,1.159530,-1.054880,2.033790,2.992160,1.510160,-0.288250,-0.649597,-0.448718,-0.455295,3.184330,2.224700,0.133675
1.491400,1.940480,-0.575332,2.195720,1.465910,1.494520,-1.105460,2.073710,2.945590,1.504870,-0.348325,-0.699150,-0.332343,-0.455036,2.997640,2.050860,0.144645
1.444970,2.160390,-0.604908,2.012100,1.434700,0.966088,-1.123060,1.971670,2.905360,1.637290,-0.483958,-0.707276,-0.247821,-0.439935,3.145450,2.225160,0.167436
1.585910,2.374540,-0.601991,2.122170,1.441540,1.102590,-1.114450,2.025140,2.904940,1.513490,-0.463036,-0.788654,-0.205503,-0.418929,3.066040,2.254060,0.147431
1.410930,2.283290,-0.629623,2.282200,1.429720,1.448880,-1.128950,1.884170,2.872830,1.395160,-0.399042,-0.721864,-0.317873,-0.406049,3.120820,2.008060,0.166063
1.409630,2.206230,-0.505371,2.105490,1.513910,1.180580,-1.092080,1.941900,2.894220,1.602530,-0.444357,-0.900861,-0.285155,-0.520957,3.098550,2.233920,0.124113
1.520550,2.219370,-0.561487,2.112410,1.403240,1.366090,-0.989337,1.953720,2.875330,1.476200,-0.482206,-0.699018,-0.239749,-0.471331,3.053180,2.161360,0.126948
1.556270,2.364950,-0.614451,2.068980,1.413380,1.395180,-1.006190,2.022550,2.860470,1.522070,-0.367340,-0.661258,-0.356264,-0.515578,3.078230,2.284560,0.093206
1.623890,2.211670,-0.578622,2.032740,1.533550,1.469560,-0.920706,1.918510,2.825450,1.534210,-0.416860,-0.476873,-0.219834,-0.469449,2.867950,2.195600,0.139219
1.486820,2.025280,-0.579715,2.008380,1.497160,1.630880,-0.958554,1.818200,2.829000,1.482530,-0.503478,-0.741066,-0.224973,-0.444018,2.825070,2.258670,0.179939
1.662270,2.211470,-0.380028,2.390400,1.471260,1.447380,-0.964823,1.913230,2.842870,1.434080,-0.434440,-0.676058,-0.147709,-0.510897,2.874020,2.175570,0.085101
1.619730,2.332220,-0.410338,2.294070,1.561430,1.556940,-1.026580,1.861370,2.832250,1.493390,-0.427913,-0.667361,-0.192889,-0.546413,2.907450,2.153870,0.157127
1.592660,2.123540,-0.507499,2.092250,1.514490,1.515870,-1.017830,1.709450,2.839770,1.455460,-0.455210,-0.770762,-0.148991,-0.490781,2.906150,2.191840,0.097600
1.664840,2.195120,-0.412819,2.002910,1.546190,1.684720,-1.023260,1.866440,2.864740,1.513720,-0.472703,-0.821993,-0.277287,-0.519119,2.921190,2.049950,0.138561
1.578390,2.341530,-0.534914,2.024970,1.442720,1.631660,-1.045560,1.886840,2.854720,1.576810,-0.389858,-0.808814,-0.362195,-0.490620,2.856720,1.984150,0.138455
1.662670,2.435860,-0.541255,2.131280,1.500760,1.500580,-1.090880,1.977970,2.918630,1.592040,-0.456431,-0.849373,-0.494857,-0.509662,2.975250,2.094710,0.162137
1.642960,2.418940,-0.578713,2.104260,1.524500,1.696860,-1.035510,1.957470,2.929460,1.629820,-0.486669,-0.847558,-0.400168,-0.548387,2.943320,2.025180,0.133809
1.547600,2.197300,-0.582122,2.116240,1.566150,1.632240,-0.958236,1.968380,2.907690,1.551520,-0.365881,-0.769985,-0.408095,-0.606205,2.992460,2.219970,0.153565
1.560100,2.223160,-0.429933,2.308720,1.604270,1.745660,-0.908873,1.922300,2.896100,1.606180,-0.437040,-0.733562,-0.368817,-0.567395,2.934720,2.239760,0.135321
1.562580,2.096850,-0.438684,2.086090,1.577150,1.662930,-0.964991,1.903710,2.881140,1.555650,-0.526627,-0.789951,-0.374745,-0.553943,2.961290,2.089420,0.118727
1.512530,2.364830,-0.602682,2.137590,1.663840,1.487840,-1.005550,1.973880,2.898640,1.507250,-0.671154,-0.856725,-0.359181,-0.588728,2.833300,2.223560,0.201150
1.493280,2.243810,-0.694756,2.051780,1.671200,1.381070,-0.972719,2.024150,2.900700,1.504600,-0.599309,-0.773848,-0.436741,-0.619715,2.972310,2.265700,0.240843
1.677540,2.205630,-0.525521,2.234340,1.692700,1.378530,-0.981809,2.030770,2.915910,1.721330,-0.544273,-0.672704,-0.278916,-0.586034,2.901780,2.305640,0.319666
1.657840,2.422210,-0.577512,2.292140,1.600650,1.325720,-1.003350,2.026110,2.893420,1.620110,-0.472414,-0.662550,-0.329788,-0.608759,2.942890,2.353240,0.280648
1.687990,2.575300,-0.437920,2.177280,1.711240,1.500860,-0.902422,1.989070,2.882250,1.772840,-0.499115,-0.873645,-0.304529,-0.539380,2.815630,2.274190,0.300836
1.659410,2.580870,-0.396842,2.256810,1.672440,1.353640,-0.995149,2.033710,2.912770,1.670780,-0.355958,-0.886195,-0.450110,-0.564357,2.967810,2.197300,0.310443
1.616300,2.292900,-0.572137,2.361710,1.615930,1.151610,-0.897172,2.173090,2.923800,1.697890,-0.395562,-0.821017,-0.381979,-0.561934,2.935080,2.301700,0.234807
1.737010,2.330090,-0.418763,2.485770,1.637100,1.106620,-0.976180,2.027770,2.886410,1.606780,-0.458602,-0.792371,-0.500954,-0.557710,2.862970,2.153610,0.250336
1.651260,2.426490,-0.447969,2.374840,1.633820,1.176870,-1.002350,2.076790,2.888190,1.775570,-0.406521,-0.529978,-0.541513,-0.534745,2.811070,2.254570,0.276310
1.529770,2.349800,-0.618873,2.308120,1.633400,1.099000,-1.008550,1.996740,2.895490,1.866370,-0.352385,-0.826777,-0.460742,-0.519620,2.903860,2.182710,0.213064
1.621360,2.610410,-0.353775,2.628760,1.633600,1.158450,-0.988347,1.961830,2.856000,1.709360,-0.356868,-0.856043,-0.239791,-0.511614,2.848650,2.276420,0.242468
1.461490,2.277830,-0.509238,2.462460,1.633810,0.991480,-0.939176,2.120580,2.886540,1.618960,-0.304167,-0.805123,-0.360953,-0.528841,2.985320,2.222160,0.226438
1.583160,2.254350,-0.535716,2.613600,1.600950,1.192190,-0.965374,1.876770,2.813530,1.579790,-0.534660,-0.769009,-0.357605,-0.471670,2.797180,2.407540,0.247892
1.631990,2.262950,-0.485012,2.474470,1.668380,0.819696,-1.035190,2.039540,2.867930,1.603590,-0.501911,-0.843069,-0.301395,-0.450213,2.890810,2.086150,0.208618
1.539450,2.121520,-0.649990,2.457730,1.685830,1.109910,-1.020590,2.007900,2.923950,1.643940,-0.509870,-0.843325,-0.358729,-0.429672,2.810400,2.135760,0.196176
1.789900,2.447900,-0.607852,2.560400,1.553520,1.018700,-0.963965,1.998380,2.906520,1.465050,-0.548594,-0.844733,-0.267672,-0.426442,2.811750,2.129970,0.159102
1.712720,2.471500,-0.741537,2.632810,1.496300,1.200040,-0.976048,1.860170,2.884210,1.690990,-0.453279,-0.695155,-0.248417,-0.419776,2.788620,2.296650,0.148735
1.695490,2.511260,-0.923260,2.627870,1.554000,1.201950,-0.978953,1.932060,2.922840,1.764730,-0.358897,-0.687615,-0.383374,-0.381113,2.879990,2.342080,0.126916
1.673430,2.466060,-0.718945,2.592680,1.591590,1.351310,-1.025670,1.959900,2.885520,1.586000,-0.433896,-0.682481,-0.335729,-0.410687,2.860750,2.245430,0.130920
1.789120,2.558680,-0.619242,2.508100,1.531880,1.338540,-0.999253,1.932120,2.879350,1.548000,-0.264797,-0.632175,-0.366157,-0.403192,2.803390,2.207700,0.103536
1.739820,2.507150,-0.538262,2.594100,1.590180,1.523970,-1.010570,2.008730,2.901190,1.570100,-0.230112,-0.734473,-0.343753,-0.447601,2.951970,2.261830,0.134749
1.726340,2.460830,-0.592097,2.635020,1.569960,1.323160,-0.997142,2.045060,2.894090,1.554850,-0.260221,-0.829951,-0.244317,-0.454143,2.967560,2.238770,0.133390
1.690590,2.515060,-0.794494,2.690370,1.597790,1.285270,-0.993191,2.111060,2.900530,1.596900,-0.195846,-0.699524,-0.330715,-0.439986,2.850310,2.265210,0.083795
1.650910,2.513290,-0.745257,2.582890,1.583200,1.414430,-1.015050,2.091130,2.910630,1.688890,-0.220183,-0.899539,-0.330392,-0.450011,2.813170,2.184940,0.084268
1.560310,2.532980,-0.768833,2.144680,1.551990,1.109740,-0.997686,2.022520,2.936770,1.535740,-0.293219,-0.715437,-0.286461,-0.440466,2.838090,2.310450,0.077474
1.548470,2.432460,-0.716330,2.205670,1.485390,1.141720,-1.018410,2.050630,2.893400,1.563290,-0.260445,-0.888068,-0.208008,-0.491550,2.888530,2.320920,0.001802
1.584820,2.428150,-0.605047,2.151820,1.454220,1.307930,-0.997665,2.135060,2.878820,1.628910,-0.305042,-0.861829,-0.333434,-0.462041,2.901480,2.395130,-0.058723
1.524940,2.377160,-0.572960,2.317710,1.466290,1.399160,-1.059120,2.003370,2.881910,1.492070,-0.440648,-0.813939,-0.372925,-0.415249,2.934460,2.353880,-0.077618
1.684700,2.442500,-0.745970,2.312470,1.451480,1.031400,-1.090330,2.013840,2.895980,1.509750,-0.290427,-0.834041,-0.387886,-0.461154,2.974540,2.454580,-0.094282
1.702200,2.449840,-0.818177,2.368000,1.430790,1.203480,-1.068020,1.984740,2.897750,1.302720,-0.399057,-0.848449,-0.288181,-0.469186,2.986910,2.277200,-0.168053
1.700630,2.429730,-0.647590,2.393680,1.423300,1.151430,-1.056250,1.868390,2.862910,1.373130,-0.206644,-0.602999,-0.307416,-0.427858,3.012440,2.219630,-0.162658
1.834220,2.539640,-0.692408,2.246590,1.330580,1.132840,-1.004780,1.919010,2.836740,1.413650,-0.166861,-0.644694,-0.250308,-0.445242,2.963520,2.365990,-0.189099
1.909800,2.650180,-0.697342,2.381730,1.432640,1.123540,-1.111050,1.835990,2.858630,1.338390,-0.200707,-0.816191,-0.351321,-0.460086,3.074620,2.302050,-0.205052
1.824390,2.449700,-0.751753,2.241430,1.411420,0.713450,-1.173570,1.888880,2.901320,1.411660,-0.227338,-0.767220,-0.412372,-0.410851,3.065110,2.388880,-0.238046
1.604070,2.316680,-0.757667,2.648200,1.417270,0.672914,-1.093970,1.845860,2.859860,1.534060,-0.407838,-0.680977,-0.353756,-0.411907,2.981670,2.175170,-0.225452
1.572870,2.252020,-0.859061,2.589100,1.422480,0.806146,-1.022940,1.871540,2.852570,1.491630,-0.500158,-0.622821,-0.305172,-0.374748,2.910930,2.014290,-0.221764
1.666580,2.401350,-0.650124,2.433070,1.495080,1.099680,-1.087670,1.923760,2.879210,1.577240,-0.382458,-0.509187,-0.400430,-0.378785,2.915300,2.181980,-0.219141
1.567210,2.384720,-0.704502,2.370990,1.457220,1.110650,-1.062130,1.872910,2.885170,1.399710,-0.446259,-0.521953,-0.337457,-0.390328,2.915310,2.022800,-0.146509
1.513980,2.167680,-0.753765,2.401190,1.471940,1.335140,-1.022320,1.930420,2.856250,1.564250,-0.321661,-0.564727,-0.227728,-0.435942,2.814900,2.161390,-0.143437
1.579890,2.237320,-0.893984,2.328320,1.454370,1.189430,-1.021510,2.001140,2.858760,1.577750,-0.281060,-0.741905,-0.227565,-0.411595,2.758290,1.964890,-0.176012
1.610060,2.273720,-0.900652,2.162550,1.426090,1.051420,-1.134930,1.987910,2.857330,1.574170,-0.364460,-0.617471,-0.207328,-0.435551,2.901680,2.061980,-0.212619
1.598310,2.376880,-0.860449,2.216170,1.502220,1.295510,-1.024400,1.840710,2.855470,1.573630,-0.417086,-0.543673,-0.187942,-0.385791,2.923850,2.082360,-0.174559
1.596890,2.286560,-0.748298,2.125910,1.495800,1.037860,-1.042490,1.915680,2.869440,1.690710,-0.545990,-0.749308,-0.185191,-0.427060,2.852100,2.054870,-0.210431
1.516920,2.333550,-0.682548,2.335530,1.550360,1.236250,-1.027740,1.918050,2.900430,1.631300,-0.335871,-0.801977,-0.179367,-0.402077,2.896380,2.262970,-0.238169
1.661680,2.327300,-0.784314,2.352820,1.539680,1.230600,-1.046360,1.897380,2.934200,1.806050,-0.416078,-0.601912,-0.281656,-0.367490,2.888240,2.389230,-0.250792
1.596160,2.241080,-0.827582,2.299190,1.393190,1.025930,-1.017620,1.940230,2.836620,1.681100,-0.186695,-0.633620,-0.277029,-0.340231,2.965340,2.203830,-0.190701
1.569170,2.233290,-0.819419,2.130270,1.458040,1.019860,-1.047970,1.855540,2.835610,1.623240,-0.208547,-0.541859,-0.271678,-0.361009,3.006400,2.274390,-0.232852
1.681200,2.415780,-0.883157,2.575140,1.419490,1.082870,-1.024290,1.764480,2.853230,1.678900,-0.244385,-0.623078,-0.286380,-0.377422,2.940320,2.341740,-0.198828
1.666450,2.545810,-0.786840,2.502650,1.395640,1.251370,-1.048050,1.810640,2.864400,1.681640,-0.269580,-0.490258,-0.150652,-0.407495,2.933850,2.417280,-0.206512
1.623150,2.300790,-0.860349,2.553060,1.413040,1.088830,-1.056190,1.917330,2.833600,1.647330,-0.252615,-0.532651,-0.209525,-0.358698,2.860910,2.361640,-0.182649
1.668240,2.380700,-0.897648,2.512880,1.450420,1.203840,-1.039490,1.911030,2.850730,1.701600,-0.268989,-0.580251,-0.257957,-0.388347,2.938250,2.327240,-0.212686
1.685300,2.362410,-0.863851,2.482610,1.366510,1.330060,-1.046170,1.853460,2.813350,1.595370,-0.222247,-0.645817,-0.229738,-0.379831,3.000200,2.241520,-0.184186
1.667680,2.366750,-0.785495,2.492710,1.338920,1.240090,-1.056500,1.789730,2.809920,1.571400,-0.236792,-0.636012,-0.344565,-0.406737,2.923840,2.370550,-0.217599
1.737110,2.515200,-0.747127,2.386140,1.355430,1.310730,-1.025410,1.852060,2.849500,1.479740,-0.168478,-0.671686,-0.258092,-0.486920,2.904960,2.241960,-0.190597
1.757000,2.408910,-0.735084,2.154210,1.398060,1.394260,-1.061720,1.913490,2.788880,1.517180,-0.182749,-0.563872,-0.346707,-0.526638,3.008580,2.276190,-0.192990
1.569760,2.159500,-0.765577,2.530560,1.427260,1.454430,-0.960294,1.876120,2.791220,1.622330,-0.248084,-0.529467,-0.306362,-0.475679,2.898990,2.266140,-0.174797
1.853830,2.547990,-0.778186,2.741040,1.458240,1.681200,-1.049280,1.811250,2.741130,1.497530,-0.122722,-0.860122,-0.173680,-0.446012,2.989470,2.277530,-0.172868
1.837110,2.401590,-0.895446,2.216470,1.412610,1.280410,-1.013250,1.892380,2.758400,1.446910,-0.219664,-0.792481,-0.230619,-0.396303,2.872070,2.231600,-0.157171
1.757570,2.381370,-0.743129,2.532820,1.437450,1.559170,-1.010520,1.824510,2.748590,1.399260,-0.247354,-0.706499,-0.186439,-0.420208,2.880490,2.127030,-0.188663
1.625050,2.179910,-0.907040,2.070240,1.388670,1.278610,-1.125160,1.877830,2.779720,1.427220,-0.284234,-0.799272,-0.256060,-0.379047,2.961590,2.136220,-0.177531
1.842210,2.303990,-0.922403,2.308680,1.393430,1.316150,-0.968402,1.829730,2.762560,1.460900,-0.115564,-0.837320,-0.286013,-0.428892,3.024710,2.276490,-0.252727
1.893910,2.285240,-0.895366,2.324510,1.421490,1.246790,-1.109790,1.774130,2.732190,1.517860,-0.160796,-0.763947,-0.296888,-0.410067,2.992010,2.485040,-0.260617
1.902030,2.448260,-0.787994,2.268640,1.421080,1.381770,-1.121010,1.811890,2.773750,1.436030,-0.163283,-0.876455,-0.268844,-0.393853,2.917660,2.399450,-0.225527
1.939850,2.488890,-0.806263,2.421890,1.371080,1.453060,-1.073750,1.849930,2.795920,1.461370,-0.234057,-0.778888,-0.190197,-0.344209,3.037540,2.397030,-0.182403
1.948520,2.352430,-0.750254,2.459700,1.401220,1.133450,-1.139420,1.817510,2.830470,1.485270,-0.166379,-0.730056,-0.252559,-0.348246,2.891650,2.499260,-0.159041
1.897660,2.122270,-0.820648,2.420960,1.347970,1.121500,-1.205690,1.852420,2.782360,1.426040,-0.197800,-0.737184,-0.163992,-0.391627,2.811880,2.285150,-0.182825
1.851670,2.490360,-0.816681,2.464520,1.343510,1.016010,-1.109810,1.914190,2.772550,1.415160,-0.163444,-0.903662,-0.138903,-0.360587,2.799300,2.371920,-0.221117
1.955640,2.641920,-0.842745,2.442410,1.393780,0.877477,-1.103690,1.918880,2.811530,1.457470,-0.204751,-0.783954,-0.130497,-0.423118,2.987750,2.284320,-0.268509
1.890800,2.524880,-0.824327,2.508720,1.418150,1.060990,-1.046080,1.992310,2.830730,1.436610,-0.230405,-0.827562,-0.229838,-0.438717,2.853330,2.290970,-0.251997
1.843530,2.355280,-1.011360,2.507770,1.409510,0.925975,-1.080550,1.965550,2.866580,1.385380,-0.281832,-0.845322,-0.459322,-0.378788,2.844210,2.243710,-0.255507
1.956050,2.417710,-0.954009,2.429540,1.397840,0.997076,-1.129560,1.941620,2.818340,1.403170,-0.220310,-0.817061,-0.459148,-0.389658,2.932210,2.251400,-0.211622
1.878370,2.377160,-0.959088,2.532190,1.432280,0.963157,-1.102190,1.990220,2.807920,1.409200,-0.256525,-0.776377,-0.407679,-0.376001,2.919020,2.133010,-0.219128
1.950720,2.374270,-0.996000,2.323340,1.320110,1.236950,-1.089930,1.924470,2.772050,1.513020,-0.261716,-0.746215,-0.361462,-0.392781,3.041010,2.333760,-0.254666
1.986320,2.424990,-0.854119,2.416020,1.313830,1.077460,-1.126090,1.950530,2.802050,1.541840,-0.267970,-0.811692,-0.427595,-0.451017,3.089250,2.220570,-0.273979
1.997360,2.519360,-0.791109,2.275590,1.393550,1.005750,-1.127180,2.006420,2.770340,1.598670,-0.348548,-0.687486,-0.452168,-0.418170,3.073860,2.436930,-0.220955
2.009530,2.635050,-0.802788,2.601680,1.392160,1.051250,-1.040910,2.081700,2.777540,1.605900,-0.273913,-0.774790,-0.279798,-0.437098,3.036530,2.213600,-0.217584
1.898220,2.415110,-0.953126,2.546200,1.353380,0.847479,-1.222950,1.921960,2.765440,1.549380,-0.265103,-0.741800,-0.156000,-0.396253,3.175760,2.412610,-0.196996
1.852650,2.215120,-1.022350,2.147240,1.325340,0.559194,-1.146490,1.915450,2.791120,1.604720,-0.260024,-0.525255,-0.276841,-0.425530,3.049900,2.212510,-0.160325
1.761400,2.373130,-0.967626,2.204520,1.319880,0.771098,-1.184440,1.854450,2.793590,1.554580,-0.270691,-0.626687,-0.186542,-0.376198,3.132840,2.227620,-0.146594
1.944230,2.332610,-0.950301,2.412110,1.310300,0.767488,-1.160730,1.798450,2.761300,1.519290,-0.315390,-0.824104,-0.224719,-0.395699,3.032460,2.387800,-0.222016
1.939020,2.445900,-0.929295,2.181400,1.352930,0.992829,-1.138280,1.905890,2.760700,1.448070,-0.212251,-0.760534,-0.238188,-0.410508,2.912260,2.213060,-0.122906
2.045730,2.678320,-0.976997,2.405470,1.350630,0.845458,-1.101680,1.793300,2.705550,1.467320,-0.299298,-0.624684,-0.193943,-0.416866,2.907180,2.199320,-0.143740
2.105360,2.738630,-1.010150,2.432470,1.305700,0.717627,-1.123520,1.874620,2.765480,1.570810,-0.207141,-0.809182,-0.300047,-0.410159,2.952490,2.306010,-0.159813
2.007030,2.526050,-1.080170,2.555130,1.280150,0.480811,-1.064340,1.831460,2.740580,1.417270,-0.364726,-0.725492,-0.243866,-0.405270,2.868640,2.224260,-0.153460
2.037820,2.453570,-1.047930,2.719430,1.316190,0.721282,-1.181100,1.847390,2.842340,1.418880,-0.134399,-0.929877,-0.358306,-0.402237,2.985230,2.239200,-0.153033
2.087110,2.493890,-1.008490,2.596430,1.317610,0.835939,-1.062440,1.846010,2.786810,1.564990,-0.192259,-0.868632,-0.223606,-0.416219,2.855290,2.269270,-0.118137
2.066550,2.439340,-0.946321,2.668780,1.360020,0.925094,-1.075010,1.928590,2.849060,1.460160,-0.125951,-0.711393,-0.158034,-0.411180,2.909450,2.254430,-0.141399
2.007440,2.239690,-0.960509,2.675180,1.284230,0.688735,-1.081180,1.865760,2.761070,1.531500,-0.171118,-0.840556,-0.190525,-0.457065,2.968240,2.328190,-0.155244
2.034110,2.454520,-0.923738,2.460380,1.337890,0.676756,-1.127110,1.869060,2.775680,1.433670,-0.227712,-0.796669,-0.267376,-0.400978,2.969910,2.236410,-0.193295
2.031750,2.127580,-0.843932,2.368150,1.275510,0.785507,-1.190370,1.830180,2.752110,1.479610,-0.161202,-0.774510,-0.363746,-0.377958,2.905240,2.360270,-0.085819
1.930770,2.183250,-0.802234,2.441290,1.355610,0.868909,-1.055300,1.842040,2.759300,1.716200,-0.501100,-0.905743,-0.260257,-0.408343,2.956530,2.461240,-0.111574
1.911250,2.265630,-1.004660,2.456110,1.348430,0.907274,-1.194550,1.806630,2.784000,1.405590,-0.490803,-0.705696,-0.143447,-0.333039,3.011740,2.275600,-0.146022
1.971210,2.113950,-0.899627,2.356670,1.415480,0.985866,-1.087340,1.902780,2.812940,1.520340,-0.396403,-0.842791,-0.410147,-0.419696,3.060890,2.371040,-0.161693
1.797100,1.989220,-0.880184,2.364150,1.390670,1.209810,-1.188980,1.892550,2.748850,1.513020,-0.317425,-0.856674,-0.335274,-0.362917,2.968470,2.065050,-0.141299
1.829660,1.979650,-0.911227,1.988490,1.424250,1.049240,-1.227650,1.871450,2.819490,1.424930,-0.170409,-0.912024,-0.345275,-0.365660,2.896300,2.133930,-0.165401
1.935000,1.922100,-0.623560,2.416830,1.386060,1.154540,-1.172870,1.841670,2.818940,1.470970,-0.259898,-0.872582,-0.364818,-0.403011,2.911250,2.066460,-0.214735
2.003980,2.063020,-0.780842,2.338580,1.419010,1.324100,-1.087400,1.892120,2.793680,1.426720,-0.229974,-0.910614,-0.404351,-0.418515,2.955330,2.165340,-0.279316
1.985080,2.083930,-0.826451,2.065100,1.416140,1.443400,-1.048620,1.863270,2.820160,1.414160,-0.169127,-0.995169,-0.328992,-0.375719,3.087260,2.080080,-0.263724
2.007960,2.047150,-0.845263,2.203000,1.397250,1.200510,-1.134050,1.965230,2.853240,1.519820,-0.319652,-0.877403,-0.379102,-0.422278,3.050220,2.139640,-0.229873
1.940270,2.317900,-0.827096,2.276040,1.355440,0.884384,-1.103530,1.816050,2.863340,1.411080,-0.307322,-0.972676,-0.384945,-0.421161,3.111340,2.111210,-0.175687
1.957260,2.388240,-0.892464,2.327290,1.314270,0.947045,-1.089910,1.727650,2.878370,1.377450,-0.235385,-0.923874,-0.413478,-0.456198,3.077940,2.005790,-0.227324
1.916180,2.243020,-0.886067,2.109130,1.268360,0.975879,-1.095970,1.838350,2.864160,1.488840,-0.219834,-0.812544,-0.181909,-0.363990,2.955410,2.015970,-0.153955
1.949690,2.194330,-0.917481,2.007070,1.226190,0.673588,-1.077470,1.791200,2.879670,1.554060,-0.288530,-0.845527,-0.250633,-0.349559,2.963320,1.980490,-0.172744
1.933860,2.201630,-0.842330,1.932450,1.276040,0.939539,-1.118330,1.817710,2.831140,1.455570,-0.263085,-0.665848,-0.245877,-0.432682,2.929080,1.955240,-0.064788
1.738760,1.974620,-0.555764,1.778270,1.334430,0.853062,-0.953330,1.967140,2.908130,1.645410,-0.281311,-0.766280,-0.116555,-0.586087,2.838800,2.003080,0.573194
1.634920,2.022690,-0.687868,0.806526,1.829900,2.009810,-0.912171,2.402900,3.149720,1.839370,-0.150347,-0.822914,-0.146227,-0.871813,2.600000,2.203250,1.615730
1.522180,2.071970,-0.340629,0.689898,1.989630,2.122050,-0.786557,2.554550,3.236430,1.904760,0.028106,-0.703475,-0.086286,-1.088010,2.557390,2.058220,2.150460
1.630750,1.944190,-0.215762,0.633589,1.967780,1.832150,-0.847420,2.379100,3.205460,2.106420,-0.174767,-0.401820,0.099353,-1.137520,2.685600,1.885480,2.266490
1.418850,2.171890,-0.474818,0.691686,1.841780,1.314250,-0.902465,2.350170,3.145280,1.928190,-0.244656,-0.636934,0.051679,-0.945981,2.809310,1.949840,1.962920
1.371110,2.122700,-0.433983,0.967881,1.792920,1.623240,-0.885459,2.329060,3.108770,1.986630,-0.325466,-0.824668,-0.131991,-0.879042,2.843950,2.039200,1.588770
1.411710,2.167060,-0.750729,1.318690,1.606820,1.532400,-0.981036,2.195550,3.042080,1.790080,-0.287722,-0.702970,-0.175739,-0.725783,2.875700,2.037380,1.339020
1.449560,1.855640,-0.653452,1.259460,1.457080,1.361040,-1.095030,2.009840,2.985770,1.606510,-0.350862,-0.824691,0.007061,-0.568931,2.739510,1.925270,1.109940
1.683240,2.203090,-0.848923,1.639600,1.408490,1.243880,-1.159670,1.982490,2.967080,1.552860,-0.292572,-0.582541,-0.046722,-0.625230,2.861810,2.011480,0.909383
1.641160,2.307970,-0.962127,1.555960,1.291860,0.974753,-1.205680,2.062050,2.906020,1.714580,-0.235548,-0.609071,-0.100399,-0.542563,2.884710,1.983940,0.563532
1.544280,2.286100,-0.895153,1.724810,1.307560,0.935582,-1.095620,1.995680,2.882560,1.730460,-0.252809,-0.745560,-0.103634,-0.495797,3.028910,2.041640,0.424408
1.558070,2.032090,-0.904540,1.710020,1.292330,1.197460,-1.122350,1.984110,2.900330,1.754040,-0.185073,-0.819396,-0.246265,-0.485758,2.957620,1.985720,0.276172
1.594110,2.228720,-0.953588,1.748870,1.268480,1.311450,-0.997929,1.928630,2.859400,1.673630,-0.233294,-1.010320,-0.221685,-0.387948,2.913790,2.104140,0.214128
1.669600,1.950030,-0.892183,1.681790,1.302900,1.264260,-1.048980,1.980610,2.894830,1.721010,-0.160764,-0.919138,-0.123489,-0.348152,2.839250,2.024960,0.196808
1.773930,2.130380,-0.748963,1.641260,1.409750,1.318370,-1.129570,1.912870,2.897340,1.619160,-0.147808,-1.028010,-0.289098,-0.351023,2.953720,1.829660,0.198328
1.753100,2.097530,-0.858692,1.759830,1.317730,1.248740,-1.060930,1.982250,2.881600,1.614450,-0.131293,-0.904251,-0.132022,-0.330474,2.960250,1.917460,0.101276
1.816470,1.758210,-0.705359,1.828740,1.313200,1.238680,-1.151450,1.939900,2.895160,1.558400,-0.045333,-1.021810,-0.112188,-0.271281,2.898670,1.945910,0.129697
1.844540,1.969380,-0.997481,1.814970,1.313980,0.915383,-1.194450,1.817480,2.818440,1.655310,-0.143349,-0.954624,-0.104810,-0.289372,2.883130,1.950480,0.053299
1.856350,2.097770,-0.969338,2.119710,1.330370,1.321190,-1.116200,1.892680,2.830770,1.636520,-0.268848,-0.980870,-0.177515,-0.318188,2.819700,1.853330,0.050035
1.831050,2.121960,-1.096140,1.871100,1.269810,0.979914,-1.172390,1.746660,2.844160,1.523120,-0.234898,-0.967063,-0.149153,-0.303969,2.861650,1.820470,0.014370
1.862110,2.236200,-1.214990,2.128000,1.314730,1.088980,-1.113550,1.860860,2.839730,1.643790,-0.231403,-0.868410,-0.141105,-0.338127,2.855190,1.898340,0.041016
1.778480,2.073330,-1.207610,2.031130,1.249320,0.963922,-1.132040,1.859470,2.881700,1.548600,-0.223038,-1.071240,-0.107496,-0.354475,2.837300,1.966040,-0.020571
1.878320,2.100740,-0.992234,2.056630,1.270420,0.882180,-1.081920,1.860020,2.910230,1.572150,-0.052500,-0.852283,-0.136811,-0.437740,2.957590,1.957080,0.072432
1.847670,2.015780,-0.928655,1.928680,1.276450,0.819917,-1.059810,1.740300,2.857580,1.591940,-0.219583,-0.681285,-0.189002,-0.408462,2.968340,2.138320,0.003332
1.931810,2.319560,-1.051090,2.068570,1.228620,0.547122,-1.146250,1.790930,2.869070,1.600760,-0.207989,-0.743656,-0.208806,-0.409529,2.940460,1.732180,0.047837
1.907340,2.149330,-0.901642,2.039480,1.313000,1.020020,-1.139070,1.792470,2.847460,1.611210,-0.165716,-0.656567,-0.163200,-0.460139,3.075630,2.075330,-0.020566
2.024860,2.486170,-1.053620,2.154030,1.259980,0.745220,-1.133730,1.741700,2.831820,1.632280,-0.130882,-0.705204,-0.152110,-0.398698,3.036400,2.047040,-0.056335
1.876960,2.321600,-1.055480,1.993000,1.292560,0.973585,-1.131360,1.808780,2.830780,1.649400,-0.283000,-0.894909,-0.235198,-0.396644,3.013060,2.088130,-0.010725
1.843960,2.241160,-1.167110,2.089320,1.271920,0.992608,-0.953590,1.737260,2.770040,1.668090,-0.371145,-0.771549,-0.080578,-0.400002,2.889730,2.148180,-0.059195
1.778920,1.972610,-1.165580,2.159590,1.292230,1.052150,-1.070120,1.774470,2.806000,1.630270,-0.296233,-0.861751,-0.041869,-0.462239,2.979600,2.075110,-0.029499
1.768380,2.128060,-1.150660,1.910340,1.207900,1.132400,-1.068950,1.680950,2.809600,1.654750,-0.275063,-0.782992,-0.101729,-0.419035,2.993550,1.986590,-0.047500
1.811730,2.077220,-1.229580,1.957870,1.243510,1.133270,-1.050680,1.713960,2.814780,1.644700,-0.259073,-0.838137,-0.175799,-0.427734,3.049510,1.917590,-0.066110
1.715610,2.015380,-1.057140,2.142350,1.270160,1.237670,-1.044760,1.774920,2.827200,1.582680,-0.297805,-0.774201,-0.144436,-0.379059,2.892320,1.989170,-0.013067
1.697660,2.103660,-1.062490,2.031330,1.243530,1.208970,-1.017500,1.822840,2.821200,1.446570,-0.280287,-0.834500,-0.361913,-0.390283,2.876180,1.917990,-0.047652
1.687820,2.032450,-1.165800,2.102680,1.182370,1.035240,-1.110280,1.696600,2.805560,1.579140,-0.192322,-0.736301,-0.201367,-0.368048,3.081410,1.899710,-0.106878
1.764220,2.106510,-1.154120,2.249110,1.161640,0.795326,-1.088390,1.710710,2.815690,1.573430,-0.195663,-0.672609,-0.250624,-0.434891,3.033760,1.763400,-0.083331
1.734410,2.178660,-1.124880,1.992950,1.235050,0.937314,-1.136990,1.791060,2.837050,1.471500,-0.186779,-0.618754,-0.263460,-0.394551,3.091770,1.858160,-0.016397
1.768560,2.150250,-1.124480,1.908480,1.292320,0.953023,-1.180110,1.816100,2.835760,1.476560,-0.102137,-0.705589,-0.306254,-0.408654,2.967070,1.844270,-0.045034
1.789110,2.178760,-0.963761,2.068280,1.292310,1.016300,-1.163330,1.819690,2.857730,1.551230,-0.103399,-0.903828,-0.345552,-0.445322,3.038900,1.940370,-0.033272
1.757500,2.167640,-1.070810,1.958370,1.299780,0.860891,-1.163160,1.839760,2.888170,1.536080,-0.119874,-0.835704,-0.328419,-0.450747,3.053750,1.897250,-0.048077
1.830500,2.267430,-1.139830,2.043690,1.304350,1.053010,-1.041850,1.817040,2.871010,1.477190,-0.050725,-0.644840,-0.331591,-0.500257,3.029810,1.957860,-0.085734
1.922450,2.278380,-1.245380,1.850550,1.270930,1.002820,-1.107860,1.721810,2.878710,1.580220,-0.240846,-0.762022,-0.154600,-0.446100,2.946900,1.993930,-0.076952
1.836840,2.234610,-1.186540,2.061140,1.349350,1.171560,-1.125270,1.851720,2.888370,1.626570,-0.154340,-0.662172,-0.250689,-0.424813,2.928180,2.074150,-0.063903
1.845420,2.029180,-1.084220,2.201090,1.354170,1.018280,-1.170880,1.798530,2.857680,1.619620,-0.207592,-0.851509,-0.231996,-0.377352,2.864760,1.978480,-0.097597
1.830430,2.128910,-1.043730,2.090870,1.293760,1.119990,-1.126270,1.783500,2.876390,1.630200,-0.165599,-0.697011,-0.251272,-0.413981,3.007700,2.075650,-0.114004
1.797160,2.071320,-1.096870,2.196560,1.312600,1.124040,-1.116060,1.777720,2.851390,1.797150,-0.173720,-0.697464,-0.217791,-0.420415,2.995140,2.133420,-0.138371
1.820910,2.023890,-1.118520,2.212470,1.363190,1.253860,-1.104080,1.771550,2.868550,1.793650,-0.210579,-0.699545,-0.297440,-0.422064,3.021440,2.073870,-0.158841
1.897840,2.076140,-1.066870,1.983770,1.366870,1.415110,-1.143790,1.877940,2.890450,1.627980,-0.261076,-0.787382,-0.088002,-0.454848,2.957920,1.945030,-0.099253
1.879090,2.246080,-1.045840,2.098360,1.318150,1.070420,-1.163930,1.892240,2.906840,1.620050,-0.226015,-0.928481,-0.129665,-0.455863,2.938540,1.827340,-0.115166
2.011280,2.202030,-1.231410,2.108800,1.301010,1.297170,-1.017280,2.068070,2.888190,1.502550,-0.359899,-0.849171,-0.321340,-0.448929,2.736680,1.673190,-0.114624
1.859620,2.085650,-1.141060,2.043960,1.254850,1.036210,-1.033950,1.884180,2.858530,1.528880,-0.146926,-0.614842,-0.288506,-0.460070,2.804630,1.861970,-0.152691
2.035160,2.258370,-1.256720,2.233540,1.258360,1.276840,-0.995235,1.809170,2.901180,1.471690,-0.252371,-0.730935,-0.311522,-0.464444,2.786720,1.763350,-0.198790
1.900430,2.142430,-1.054020,2.336260,1.357040,1.305010,-1.022350,1.778630,2.868730,1.466440,-0.293691,-0.727938,-0.211924,-0.395480,2.946770,1.956240,-0.148529
1.840270,2.198890,-1.107600,2.284870,1.332200,1.321810,-0.992806,1.671810,2.880660,1.588900,-0.291771,-0.676613,-0.280738,-0.432450,2.982340,1.921110,-0.140867
1.986970,2.209430,-1.098200,2.027130,1.217330,1.079570,-1.075590,1.835390,2.879820,1.499530,-0.214201,-0.714558,-0.203671,-0.392698,2.792890,1.902500,-0.162832
1.882670,2.132050,-1.052920,2.235010,1.228270,1.120430,-1.140000,1.881590,2.904690,1.575390,-0.210829,-0.773205,-0.214395,-0.344171,2.848430,1.889100,-0.169935
1.877050,2.085880,-1.244090,2.344800,1.202110,1.240480,-1.124040,1.805470,2.811370,1.560180,-0.188879,-0.701190,-0.178868,-0.354017,2.816960,1.887370,-0.192747
1.953340,2.170510,-1.192260,2.307650,1.165780,1.261800,-1.127630,1.848510,2.859050,1.564590,-0.211422,-0.668668,-0.169898,-0.395748,2.935870,1.879240,-0.154503
1.888140,2.222530,-1.132330,2.172060,1.185280,0.957882,-1.080910,1.824450,2.850620,1.574740,-0.220744,-0.689828,-0.223595,-0.352750,2.926950,1.999670,-0.198817
2.030040,2.254260,-1.036080,2.212120,1.180350,1.097900,-1.147930,1.770320,2.847240,1.485710,-0.207706,-0.635455,-0.257118,-0.372012,2.940480,2.090440,-0.133099
1.998870,2.087600,-1.041700,2.456130,1.191630,1.374040,-1.192820,1.825140,2.832170,1.446260,-0.380810,-0.729842,-0.150055,-0.345213,2.928410,1.874870,-0.209282
1.861550,2.029000,-1.180680,2.365890,1.203550,1.394850,-1.136740,1.796950,2.826010,1.534720,-0.250605,-0.696859,-0.139422,-0.370454,2.844560,1.824130,-0.246528
1.872510,2.230400,-1.113090,2.537320,1.158600,1.191990,-1.190960,1.695380,2.804360,1.614670,-0.143291,-0.767440,-0.188082,-0.366440,2.833480,1.684980,-0.235639
1.788260,2.241930,-1.097330,2.509260,1.201230,1.261450,-1.171460,1.776980,2.831620,1.539430,-0.022199,-0.788787,-0.313508,-0.356636,2.998390,1.912570,-0.269086
1.937680,2.216110,-1.104370,2.510670,1.186750,1.238220,-1.095590,1.717280,2.789750,1.590980,-0.056644,-0.539386,-0.187604,-0.387502,2.905650,1.990270,-0.249245
1.975120,2.236470,-1.144450,2.306750,1.126830,1.366530,-1.235350,1.670040,2.776870,1.517640,-0.142586,-0.754113,-0.213601,-0.393702,3.036250,1.950550,-0.253872
2.003400,2.132320,-1.106380,2.600360,1.094040,1.131730,-1.256720,1.819080,2.798930,1.431300,-0.130104,-0.944730,-0.157870,-0.408874,2.908190,1.833160,-0.242482
2.031920,2.169440,-1.124190,2.626820,1.109870,1.158940,-1.237280,1.752000,2.780030,1.449150,-0.096502,-0.944591,-0.119523,-0.392793,2.916320,1.807600,-0.244658
2.011490,2.269970,-1.131750,2.567660,1.102410,1.074590,-1.229810,1.776260,2.775480,1.498450,-0.067377,-1.059430,-0.105002,-0.363688,3.011920,1.932610,-0.228838
2.071860,2.344620,-0.959208,2.512490,1.134150,1.026720,-1.174990,1.731710,2.758420,1.548540,-0.105278,-0.799805,-0.031043,-0.346207,3.065640,1.950140,-0.224173
2.107500,2.367270,-1.044010,2.599650,1.145700,0.924761,-1.142750,1.709690,2.767820,1.545640,0.031479,-0.845877,-0.153266,-0.383155,3.025570,1.935270,-0.239895
2.067500,2.334200,-1.084900,2.561950,1.118260,0.898965,-1.182310,1.648080,2.770330,1.580650,-0.058028,-0.810973,-0.099424,-0.363484,2.909500,1.813740,-0.276978
2.100480,2.265860,-1.105580,2.495160,1.103480,1.021650,-1.167290,1.731000,2.784090,1.573540,-0.167518,-0.855473,-0.104961,-0.351707,2.967680,1.775700,-0.267036
2.084350,2.277460,-1.132640,2.572590,1.106330,1.120420,-1.110320,1.645160,2.756390,1.474590,-0.245952,-0.759861,-0.083383,-0.305346,2.777270,1.812090,-0.277749
2.030100,2.229490,-1.160570,2.427720,1.052280,0.766632,-1.139500,1.688590,2.757720,1.583640,-0.135861,-0.738811,-0.076309,-0.280553,2.714370,1.622890,-0.261045
1.851840,2.064730,-1.189370,2.464800,1.008660,0.709603,-1.226310,1.793920,2.673060,1.455390,-0.128762,-0.719288,-0.054779,-0.136559,2.614780,1.467080,-0.255866
2.057810,2.256430,-1.056080,2.555850,1.125260,0.784499,-1.055540,1.876730,2.632500,1.625840,-0.341385,-0.523074,-0.130862,0.087763,1.939980,1.533420,-0.103940
1.988360,2.247610,-0.940153,2.383150,1.093070,0.703479,-0.928527,1.866320,2.546650,1.577550,-0.452787,-0.632071,-0.034952,0.056170,1.880500,1.340980,-0.082127
1.969550,2.478480,-1.021890,2.538300,1.116700,0.680404,-0.879814,1.877950,2.435540,1.724100,-0.438341,-0.553174,-0.091448,0.047836,1.867670,1.591000,-0.094266
2.229070,2.433490,-0.998742,2.544910,1.107480,0.682325,-0.768083,1.836280,2.354900,1.809700,-0.398513,-0.571780,-0.144621,-0.028229,1.782970,1.456820,-0.179625
1.995530,2.466550,-0.951166,2.229620,1.121140,0.890584,-0.758645,2.097670,2.351250,1.542130,-0.336540,-0.673870,-0.303257,-0.090611,1.865350,1.387670,-0.190019
1.973950,2.390650,-0.873983,2.108980,0.995078,0.751261,-0.671225,2.050390,2.244940,1.444130,-0.233697,-0.576896,-0.333789,-0.146505,1.912740,1.285440,-0.215814
1.699860,2.277430,-1.001590,2.162360,0.985887,0.862129,-0.634879,2.118230,2.213010,1.681750,-0.249422,-0.597700,-0.102411,-0.151060,1.750060,1.186320,-0.137900
1.721390,2.258560,-0.937732,2.007220,1.080480,0.820000,-0.549617,2.021780,2.161740,1.528590,-0.302633,-0.619807,-0.101700,-0.170502,1.744220,1.358900,-0.160545
1.569510,2.225040,-0.943175,1.851760,1.088440,0.627539,-0.477853,2.017690,2.198050,1.677090,-0.164052,-0.241652,-0.050521,-0.072049,1.668210,1.394110,-0.178957
1.288000,2.031130,-0.928255,2.217780,1.165880,0.693838,-0.501730,1.979780,2.207590,1.542090,-0.145885,-0.310762,-0.096403,0.071052,1.755180,1.419740,-0.198994
1.160970,2.144050,-0.874308,1.786690,1.160520,0.680472,-0.527786,1.979660,2.254220,1.504970,-0.302719,-0.416771,-0.094173,0.146854,1.832710,1.389820,-0.202665
1.301820,2.255330,-0.849309,1.979750,1.218130,0.918354,-0.534598,2.013240,2.270960,1.592360,-0.385443,-0.365016,0.064079,0.167028,1.876160,1.343330,-0.131796
1.428300,2.173270,-0.699894,1.925760,1.239570,0.851772,-0.539743,2.042920,2.284150,1.467840,-0.415997,-0.418470,-0.124263,0.180550,1.814560,1.170280,-0.154243
1.345570,2.115330,-0.718225,1.907460,1.211760,0.603683,-0.625053,2.114000,2.314190,1.633320,-0.280163,-0.470439,0.006661,0.198406,1.805110,1.199270,-0.155333
1.348980,2.247300,-0.723684,1.862560,1.255960,0.915467,-0.611475,2.173710,2.367690,1.743180,-0.288100,-0.428903,-0.022779,0.249624,1.915420,1.341100,-0.140417
1.359860,2.044500,-0.651887,2.108830,1.280490,1.015530,-0.569839,2.139820,2.367740,1.760620,-0.303771,-0.408516,0.034622,0.237677,1.729100,1.262290,-0.191135
1.396530,2.170300,-0.548987,2.149730,1.285980,0.938820,-0.543760,2.235530,2.358330,1.772270,-0.314593,-0.382490,0.007571,0.233838,1.662830,1.405480,-0.194435
1.487570,2.071950,-0.551439,1.983200,1.303450,1.088370,-0.569046,2.143890,2.377210,1.798680,-0.336924,-0.503063,-0.034877,0.235473,1.666110,1.418460,-0.135374
1.546860,2.198090,-0.615478,1.852750,1.220720,0.903393,-0.577290,2.060370,2.382690,1.693500,-0.397902,-0.363119,-0.022628,0.280015,1.677460,1.289910,-0.109925
1.439870,2.140330,-0.738738,1.819300,1.297660,0.903123,-0.572350,2.072670,2.391960,1.789740,-0.429023,-0.529222,-0.018842,0.383269,1.850840,1.374500,-0.119794
1.547560,2.384840,-0.744031,1.931650,1.336810,1.013300,-0.549945,2.115140,2.380710,1.629010,-0.398854,-0.510376,0.004546,0.374474,1.832330,1.580110,-0.092150
1.476910,2.366740,-0.698171,1.970750,1.213780,0.868903,-0.553972,2.010090,2.427830,1.687390,-0.340810,-0.413625,-0.031655,0.383252,1.909880,1.327160,-0.128924
1.493690,2.290910,-0.705281,2.044910,1.250510,1.130770,-0.635097,2.101500,2.468910,1.859880,-0.479005,-0.596156,0.158984,0.434446,1.937440,1.297530,-0.129594
1.539210,2.275390,-0.759168,1.802860,1.272040,1.236260,-0.702201,1.961040,2.531190,1.765740,-0.451008,-0.399372,0.085831,0.376516,1.770970,1.361790,-0.053424
1.367170,2.159670,-0.952873,1.739880,1.297270,1.170410,-0.644576,1.955950,2.443030,1.722060,-0.433337,-0.468540,0.010343,0.395655,1.887210,1.383860,-0.124511
1.442410,2.111200,-0.936770,2.161800,1.299840,1.274490,-0.695056,2.000900,2.528210,1.738520,-0.549090,-0.559093,-0.008683,0.378489,1.768360,1.422860,-0.139943
1.556200,2.090520,-0.966774,1.958290,1.295740,1.399600,-0.631435,1.980730,2.591430,1.914230,-0.438949,-0.453804,0.254411,0.300571,1.655180,1.263290,0.045017
1.470200,2.048980,-1.001720,1.772890,1.329880,1.290950,-0.734839,2.050570,2.661520,2.064810,-0.433879,-0.400196,0.291804,0.193988,1.576830,1.309030,0.224414
1.587420,2.133270,-0.985332,1.687940,1.312640,1.122540,-0.855550,2.052350,2.702910,2.117840,-0.393450,-0.455930,0.136572,0.197077,1.617590,1.148150,0.224556
1.488210,2.062160,-0.817162,1.856110,1.330060,1.052940,-0.815719,2.090450,2.742140,2.019960,-0.329020,-0.550957,0.124716,0.223147,1.638610,1.356270,0.307160
1.433880,2.048540,-0.689375,1.855180,1.357540,1.135930,-0.833694,2.133480,2.709180,2.105590,-0.439686,-0.397603,0.159934,0.227049,1.660120,1.212920,0.370199
1.466400,1.916860,-0.832944,1.631260,1.315050,1.471640,-0.884936,2.086580,2.754020,1.990670,-0.313306,-0.563228,0.176471,0.198576,1.544950,1.188860,0.380212
1.540770,2.174930,-0.852759,1.702700,1.312600,1.126440,-0.885106,2.091690,2.771200,2.165840,-0.440826,-0.507249,0.090962,0.248778,1.657760,1.221720,0.328430
1.458340,1.949000,-0.875444,1.795690,1.336820,1.252820,-0.822126,2.125520,2.797960,1.971240,-0.264506,-0.503788,0.094159,0.216973,1.608200,1.259350,0.274748
1.508100,2.017260,-0.933879,1.691520,1.298320,1.191110,-0.936615,2.120590,2.787030,2.125820,-0.350188,-0.569857,0.050711,0.283215,1.600330,1.203520,0.253529
1.418600,1.994900,-0.985919,1.726100,1.387650,1.378500,-0.882850,2.094540,2.782900,2.122450,-0.461240,-0.398986,0.057543,0.288779,1.605040,1.160430,0.279092
1.515580,2.055970,-0.872392,1.847580,1.323190,0.886723,-0.868660,1.975030,2.734340,2.073070,-0.406834,-0.288073,0.055027,0.317465,1.606870,1.473750,0.286847
1.439520,2.027700,-0.856768,1.747730,1.332670,1.368490,-0.888243,2.092560,2.783830,2.024680,-0.305860,-0.528696,0.057867,0.290755,1.631710,1.427850,0.324190
1.557780,1.960820,-0.821640,2.079020,1.262530,1.227590,-0.936648,1.978160,2.725860,1.962650,-0.438857,-0.544630,-0.039449,0.345113,1.607400,1.391920,0.442069
1.536410,1.895940,-0.687016,1.904360,1.305290,1.240840,-0.968434,1.933200,2.736870,1.993550,-0.520763,-0.617876,-0.061593,0.317833,1.638720,1.504590,0.416001
1.533250,2.057810,-0.901760,1.963720,1.304520,1.268770,-0.957766,1.992990,2.796950,1.894630,-0.616064,-0.504099,0.063173,0.337454,1.475730,1.419250,0.403098
1.587620,1.941120,-0.937781,1.854680,1.311610,1.264410,-0.970426,2.016710,2.769820,1.984160,-0.546884,-0.525908,-0.057641,0.372725,1.595480,1.533930,0.466383
1.497730,2.076410,-0.946212,1.735140,1.294240,1.283430,-0.900059,1.878690,2.754730,1.926520,-0.632243,-0.448576,0.112020,0.439119,1.491860,1.515060,0.430032
1.255920,1.935240,-0.893090,2.044230,1.370760,1.051790,-0.852669,1.915250,2.782450,1.975890,-0.735207,-0.464664,0.229508,0.473947,1.536550,1.405810,0.362177
1.547930,2.065760,-0.883124,1.973510,1.347260,1.338300,-0.893020,1.978130,2.799090,1.905430,-0.609531,-0.390212,0.260760,0.400229,1.707950,1.312710,0.397741
1.629210,1.978890,-0.966642,1.954020,1.307480,1.215600,-0.809428,1.989910,2.739790,1.924860,-0.625548,-0.407639,0.065751,0.401897,1.480750,1.138040,0.369461
1.593480,2.067310,-0.790003,1.826150,1.301250,1.072350,-0.735870,1.964570,2.760450,1.926820,-0.700223,-0.278877,0.259666,0.307115,1.651780,1.410390,0.319434
1.593070,2.024540,-0.926135,2.067540,1.306520,1.035200,-0.901982,2.089000,2.816930,1.919420,-0.508425,-0.490336,0.138697,0.387750,1.705320,1.516750,0.282204
1.486100,1.870680,-0.805104,1.952910,1.284870,0.914836,-0.901948,1.919450,2.794200,1.974600,-0.508957,-0.405192,0.234701,0.307744,1.613190,1.474430,0.296953
1.538250,1.779000,-1.011170,2.090070,1.318350,0.521090,-0.935801,1.917270,2.788150,1.939180,-0.548952,-0.380052,0.254778,0.383706,1.606830,1.304100,0.331998
1.514240,1.709280,-0.893614,1.964450,1.247650,0.700053,-0.914939,2.001370,2.803400,1.974320,-0.478686,-0.498472,0.337108,0.333516,1.538720,1.416020,0.356747
1.634340,1.919110,-0.905480,2.041100,1.260070,0.805612,-0.922399,2.081760,2.817730,2.011060,-0.541819,-0.367785,0.438429,0.291691,1.448280,1.287020,0.280806
1.538000,1.814230,-0.940887,1.854860,1.342260,0.615720,-1.013790,1.997200,2.744860,1.874590,-0.466804,-0.242399,0.320916,0.401742,1.409190,1.257030,0.332911
1.363350,1.804470,-0.942540,2.034110,1.318780,0.596371,-0.992006,1.924660,2.760410,1.721750,-0.521210,-0.244526,0.383014,0.424902,1.456960,1.277020,0.359848
1.487360,1.698900,-0.831992,1.929300,1.315600,0.768112,-1.069630,2.011070,2.741470,1.878010,-0.499557,-0.638736,0.210702,0.419301,1.494060,1.296560,0.339619
1.501600,1.799520,-0.943654,1.796030,1.247550,0.865832,-1.020580,1.824980,2.729650,1.713320,-0.527876,-0.420855,0.336917,0.354739,1.472850,1.162500,0.352099
1.570200,1.947880,-1.065750,1.862810,1.168810,0.893401,-1.024720,1.835700,2.658720,1.892670,-0.468397,-0.363802,0.322060,0.419890,1.421590,1.307850,0.336501
1.560880,1.976890,-0.952321,1.975920,1.187140,0.942466,-0.991515,1.846740,2.712080,1.885940,-0.514796,-0.172931,0.290687,0.327748,1.381950,1.283760,0.296118
1.521710,2.011050,-0.922790,1.877880,1.129220,0.861470,-1.067530,1.862730,2.739660,1.733970,-0.420436,-0.159414,0.339997,0.320663,1.305980,1.297380,0.309273
1.500790,2.138960,-0.947765,1.745630,1.083360,0.839384,-0.987863,1.781670,2.689660,1.889860,-0.493163,-0.181185,0.274602,0.305035,1.440600,1.316290,0.304148
1.588440,2.175770,-1.125150,2.112770,0.987019,1.057700,-1.015140,2.115140,2.550590,2.006630,-0.410203,-0.322330,0.235839,0.210931,1.526540,1.237080,0.354325
1.590900,2.168270,-1.034800,2.213370,0.929738,0.653233,-0.898315,1.759720,2.239330,2.045570,-0.268854,-0.036349,0.002777,-0.070209,1.259370,1.206860,0.245449
1.874860,2.364310,-0.832491,2.066640,0.731316,0.576209,-0.797588,1.954410,1.675870,1.887390,0.218964,0.257518,0.274276,0.104491,0.312979,1.237570,0.317233
2.066710,2.960830,-1.055420,1.381260,0.357652,0.083745,-0.860886,1.281740,1.327250,1.761360,0.350908,0.514031,0.356232,0.503520,-0.631052,1.341790,0.128023
1.823780,2.387410,-0.973178,1.744240,0.182679,-0.255722,-1.055800,0.847016,0.923812,1.529110,0.623858,1.025680,0.363739,0.620228,-1.221150,1.007010,0.193023
1.927820,2.442210,-0.863529,1.921690,-0.047234,-0.570704,-1.309500,0.569624,0.749550,1.177580,0.770257,0.985343,0.631548,0.826848,-1.792210,0.752053,0.378172
1.955750,2.349720,-1.033180,1.713960,-0.120009,-0.596892,-1.561660,0.212270,0.563127,1.154460,0.714044,1.303000,0.610939,1.102130,-2.032370,0.876915,0.601087
2.067330,2.695230,-0.763912,1.798780,-0.153198,-0.402138,-1.499470,0.011599,0.427822,1.015020,0.574196,1.357140,0.702656,1.173050,-2.037070,0.854668,0.646440
2.197460,2.645680,-0.911033,1.685410,-0.151340,-0.660796,-1.588210,-0.015778,0.379489,0.809855,0.876807,1.669520,0.809429,1.209130,-2.122230,0.776321,0.583353
2.101690,2.342020,-0.915764,1.889790,-0.180764,-0.769024,-1.557900,-0.211327,0.363216,0.947180,0.837554,1.564930,0.815275,1.253860,-2.182700,0.730061,0.502112
1.962160,2.248600,-0.992717,1.841340,-0.288387,-0.848047,-1.650520,-0.206354,0.382220,0.629672,0.891502,1.551140,0.794972,1.315070,-2.329680,0.485897,0.449587
2.141330,2.373720,-1.031450,1.871400,-0.299563,-1.154340,-1.648800,-0.181993,0.252796,0.679305,0.908450,1.605460,0.964560,1.176190,-2.212580,0.571273,0.356782
