-0.028419
-0.028419
-0.028108
-0.028108
-0.025745
-0.025039
-0.022836
-0.021364
-0.018498
-0.015560
-0.013826
-0.010201
-0.009548
-0.006294
-0.002577
-0.000126
0.001790
0.003730
0.005428
0.006136
0.007181
0.007653
0.007653
0.008194
0.008219
0.009458
0.009875
0.010156
0.011126
0.011126
0.011150
0.011150
0.011150
0.011331
0.011459
0.012384
0.013095
0.013095
0.014070
0.013275
0.013275
0.012991
0.012991
0.013521
0.013864
0.013521
0.013864
0.013712
0.013712
0.013388
0.013388
0.013917
0.013917
0.013917
0.014653
0.016273
0.016273
0.016290
0.016541
0.016541
0.016377
0.016238
0.015512
0.015512
0.015354
0.015640
0.015640
0.015812
0.015984
0.016053
0.015984
0.016069
0.015554
0.015527
0.015117
0.015527
0.015341
0.016487
0.016844
0.016844
0.015683
0.014900
0.015404
0.015377
0.015377
0.015377
0.015399
0.016130
0.015744
0.015744
0.015677
0.014915
0.014896
0.014851
0.014851
0.015003
0.015487
0.015003
0.014849
0.014849
0.014565
0.014210
0.014210
0.013596
0.013528
0.013039
0.013528
0.013559
0.014014
0.014086
0.014388
0.014388
0.014388
0.013079
0.012974
0.012654
0.012974
0.012643
0.012599
0.012599
0.012552
0.012401
0.011630
0.011352
0.011630
0.012416
0.013290
0.013290
0.013373
0.013609
0.013979
0.014355
0.013979
0.014031
0.013660
0.014031
0.014110
0.014110
0.013742
0.013742
0.014061
0.014211
0.014463
0.014211
0.014612
0.013895
0.013286
0.012710
0.012299
0.012710
0.012933
0.013645
0.014326
0.014711
0.014711
0.014570
0.014565
0.013739
0.013503
0.013038
0.013035
0.013035
0.013373
0.013655
0.013904
0.013904
0.013554
0.013554
0.013904
0.013947
0.013904
0.013654
0.013126
0.013126
0.014032
0.014032
0.013697
0.013589
0.013697
0.013671
0.013903
0.013903
0.015099
0.015323
0.015099
0.014968
0.014820
0.013922
0.013570
0.012770
0.012436
0.011190
0.011190
0.011826
0.011984
0.011984
0.011704
0.011141
0.011141
0.010330
0.011629
0.010237
0.011629
0.010591
0.010915
0.010663
0.010915
0.010663
0.011346
0.011346
0.011346
0.011841
0.012207
0.012207
0.011810
0.011810
0.011626
0.012167
0.012167
0.012271
0.012302
0.012271
0.012484
0.011391
0.011391
0.011391
0.012575
0.012575
0.012435
0.011933
0.011933
0.012643
0.012643
0.011904
0.011904
0.012731
0.012731
0.012731
0.011817
0.011892
0.011892
0.011892
0.012055
0.012665
0.012665
0.012248
0.012248
0.012248
0.012694
0.012086
0.011651
0.011651
0.012075
0.012081
0.012081
0.011968
0.011599
0.011740
0.011740
0.011740
0.011701
0.011701
0.011611
0.011611
0.011611
0.012119
0.012119
0.010935
0.010575
0.010575
0.010564
0.011004
0.011004
0.011004
0.010395
0.010395
0.011111
0.011111
0.010920
0.010920
0.011686
0.011686
0.011458
0.011307
0.011458
0.011967
0.011967
0.012324
0.011913
0.011792
0.010808
0.010808
0.010919
0.010966
0.010966
0.010529
0.010529
0.010572
0.010572
0.009983
0.009983
0.009983
0.008882
0.008882
0.009571
0.010361
0.010361
0.009858
0.009858
0.010214
0.010269
0.010874
0.010874
0.009363
0.006629
0.006055
0.005576
0.005259
0.005576
0.005670
0.006359
0.006359
0.004705
0.003729
0.003396
0.001675
0.001388
0.001233
-0.000979
-0.001626
-0.002466
-0.002775
-0.003463
-0.003529
-0.005003
-0.005881
-0.006395
