-0.006964
-0.006835
-0.005529
-0.004776
-0.004701
-0.004680
-0.004680
-0.004524
-0.004524
-0.003975
-0.003975
-0.002956
-0.002812
-0.002007
-0.001503
-0.000793
-0.000642
-0.000321
0.000310
0.001745
0.002382
0.003104
0.004757
0.006822
0.007131
0.007604
0.009189
0.009455
0.011046
0.011116
0.012055
0.012471
0.012664
0.012642
0.012801
0.013082
0.013649
0.013967
0.014371
0.013983
0.013983
0.013983
0.013906
0.014303
0.014303
0.014303
0.014499
0.014022
0.013793
0.013784
0.013793
0.013491
0.013092
0.012556
0.012422
0.011030
0.010379
0.010266
0.009661
0.008940
0.008493
0.008240
0.007881
0.007881
0.007911
0.007911
0.007814
0.007781
0.007386
0.007361
0.007361
0.005995
0.005724
0.005447
0.005724
0.005277
0.004702
0.004321
0.003204
0.003204
0.003254
0.003268
0.003287
0.003287
0.003026
0.002826
0.003026
0.003617
0.003617
0.002515
0.002515
0.002007
0.002715
0.002715
0.002966
0.003171
0.003288
0.003468
0.003468
0.002507
0.001534
0.001333
0.000508
0.000340
0.000340
0.000440
0.000512
0.000870
0.000870
0.000870
0.000805
0.000749
0.000709
0.000627
0.000627
-0.000048
-0.000633
-0.000633
-0.000537
-0.000454
-0.000454
-0.000710
-0.000710
-0.000568
-0.000008
0.000213
0.000213
