-0.024303
-0.023841
-0.023841
-0.023535
-0.023326
-0.023326
-0.023272
-0.023272
-0.022832
-0.022231
-0.022231
-0.021987
-0.021851
-0.021472
-0.019667
-0.019541
-0.018051
-0.017507
-0.017171
-0.015653
-0.015134
-0.014906
-0.014060
-0.012149
-0.011616
-0.010939
-0.009753
-0.009753
-0.009770
-0.009780
-0.010970
-0.010970
-0.010855
-0.010381
-0.010381
-0.010381
-0.009971
-0.009835
-0.009056
-0.007860
-0.007854
-0.007680
-0.005991
-0.005991
-0.005991
-0.004898
-0.004824
-0.003778
-0.003753
-0.003606
-0.003606
-0.001943
-0.001234
-0.001389
-0.001043
-0.001043
-0.000006
-0.000006
-0.000319
-0.000319
0.000264
0.000278
0.000406
0.000406
0.000406
0.000393
-0.000484
-0.000659
-0.000926
-0.001377
-0.001995
-0.001995
-0.001810
-0.001714
-0.001810
-0.002100
-0.002206
-0.002361
-0.002210
-0.002324
-0.002324
-0.004153
-0.004456
-0.004852
-0.005294
-0.005294
-0.005391
-0.005290
-0.005019
-0.004569
-0.004569
-0.004987
-0.004987
-0.004987
-0.005037
-0.005037
-0.004605
-0.004605
-0.005055
-0.005367
-0.005444
-0.005717
-0.006907
-0.006907
-0.006907
-0.007011
-0.007011
-0.006491
-0.005622
-0.005622
-0.005622
-0.005279
-0.005279
-0.005279
-0.005818
-0.005818
-0.005857
-0.005857
-0.005857
-0.006554
-0.007099
-0.007126
-0.007963
-0.008028
-0.007963
-0.006790
-0.006733
-0.005912
-0.005437
-0.004804
-0.004804
-0.004609
-0.004609
-0.003904
-0.003904
-0.004699
-0.005445
-0.005693
-0.005755
-0.006760
-0.006766
-0.007667
-0.009043
-0.009715
-0.009842
-0.010562
-0.010859
-0.012887
-0.013101
-0.013212
-0.013632
-0.014816
-0.015784
-0.015784
-0.016158
-0.016790
-0.016853
