-0.015976
-0.014543
-0.014543
-0.014211
-0.014607
-0.013770
-0.013318
-0.011102
-0.010008
-0.009340
-0.009298
-0.007536
-0.007036
-0.005779
-0.002335
-0.000915
0.002449
0.004686
0.005720
0.007915
0.008107
0.007915
0.008132
0.008132
0.009289
0.009686
0.010900
0.011911
0.012430
0.012430
0.012427
0.012128
0.011964
0.011546
0.011346
0.011346
0.011705
0.011721
0.011866
0.013571
0.013324
0.013324
0.012924
0.012726
0.012726
0.011778
0.011230
0.011127
0.010849
0.011127
0.011984
0.011984
0.011984
0.012717
0.012768
0.012717
0.012768
0.012754
0.012754
0.012437
0.011333
0.012143
0.011861
0.011861
0.011836
0.011829
0.011382
0.011382
0.011382
0.010581
0.009931
0.009988
0.009400
0.009988
0.010050
0.010561
0.010417
0.010417
0.010417
0.009774
0.010229
0.010229
0.011443
0.011482
0.012239
0.012629
0.012921
0.012921
0.012442
0.012442
0.013056
0.013056
0.013056
0.013820
0.014335
0.014936
0.014936
0.014975
0.014876
0.014975
0.015709
0.015709
0.015709
0.015739
0.015739
0.015908
0.015776
0.015875
0.015812
0.015812
0.015812
0.015604
0.016134
0.016006
0.016269
0.016269
0.016946
0.017004
0.017626
0.018211
0.018211
0.017326
0.016815
0.016815
0.017551
0.017551
0.016781
0.016100
0.014389
0.012931
0.010595
0.006563
0.004333
0.003647
0.002494
0.001728
0.001106
-0.001335
-0.001517
-0.002025
-0.002260
-0.003553
-0.004073
-0.004073
-0.004064
-0.003974
-0.004064
-0.006293
-0.006721
-0.007015
-0.008304
-0.008820
-0.008949
-0.009612
-0.010480
-0.011884
-0.012091
-0.012138
