-0.010405
-0.009722
-0.009722
-0.009722
-0.009316
-0.008002
-0.007569
-0.005108
-0.004482
-0.001210
0.000007
0.002548
0.008693
0.011342
0.015913
0.018065
0.021843
0.024240
0.025124
0.025124
0.023273
0.022973
0.021705
0.021705
0.021705
0.020906
0.020906
0.021162
0.021162
0.021294
0.021992
0.022352
0.023214
0.024390
0.024460
0.024460
0.025739
0.025624
0.025624
0.025624
0.025238
0.025817
0.028426
0.028834
0.029072
0.029406
0.029429
0.029429
0.029219
0.029053
0.029219
0.028579
0.029813
0.028750
0.030481
0.030126
0.030944
0.030622
0.031615
0.032009
0.032293
0.032927
0.032927
0.032911
0.032911
0.034086
0.034086
0.032698
0.032693
0.032693
0.033946
0.033946
0.033797
0.033797
0.034854
0.034854
0.033990
0.033990
0.033618
0.033618
0.032802
0.032802
0.033685
0.033862
0.034209
0.034229
0.034574
0.034574
0.034177
0.034177
0.033515
0.033422
0.033220
0.032989
0.032989
0.034848
0.035093
0.034953
0.035093
0.036005
0.036433
0.036005
0.035734
0.035295
0.034752
0.034752
0.034721
0.035006
0.035300
0.035300
0.035559
0.036317
0.036845
0.036317
0.035973
0.035693
0.035108
0.035004
0.034225
0.034062
0.034062
0.034062
0.035362
0.035116
0.035267
0.035116
0.034540
0.034347
0.033879
0.033879
0.035217
0.035246
0.035337
0.035246
0.035391
0.034647
0.035391
0.035543
0.035543
0.035860
0.035860
0.037401
0.037525
0.037525
0.037082
0.036395
0.036395
0.034811
0.034811
0.034573
0.034449
0.034449
0.034501
0.034996
0.035401
0.036420
0.036507
0.036515
0.036768
0.036768
0.036028
0.034338
0.033320
0.033320
0.033872
0.034069
0.034178
0.034862
0.034862
0.034210
0.034210
0.034332
0.034332
0.034236
0.033676
0.033676
0.033843
0.034386
0.034261
0.034261
0.033954
0.033954
0.033685
0.032747
0.032747
0.034309
0.034309
0.033464
0.033464
0.033464
0.033607
0.034445
0.034732
0.035084
0.035084
0.035794
0.035794
0.035794
0.035971
0.035971
0.035971
0.035292
0.035292
0.035269
0.035269
0.035067
0.034810
0.034403
0.034403
0.034403
0.033760
0.032898
0.032448
0.032448
0.033519
0.035141
0.035141
0.034970
0.034487
0.034324
0.033917
0.033695
0.033571
0.033412
0.032584
0.032031
0.031343
0.031005
0.031343
0.030544
0.031326
0.030544
0.029526
0.029526
0.029109
0.026016
0.020393
0.013089
0.013089
0.012905
0.013646
0.013646
0.014752
0.014752
0.012146
0.012109
0.008641
0.007110
0.005926
0.005729
0.001023
0.001023
0.001023
-0.000039
-0.000835
-0.000039
0.000136
0.000352
0.000352
-0.000283
