-0.014353
-0.012779
-0.012779
-0.014041
-0.014041
-0.013355
-0.013355
-0.013655
-0.013966
-0.013966
-0.013163
-0.012965
-0.011712
-0.010946
-0.009348
-0.009348
-0.005458
-0.004227
-0.001004
0.002412
0.002795
0.003381
0.004363
0.005342
0.005780
0.006604
0.007817
0.009082
0.009918
0.009918
0.009918
0.009953
0.009076
0.009296
0.009076
0.009044
0.008910
0.009044
0.009467
0.010705
0.010705
0.010272
0.010024
0.010024
0.009402
0.009329
0.008668
0.008668
0.009607
0.009741
0.009741
0.008696
0.008470
0.008470
0.008470
0.009335
0.009335
0.009596
0.009878
0.009596
0.009153
0.008313
0.008313
0.008313
0.006812
0.006812
0.006741
0.006427
0.006427
0.007991
0.008239
0.008435
0.008435
0.008196
0.008093
0.008196
0.008093
0.008169
0.008169
0.008169
0.007932
0.007573
0.006935
0.006935
0.007883
0.007883
0.007329
0.007329
0.008029
0.008257
0.008257
0.007649
0.007649
0.006967
0.008027
0.006843
0.006843
0.006843
0.006792
0.006693
0.005886
0.005646
0.005547
0.005524
0.005524
0.005887
0.005887
0.004872
0.004872
0.005490
0.005490
0.004913
0.004913
0.005036
0.006149
0.007297
0.007297
0.006891
0.006474
0.006891
0.007399
0.007424
0.007399
0.007288
0.007270
0.007270
0.007293
0.007293
0.006927
0.006878
0.006629
0.005687
0.006367
0.006367
0.006367
0.004903
0.004903
0.005174
0.005174
0.003468
0.002724
0.002724
0.002619
0.001479
0.001479
0.001479
-0.000274
-0.000388
-0.004591
-0.007216
-0.009432
-0.009490
-0.009587
-0.011396
-0.012387
-0.012711
-0.015306
-0.018246
-0.020089
-0.021591
-0.022300
-0.022405
-0.025366
-0.025645
-0.025725
