-0.021323
-0.020657
-0.019384
-0.018367
-0.015827
-0.014270
-0.012266
-0.012095
-0.011801
-0.009024
-0.008611
-0.007508
-0.006705
-0.003338
-0.002685
-0.001882
-0.001662
-0.001662
-0.000622
0.000735
0.001688
0.002936
0.005485
0.006666
0.007079
0.007682
0.007682
0.007557
0.007519
0.007519
0.007361
0.007203
0.007203
0.007304
0.007304
0.006272
0.005550
0.004954
0.004229
0.003884
0.001950
0.001950
0.001950
0.001853
0.001853
0.002337
0.002337
0.002171
0.001967
0.000799
-0.000152
-0.001376
-0.001376
-0.000080
0.000273
0.000742
0.000742
0.000741
0.000741
0.000969
0.001164
0.001164
0.001180
0.001180
0.001096
0.001096
0.001664
0.001664
0.001286
0.001008
0.000344
0.000344
-0.000029
-0.000075
-0.000075
0.000924
0.000924
0.000032
0.000032
0.000032
-0.000062
-0.000710
-0.000710
-0.000710
0.000299
0.000196
0.001161
0.001161
0.001652
0.003383
0.003452
0.004203
0.004203
0.004642
0.004741
0.005276
0.005286
0.005699
0.005760
0.006317
0.006412
0.006933
0.007838
0.007838
0.007628
0.007628
0.007729
0.008551
0.009142
0.009142
0.009297
0.009297
0.010129
0.010285
0.011193
0.011959
0.011959
0.011660
0.011103
0.011091
0.010979
0.010607
0.010979
0.011242
0.011242
0.010391
0.010212
0.009835
0.009835
0.009413
0.009393
0.008861
0.008861
0.009646
0.009646
0.008865
0.008607
0.007906
0.008228
0.008148
0.008148
0.007228
0.005982
0.005982
0.006584
0.006967
0.006967
0.006731
0.005808
0.005808
0.005789
0.005789
0.005643
0.005037
0.005037
0.005410
0.005998
0.005998
0.005863
0.005863
0.005821
0.006466
0.006466
0.006474
0.006976
0.007216
0.006976
0.006919
0.006379
0.006671
0.006671
0.006671
0.006731
0.004741
0.004603
0.002982
0.002200
-0.000796
-0.000963
-0.002015
-0.003554
-0.003554
-0.002309
-0.001754
-0.001754
-0.002584
-0.002785
-0.002785
-0.002527
-0.002527
-0.003937
-0.004404
-0.003937
-0.004404
-0.007159
-0.007170
-0.007159
-0.007170
-0.007264
-0.007328
-0.007620
-0.007328
-0.007368
-0.006799
-0.006799
-0.006799
-0.008637
-0.008671
-0.009344
-0.010328
-0.010426
-0.011054
-0.011173
-0.011230
-0.011659
-0.012787
-0.013048
-0.013347
-0.013565
-0.014189
-0.014766
-0.015076
-0.015255
-0.015616
