-0.023597
-0.022966
-0.022878
-0.020535
-0.019092
-0.017841
-0.017652
-0.014762
-0.014042
-0.013467
-0.012567
-0.012331
-0.010992
-0.009496
-0.009155
-0.008207
-0.007529
-0.005788
-0.005430
-0.002306
-0.000079
-0.000079
0.000592
0.000193
0.001113
0.001954
0.003604
0.003524
0.003604
0.003677
0.004017
0.004017
0.003641
0.003233
0.002411
0.002411
0.002245
0.002638
0.002724
0.003514
0.003514
0.004532
0.004818
0.004637
0.004637
0.004629
0.003526
0.003526
0.003526
0.004512
0.003917
0.004155
0.004155
0.004155
0.004194
0.004456
0.005303
0.005356
0.005356
0.005131
0.005042
0.004322
0.004322
0.004322
0.004354
0.004590
0.004590
0.004559
0.004247
0.004247
0.004303
0.004391
0.004303
0.004382
0.004114
0.004289
0.004289
0.004296
0.004516
0.004620
0.005006
0.005208
0.005208
0.005815
0.005815
0.005990
0.006354
0.006354
0.005763
0.005619
0.005758
0.005619
0.005717
0.005435
0.005717
0.006332
0.006688
0.006688
0.006688
0.006301
0.006173
0.006294
0.006294
0.006431
0.006431
0.006431
0.007209
0.007209
0.006826
0.006826
0.006934
0.007494
0.006934
0.006524
0.005469
0.005469
0.005469
0.004493
0.003315
0.002503
0.002324
0.002076
0.002076
0.000459
-0.000381
-0.001308
-0.003650
-0.004224
-0.006885
-0.008003
-0.008003
-0.009386
-0.009831
-0.010338
-0.011391
-0.011863
-0.011916
-0.011916
-0.011916
-0.011828
-0.011931
-0.011931
