-0.030311
-0.030036
-0.029174
-0.026705
-0.020245
-0.013090
-0.004571
-0.000228
0.001409
0.003714
0.006782
0.008269
0.008647
0.008916
0.009079
0.010374
0.011968
0.012904
0.014450
0.014462
0.015351
0.015819
0.015819
0.017741
0.018009
0.018748
0.019147
0.018748
0.017988
0.015898
0.015453
0.014411
0.014411
0.014007
0.014749
0.013956
0.014749
0.015935
0.015935
0.015935
0.015855
0.016732
0.015970
0.016056
0.016056
0.016339
0.016339
0.016110
0.016110
0.016812
0.016812
0.016088
0.016088
0.015938
0.015938
0.015614
0.014707
0.014707
0.014556
0.014556
0.014825
0.015332
0.015993
0.016969
0.016969
0.016207
0.016207
0.016207
0.015124
0.015124
0.015681
0.015759
0.015759
0.015843
0.015843
0.016841
0.017040
0.016841
0.015978
0.015978
0.015978
0.015467
0.015467
0.015481
0.015481
0.015481
0.016009
0.016240
0.016240
0.015943
0.015943
0.015630
0.016188
0.015758
0.015758
0.015008
0.015008
0.014980
0.014980
0.014786
0.014328
0.014072
0.014049
0.014072
0.014545
0.014717
0.014636
0.014636
0.014598
0.014214
0.012735
0.012166
0.008781
0.002534
-0.003389
-0.006260
-0.009573
-0.009781
-0.010370
-0.010370
-0.010906
-0.011400
-0.014577
-0.014952
-0.017955
-0.020897
-0.023323
-0.025849
-0.026394
-0.026394
-0.026394
-0.027679
-0.028967
-0.030957
-0.031102
-0.032907
