-0.024469
-0.024469
-0.024580
-0.024763
-0.025034
-0.025034
-0.024768
-0.023519
-0.022364
-0.020219
-0.017526
-0.014674
-0.010077
-0.009423
-0.006603
-0.000796
0.000135
0.002984
0.007058
0.007409
0.008705
0.009471
0.009694
0.009774
0.009774
0.010186
0.010186
0.010164
0.009070
0.009215
0.009215
0.010740
0.010740
0.010757
0.010977
0.011033
0.011461
0.011380
0.011426
0.011426
0.011426
0.011118
0.010609
0.010576
0.010576
0.010955
0.011962
0.011962
0.011364
0.011334
0.011334
0.011887
0.011986
0.012048
0.012048
0.011330
0.011103
0.010063
0.010063
0.010197
0.010402
0.011498
0.011873
0.014435
0.014720
0.014720
0.014720
0.014039
0.012388
0.011801
0.011080
0.010844
0.010844
0.010844
0.010963
0.010963
0.010963
0.010395
0.009889
0.009673
0.009889
0.009822
0.009822
0.008698
0.008135
0.008221
0.008221
0.008359
0.008366
0.008366
0.008376
0.008453
0.008376
0.007091
0.007091
0.007342
0.008084
0.008084
0.008196
0.008196
0.008361
0.008489
0.008386
0.008489
0.008941
0.008941
0.008976
0.008247
0.008247
0.008177
0.007219
0.006902
0.006787
0.006233
0.006220
0.005687
0.005344
0.005344
0.005067
0.005656
0.005897
0.006175
0.006713
0.006713
0.006648
0.006326
0.005317
0.005317
0.004955
0.004955
0.004955
0.005618
0.005618
0.005458
0.005458
0.005458
0.004127
0.002968
0.002709
0.001020
-0.003233
-0.006984
-0.011261
-0.015195
-0.015578
-0.017608
-0.019451
-0.020166
-0.022440
-0.023857
-0.023895
-0.024674
-0.025365
-0.026157
-0.026336
-0.026628
-0.026336
-0.025902
-0.025902
-0.025721
-0.026399
-0.026041
-0.026041
-0.026041
-0.026092
