-0.026903
-0.026116
-0.025953
-0.025031
-0.024525
-0.024479
-0.023226
-0.022413
-0.021882
-0.021664
-0.021262
-0.021258
-0.020703
-0.017999
-0.015772
-0.014188
-0.013043
-0.011133
-0.008888
-0.007608
-0.006757
-0.006093
-0.004743
-0.003456
-0.001991
-0.001827
-0.000800
0.000348
0.001521
0.001608
0.002446
0.003457
0.003532
0.005834
0.005834
0.005834
0.008016
0.009712
0.011305
0.011740
0.012213
0.012220
0.012930
0.013321
0.014701
0.015941
0.015961
0.015987
0.016131
0.016140
0.016140
0.016282
0.016342
0.018402
0.019117
0.019309
0.019675
0.019309
0.019782
0.021009
0.021204
0.023846
0.023846
0.023121
0.023060
0.023060
0.022858
0.022858
0.022818
0.022724
0.022724
0.024293
0.024395
0.024517
0.024584
0.024517
0.023587
0.023421
0.023421
0.023281
0.023281
0.022347
0.022168
0.022168
0.023561
0.024139
0.025082
0.024218
0.024218
0.022524
0.022524
0.023338
0.024075
0.023668
0.023668
0.023668
0.023587
0.023260
0.022725
0.022725
0.023142
0.023704
0.024153
0.024153
0.024082
0.023424
0.023608
0.023319
0.023333
0.023333
0.023333
0.022054
0.021544
0.021256
0.020722
0.019439
0.018577
0.018749
0.018749
0.021059
0.021059
0.021240
0.020977
0.020722
0.020067
0.020722
0.021779
0.021873
0.021873
0.023393
0.025279
0.025279
0.023944
0.023944
0.024205
0.024317
0.024205
0.024317
0.025254
0.025254
0.024560
0.024560
0.024069
0.024691
0.024069
0.024020
0.023581
0.022888
0.022888
0.023213
0.023584
0.023587
0.023587
0.023593
0.023344
0.023417
0.023344
0.022919
0.022919
0.024481
0.024481
0.024404
0.024404
0.024404
0.023792
0.023155
0.023792
0.024459
0.024459
0.024459
0.024910
0.024910
0.026248
0.023992
0.026186
0.025829
0.026186
0.025929
0.025929
0.025070
0.025070
0.025408
0.025718
0.026166
0.026467
0.027388
0.028083
0.028083
0.028818
0.027876
0.027800
0.027800
0.028874
0.030167
0.030023
0.030023
0.030023
0.029339
0.029144
0.029144
0.029953
0.030260
0.030260
0.029193
0.029193
0.030911
0.031138
0.031138
0.030336
0.030265
0.030265
0.029756
0.029677
0.028495
0.028495
0.029649
0.029894
0.029980
0.029980
0.029814
0.029015
0.028794
0.027304
0.025640
0.025176
0.024971
0.024971
0.025442
0.025442
0.025442
0.025622
0.027107
0.026262
0.027371
0.026262
0.027354
0.025687
0.027354
0.026749
0.027635
0.027574
0.027635
0.027574
0.027641
0.027173
0.026538
0.025747
0.025365
0.025365
0.025365
0.026012
0.026012
0.024534
0.024404
0.024268
0.023754
0.023754
0.024018
0.024973
0.024973
0.025851
0.025851
0.026175
0.025275
0.026098
0.026098
0.027353
0.027353
0.027381
0.028791
0.028791
0.028228
0.028228
0.028511
0.029903
0.029974
0.031181
0.031212
0.031460
0.032530
0.031460
0.031205
0.031164
0.030261
0.028585
0.028536
0.028536
0.028308
0.027643
0.026701
0.026701
0.026970
0.026970
0.027516
0.029663
0.031280
0.032807
0.034016
0.034016
0.033163
0.033163
0.033229
0.033783
0.033783
0.031136
0.031136
0.030988
0.030549
0.029502
0.029502
0.030204
0.030204
0.030087
0.029522
0.029522
0.029522
0.028358
0.028358
0.029133
0.029349
0.029133
0.028993
0.028206
0.028117
0.028206
0.027821
0.026887
0.021288
0.017052
0.013032
0.011675
0.008323
0.003259
0.002198
0.000811
-0.003269
-0.004094
-0.004427
-0.004629
-0.006401
-0.006711
-0.007230
-0.007531
-0.007531
-0.007531
-0.009354
-0.009354
-0.009580
-0.010893
-0.010974
