-0.012181
-0.009829
-0.009819
-0.009433
-0.008526
-0.008526
-0.009010
-0.009432
-0.009540
-0.009540
-0.007821
-0.007815
-0.007821
-0.008471
-0.008471
-0.009145
-0.009773
-0.010010
-0.010010
-0.007277
-0.007277
-0.008426
-0.008426
-0.007620
-0.006604
-0.006604
-0.006444
-0.006444
-0.006085
-0.004859
-0.004859
-0.004727
-0.002522
-0.002472
-0.002229
-0.001970
-0.001513
-0.000673
-0.000673
-0.000786
-0.001396
-0.001396
-0.001278
-0.000227
-0.000227
-0.002776
-0.002776
0.000092
0.000092
-0.001422
-0.001422
0.001040
0.001040
0.001855
0.002341
0.003500
0.003500
0.003463
0.003463
0.006907
0.007850
0.007850
0.007850
0.008492
0.008492
0.008633
0.009914
0.009914
0.009914
0.011896
0.011896
0.008774
0.008774
0.011239
0.011239
0.009561
0.009561
0.011733
0.011733
0.011239
0.010281
0.009460
0.009460
0.009701
0.011094
0.009761
0.011094
0.012197
0.012576
0.012622
0.013851
0.013024
0.013024
0.012383
0.012383
0.011801
0.012333
0.011801
0.012333
0.012307
0.012307
0.012086
0.012086
0.012301
0.015042
0.015042
0.014116
0.012922
0.014116
0.015736
0.015736
0.015457
0.015397
0.015397
0.015354
0.015079
0.013530
0.012860
0.011459
0.010428
0.008609
0.009011
0.009011
0.011347
0.011347
0.011760
0.011493
0.012469
0.012757
0.014250
0.014250
0.014250
0.014316
0.014849
0.015517
0.015517
0.014756
0.014756
0.014611
0.014947
0.015635
0.015859
0.015635
0.015159
0.015159
0.015622
0.015904
0.015622
0.015624
0.015624
0.015633
0.015633
0.014370
0.013419
0.013419
0.013419
0.014277
0.016658
0.016658
0.015669
0.015669
0.015894
0.016348
0.016067
0.016067
0.014887
0.014859
0.013829
0.013401
0.013401
0.013173
0.011899
0.011286
0.010023
0.008163
0.005759
0.002599
0.002413
0.000706
-0.001430
-0.004386
-0.005565
-0.005845
-0.005845
-0.006471
-0.005944
-0.007317
-0.009281
-0.009281
-0.007006
-0.006081
-0.005416
-0.005416
-0.005709
-0.005919
-0.006026
-0.006851
-0.006851
-0.006851
-0.008270
-0.008299
-0.009916
-0.009948
-0.010821
-0.012318
-0.012479
-0.013707
-0.015802
