-0.032431
-0.031714
-0.032178
-0.031714
-0.030142
-0.029831
-0.029174
-0.028796
-0.026124
-0.023950
-0.023950
-0.023581
-0.022839
-0.022330
-0.020081
-0.019846
-0.018027
-0.015731
-0.012187
-0.010166
-0.009109
-0.007907
-0.004739
-0.004212
-0.003907
-0.003472
-0.003219
-0.002762
-0.002762
-0.002762
-0.002360
-0.001906
-0.001906
-0.001906
-0.002467
-0.001310
-0.001970
-0.001310
0.001075
0.001099
0.001361
0.001658
0.003777
0.003817
0.004926
0.005609
0.005638
0.006137
0.006137
0.005949
0.005859
0.004765
0.004240
0.004061
0.004061
0.004038
0.004038
0.003143
0.003243
0.003243
0.003243
0.003657
0.003113
0.003072
0.003072
0.003417
0.005069
0.004805
0.004805
0.004309
0.004309
0.003882
0.003566
0.003566
0.003926
0.003926
0.003355
0.003355
0.003701
0.003701
0.003504
0.003504
0.003504
0.002858
0.002858
0.003993
0.003993
0.003984
0.003984
0.003949
0.003949
0.003818
0.003396
0.003396
0.003128
0.002180
0.002180
0.002180
0.002292
0.002864
0.002925
0.004079
0.004079
0.003881
0.002392
0.001731
0.001392
0.001295
0.000453
-0.000452
-0.000459
-0.001786
-0.002747
-0.005383
-0.009859
-0.013410
-0.014725
-0.015405
-0.015481
-0.016083
-0.017616
-0.017829
-0.018671
-0.018978
-0.018999
-0.019507
-0.020236
