-0.016490
-0.015989
-0.015288
-0.015729
-0.015729
-0.016128
-0.016493
-0.016493
-0.016493
-0.017177
-0.017177
-0.016406
-0.016036
-0.015543
-0.015391
-0.015391
-0.016839
-0.016839
-0.016331
-0.016146
-0.013155
-0.013127
-0.010591
-0.009559
-0.009429
-0.004139
0.001425
0.007096
0.007407
0.010661
0.012987
0.015820
0.021421
0.022969
0.022969
0.022928
0.022547
0.022928
0.022547
0.017749
0.017604
0.017100
0.015291
0.015291
0.018298
0.020413
0.021134
0.021134
0.021026
0.020394
0.019683
0.020044
0.020044
0.020044
0.018828
0.018828
0.018828
0.018776
0.018451
0.017563
0.016986
0.016986
0.018227
0.018311
0.018311
0.019142
0.019270
0.019270
0.019656
0.018948
0.018494
0.017973
0.017973
0.017756
0.017543
0.017543
0.017652
0.017652
0.017157
0.017157
0.017841
0.017841
0.016569
0.015997
0.015753
0.015753
0.015753
0.015191
0.015191
0.014921
0.015454
0.015600
0.015831
0.015600
0.015543
0.015543
0.015543
0.015049
0.015049
0.015345
0.015345
0.014518
0.014341
0.013890
0.013890
0.013924
0.013948
0.013924
0.013948
0.013863
0.013625
0.013084
0.013168
0.013084
0.012135
0.012135
0.012088
0.012260
0.012088
0.011812
0.011522
0.011522
0.011195
0.010724
0.010724
0.011997
0.011997
0.011997
0.011009
0.008192
0.007988
0.008192
0.010197
0.014935
0.014935
0.014144
0.012098
0.012098
0.011487
0.011247
0.011247
0.010575
0.010575
0.010575
0.010018
0.009961
0.009841
0.008519
0.008264
0.008264
0.007934
0.007591
0.007401
0.007401
0.007349
0.006824
0.006824
0.006400
0.006189
0.006400
0.006189
0.005965
0.005617
0.005965
0.005455
0.005455
0.005441
0.004001
0.003958
0.003958
0.003760
0.003760
0.002949
0.002388
0.002388
0.002315
0.001308
0.001285
0.000207
-0.000634
-0.001038
-0.001038
-0.001038
-0.001596
-0.002391
-0.002609
-0.003679
-0.004024
-0.004236
-0.005756
-0.005756
-0.005208
-0.004577
-0.004310
-0.004205
-0.004205
-0.005292
-0.006485
-0.006485
-0.007276
-0.008370
-0.008483
-0.008584
-0.008622
-0.010863
-0.011447
-0.011856
-0.012516
-0.012694
-0.013883
-0.014119
-0.014592
-0.014592
-0.014592
-0.016612
-0.016612
-0.016225
-0.016225
-0.017812
-0.017812
-0.018219
-0.018293
-0.018981
-0.019264
-0.019021
-0.020246
-0.020246
-0.021300
-0.021754
-0.022055
-0.022523
-0.022569
-0.024157
-0.025554
-0.025973
-0.027306
-0.028323
-0.028868
-0.029054
-0.029970
-0.030554
-0.030554
-0.030637
