-0.009172
-0.009172
-0.010724
-0.011145
-0.011166
-0.011166
-0.009821
-0.007718
-0.007718
-0.007398
-0.007398
-0.006724
-0.005637
-0.004955
-0.003431
-0.003431
-0.004460
-0.004545
-0.004545
-0.004298
-0.002921
-0.002203
-0.000846
-0.000657
-0.000657
-0.000566
-0.000265
-0.000173
0.000192
0.002379
0.002379
0.002379
0.001602
0.002391
0.001602
0.001608
0.001608
0.002119
0.003599
0.004455
0.005516
0.005704
0.005704
-0.000036
-0.001113
-0.005128
-0.005128
-0.003805
-0.003805
-0.004298
-0.004298
-0.005452
-0.005464
-0.005464
-0.003986
-0.003377
-0.003377
-0.003125
-0.003125
-0.003125
-0.003451
-0.003451
-0.003995
-0.003995
-0.004255
-0.003987
-0.003649
-0.003649
-0.003412
-0.003326
-0.002832
-0.002832
-0.002832
-0.003024
-0.002689
-0.003142
-0.003188
-0.003238
-0.003585
-0.003238
-0.003069
-0.003069
-0.003376
-0.003376
-0.004048
-0.004048
-0.004570
-0.004570
-0.004060
-0.004055
-0.002871
-0.002391
-0.002871
-0.003399
-0.003399
-0.003203
-0.001950
-0.001049
-0.001049
-0.001279
-0.001279
-0.001279
-0.002089
-0.002089
-0.000749
-0.000107
-0.000107
-0.000249
-0.001034
-0.001294
-0.001294
-0.001055
-0.001039
0.000267
0.001143
0.001745
0.004865
0.005505
0.006797
0.006797
0.008140
0.008140
0.008140
0.008051
0.007907
0.007907
0.008459
0.008459
0.006643
0.006643
0.006758
0.007020
0.007020
0.007488
0.007488
0.008860
0.008860
0.007559
0.007559
0.007869
0.007869
0.007869
0.008802
0.008802
0.008254
0.008254
0.008260
0.009624
0.008330
0.009246
0.009246
0.009536
0.009798
0.009536
0.009501
0.009501
0.009778
0.009778
0.009732
0.009732
0.010075
0.010426
0.010655
0.011235
0.011235
0.011520
0.011113
0.010318
0.009874
0.009874
0.009893
0.010537
0.010537
0.011295
0.010549
0.011512
0.012668
0.012826
0.013040
0.013040
0.013031
0.013031
0.013126
0.013872
0.013872
0.013872
0.012827
0.012502
0.012468
0.012066
0.012066
0.012406
0.013254
0.013254
0.012730
0.011769
0.011736
0.011736
0.012621
0.012621
0.013578
0.012510
0.012270
0.012270
0.012023
0.011902
0.011022
0.011022
0.010542
0.010916
0.010916
0.011332
0.011961
0.011961
0.010475
0.010475
0.010329
0.010329
0.010329
0.011122
0.012166
0.012166
0.012166
0.011345
0.010882
0.010717
0.010663
0.009981
0.009455
0.009429
0.009125
0.009125
0.009125
0.009137
0.009124
0.009572
0.009124
0.009058
0.007966
0.007966
0.007966
0.008382
0.008382
0.009177
0.009429
0.009429
0.009251
0.009251
0.009465
0.009465
0.007389
0.007389
0.008051
0.008840
0.009320
0.009363
0.009363
0.009363
0.008674
0.008674
0.009128
0.009647
0.009376
0.009376
0.009005
0.009005
0.009005
0.009001
0.008722
0.008036
0.007167
0.008036
0.008635
0.009333
0.008635
0.008489
0.007868
0.007544
0.007350
0.007350
0.007350
0.007925
0.008429
0.009071
0.009071
0.008164
0.007323
0.006707
0.006493
0.006360
0.006493
0.006360
0.005781
0.004444
0.003918
0.000245
-0.001735
-0.004009
-0.004189
-0.004648
-0.006684
-0.010056
-0.010422
-0.010056
-0.010001
-0.010001
-0.010808
-0.011228
-0.011679
-0.011791
-0.011791
-0.011791
-0.013462
-0.015452
-0.015452
-0.013372
-0.013372
-0.015242
-0.015242
-0.015242
