-0.009361
-0.007587
-0.007587
-0.007587
-0.006098
-0.006098
-0.006172
-0.006806
-0.007702
-0.007702
-0.006568
-0.006396
-0.006568
-0.006844
-0.006914
-0.006914
-0.006992
-0.008045
-0.008181
-0.008181
-0.008181
-0.007772
-0.007895
-0.007895
-0.007938
-0.007938
-0.007661
-0.007419
-0.006895
-0.006412
-0.006412
-0.006155
-0.005239
-0.005118
-0.004715
-0.004715
-0.002328
-0.001660
-0.001660
-0.001660
-0.001280
-0.000436
-0.000404
0.001457
0.002499
0.003511
0.003859
0.004460
0.005390
0.005677
0.006166
0.006155
0.007002
0.008924
0.008924
0.008735
0.008735
0.009564
0.015899
0.016682
0.016785
0.017179
0.017179
0.016550
0.016200
0.015768
0.014946
0.014569
0.014529
0.014529
0.015287
0.015287
0.014360
0.014360
0.015292
0.015292
0.012953
0.012953
0.014003
0.014003
0.013687
0.013135
0.013135
0.013786
0.013786
0.012806
0.012806
0.013826
0.013826
0.013501
0.012180
0.013327
0.013327
0.013327
0.012741
0.012741
0.012586
0.012787
0.012864
0.012864
0.012165
0.012071
0.012165
0.012209
0.012209
0.012414
0.012199
0.011885
0.011885
0.012362
0.012362
0.011479
0.011479
0.012230
0.012230
0.012464
0.012464
0.012464
0.013049
0.012453
0.011692
0.011374
0.011692
0.012231
0.012877
0.012877
0.012877
0.012787
0.012618
0.011870
0.011870
0.012774
0.013030
0.013030
0.012625
0.012043
0.012043
0.011892
0.011892
0.013124
0.013124
0.012870
0.012677
0.012263
0.011711
0.011258
0.010781
0.009867
0.007766
0.004001
0.001131
-0.000791
-0.005978
-0.008730
-0.009357
-0.010679
