-0.031472
-0.023164
-0.020155
-0.020155
-0.023580
-0.023580
-0.023011
-0.022829
-0.020803
-0.020462
-0.019144
-0.015763
-0.014430
-0.012903
-0.011209
-0.010208
-0.010208
-0.010122
-0.009401
-0.008669
-0.008319
-0.007707
-0.006928
-0.006695
-0.005521
-0.005293
-0.005293
-0.005109
-0.005584
-0.005109
-0.005073
-0.005037
-0.005037
-0.004900
-0.004310
-0.003906
-0.003906
-0.003809
-0.003933
-0.003665
-0.003490
-0.003490
-0.003490
-0.003301
-0.002946
-0.002755
-0.002555
-0.002755
-0.002555
-0.002545
-0.002503
-0.002202
-0.001427
-0.000972
-0.000972
-0.000725
-0.000993
-0.001827
-0.001827
-0.001827
-0.002284
-0.002594
-0.002631
-0.002631
-0.003386
-0.003386
-0.003386
-0.003310
-0.002864
-0.002235
-0.001938
-0.001533
-0.001533
-0.001875
-0.002050
-0.002050
-0.003290
-0.003290
-0.003274
-0.003082
-0.002988
-0.002858
-0.002323
-0.002323
-0.003235
-0.003235
-0.003235
-0.003711
-0.003711
-0.003035
-0.002886
-0.002886
-0.002901
-0.003306
-0.002901
-0.002819
-0.002801
-0.002819
-0.003800
-0.003970
-0.003970
-0.003970
-0.003695
-0.003184
-0.003184
-0.003196
-0.003715
-0.003715
-0.003987
-0.003987
-0.003252
-0.002912
-0.002912
-0.003317
-0.004144
-0.004144
-0.004123
-0.004123
-0.004333
-0.004357
-0.005045
-0.005379
-0.005466
-0.005879
-0.005939
-0.006527
-0.006527
-0.006446
-0.006380
-0.006446
-0.005925
-0.006040
-0.005925
-0.006040
-0.006947
-0.006947
-0.006250
-0.006250
-0.007526
-0.007813
-0.008246
-0.008246
-0.008246
-0.009413
-0.009413
-0.009606
-0.009606
-0.010802
-0.010802
-0.011034
-0.010781
-0.011065
-0.011065
-0.012184
-0.012184
-0.012501
-0.012095
-0.012095
-0.011514
-0.011514
-0.012379
-0.012467
-0.012566
-0.013758
-0.013758
-0.013758
-0.013370
-0.013486
-0.013486
-0.013955
-0.014931
-0.015802
-0.015865
-0.017010
-0.017608
-0.017608
-0.017608
-0.017706
-0.018363
-0.020044
-0.020044
-0.020415
-0.019906
-0.019728
-0.019728
-0.019728
-0.019174
-0.019079
-0.019079
-0.019166
-0.019166
-0.019166
-0.018806
-0.018626
-0.018626
-0.019469
