-0.002776
-0.001491
-0.001491
-0.002881
-0.002881
-0.002482
-0.002304
-0.002304
-0.001689
-0.002229
-0.001058
-0.001536
-0.001058
-0.000762
-0.000631
-0.000261
-0.000261
-0.000527
-0.000527
-0.000527
-0.000114
0.000651
0.000651
0.000245
-0.000009
-0.000009
-0.000037
-0.000003
0.000779
0.000807
0.001559
0.000807
0.001204
0.001204
0.002638
0.003014
0.003367
0.003672
0.003908
0.004271
0.006268
0.007806
0.008785
0.009458
0.010450
0.010863
0.012989
0.013109
0.014354
0.014799
0.015505
0.017569
0.017731
0.020918
0.020962
0.021645
0.023007
0.023782
0.023782
0.023620
0.023620
0.023783
0.023783
0.023859
0.024027
0.024952
0.024952
0.024908
0.024908
0.024908
0.025701
0.026024
0.026249
0.026378
0.026249
0.026320
0.026320
0.026320
0.026164
0.025970
0.025513
0.025513
0.025892
0.025892
0.026621
0.025977
0.025977
0.025220
0.024984
0.024569
0.024569
0.024421
0.024421
0.025258
0.025258
0.025120
0.024293
0.024154
0.024154
0.024780
0.024780
0.024780
0.025522
0.025522
0.025028
0.025028
0.024180
0.023745
0.023512
0.023425
0.022041
0.018372
0.010347
0.007573
0.002370
0.001793
0.000762
-0.000195
-0.001448
-0.001448
-0.000917
-0.000917
-0.003046
-0.003366
-0.004508
-0.005079
-0.006179
-0.006453
-0.007305
-0.008081
-0.009554
-0.009554
-0.009370
-0.009259
-0.007892
-0.007510
-0.007510
