-0.009218
-0.009001
-0.009218
-0.009672
-0.009672
-0.009623
-0.009615
-0.009038
-0.008531
-0.008324
-0.008173
-0.007030
-0.007030
-0.007420
-0.007869
-0.007869
-0.008000
-0.007786
-0.007786
-0.006263
-0.004343
-0.003665
-0.000796
0.002795
0.003640
0.008096
0.011458
0.014926
0.016061
0.017379
0.018200
0.019590
0.021294
0.021946
0.023938
0.023938
0.023482
0.023482
0.023518
0.024274
0.024474
0.024474
0.026533
0.026533
0.025701
0.024298
0.024298
0.027005
0.027005
0.027371
0.027505
0.027749
0.027749
0.027818
0.027740
0.027227
0.026982
0.026982
0.027599
0.027907
0.027971
0.028193
0.028193
0.027477
0.026517
0.026218
0.026517
0.027883
0.028524
0.028924
0.028924
0.028900
0.028900
0.028933
0.030358
0.030656
0.030656
0.029524
0.029295
0.028987
0.029295
0.028943
0.029581
0.029741
0.029741
0.030295
0.030366
0.030366
0.028841
0.028841
0.029419
0.029419
0.030455
0.028848
0.029880
0.029326
0.029326
0.029326
0.028788
0.028788
0.028639
0.028503
0.028503
0.029738
0.029890
0.031580
0.031580
0.029712
0.029312
0.028845
0.029312
0.030594
0.030594
0.030153
0.029891
0.029891
0.029891
0.028558
0.027943
0.027943
0.027734
0.026408
0.025153
0.025086
0.025086
0.024614
0.023869
0.018806
0.015302
0.012036
0.011982
0.011716
0.008843
0.005838
0.003566
0.002245
-0.000835
-0.003111
-0.003946
-0.004228
-0.006468
-0.006468
-0.006164
-0.005816
-0.006164
-0.008273
-0.009240
-0.011960
-0.013747
-0.014799
-0.015484
-0.015804
