-0.025454
-0.024312
-0.023875
-0.023053
-0.022443
-0.021836
-0.020838
-0.020838
-0.018830
-0.017516
-0.016607
-0.016330
-0.015321
-0.014347
-0.014347
-0.014245
-0.012528
-0.012294
-0.012259
-0.011812
-0.010716
-0.010319
-0.009757
-0.008507
-0.008436
-0.006319
-0.005474
-0.005256
-0.002976
-0.002511
-0.000104
0.000984
0.002107
0.002488
0.002903
0.002985
0.002985
0.002014
0.002014
0.002084
0.002207
0.002444
0.002444
0.001551
0.001551
0.001551
0.001089
0.001089
0.001473
0.001545
0.002002
0.002207
0.002002
0.001844
0.001844
0.002574
0.002778
0.002781
0.003935
0.004063
0.004063
0.004697
0.005735
0.005735
0.005813
0.005813
0.006765
0.007955
0.007981
0.007955
0.008369
0.008411
0.008584
0.008584
0.009324
0.009859
0.010319
0.012569
0.014166
0.014772
0.014772
0.014772
0.014499
0.014538
0.014538
0.014593
0.014593
0.014799
0.014554
0.014934
0.014554
0.014317
0.014070
0.014007
0.013551
0.013877
0.013566
0.013868
0.013566
0.013868
0.014610
0.014719
0.014719
0.014683
0.014683
0.014795
0.015508
0.014795
0.014822
0.014650
0.014624
0.014338
0.014338
0.014282
0.014162
0.013740
0.013740
0.013740
0.013894
0.013894
0.015065
0.015112
0.015239
0.015808
0.015808
0.015959
0.015959
0.018395
0.018576
0.018905
0.019415
0.020589
0.022082
0.023165
0.024756
0.024841
0.026310
0.029591
0.033065
0.033065
0.031136
0.029520
0.029520
0.029495
0.029527
0.029527
0.029527
0.029093
0.027455
0.027455
0.027665
0.027889
0.027665
0.027420
0.027309
0.027162
0.026785
0.026785
0.027717
0.028226
0.028226
0.027897
0.026854
0.027367
0.027367
0.027367
0.027508
0.027176
0.027128
0.027128
0.027128
0.023685
0.022397
0.022397
0.024146
0.028493
0.028968
0.029289
0.028968
0.029223
0.029223
0.029223
0.028938
0.028449
0.027989
0.027989
0.027989
0.027966
0.027854
0.027608
0.026317
0.026317
0.027156
0.027301
0.027873
0.028008
0.028008
0.026886
0.024950
0.023996
0.023996
0.023996
0.023200
0.022141
0.022141
0.022394
0.022394
0.021037
0.021037
0.021398
0.022195
0.022195
0.022713
0.023622
0.023622
0.016373
0.013609
0.013609
0.015900
0.021742
0.023411
0.023411
0.022307
0.021896
0.021896
0.022109
0.022659
0.022935
0.023093
0.023093
0.023093
0.023068
0.022442
0.022086
0.021513
0.022086
0.021588
0.022142
0.022163
0.022165
0.022646
0.022165
0.022444
0.021854
0.022414
0.021854
0.021559
0.021494
0.021494
0.021494
0.022125
0.022125
0.021750
0.021660
0.021750
0.021063
0.021797
0.020977
0.020628
0.020628
0.020284
0.020284
0.019749
0.019749
0.019951
0.020006
0.020207
0.020672
0.021363
0.021585
0.021585
0.020102
0.019829
0.020102
0.019829
0.019358
0.019358
0.019532
0.019532
0.019181
0.019181
0.019369
0.019495
0.020148
0.020148
0.020148
0.019920
0.019920
0.019920
0.019849
0.020147
0.021242
0.021250
0.021242
0.021461
0.021455
0.021455
0.021007
0.020273
0.018971
0.018971
0.019262
0.019477
0.019477
0.019477
0.019577
0.019577
0.019974
0.020800
0.020800
0.020506
0.020260
0.019932
0.019398
0.019398
0.019398
0.019168
0.018726
0.018188
0.018188
0.017900
0.016695
0.016416
0.016326
0.015849
0.015849
0.016057
0.016116
0.016405
0.017851
0.017851
0.017666
0.017128
0.014941
0.014180
0.014180
0.014458
0.014458
0.014310
0.013219
0.012696
0.010371
0.009253
0.008963
0.006730
0.005017
0.004963
0.003474
0.000242
-0.002125
-0.003225
-0.003810
-0.005160
-0.006159
-0.008724
-0.009040
-0.009250
-0.010055
-0.011035
-0.011035
-0.010671
-0.010671
-0.010671
-0.009906
-0.009651
-0.009651
-0.010097
-0.010166
-0.011215
-0.011490
-0.011986
-0.011986
-0.011221
-0.011221
-0.012523
