-0.029821
-0.029821
-0.029821
-0.028670
-0.028670
-0.029219
-0.029805
-0.030071
-0.030071
-0.029981
-0.028203
-0.027694
-0.027103
-0.025967
-0.024175
-0.024092
-0.022376
-0.020537
-0.020062
-0.018114
-0.017506
-0.015763
-0.014769
-0.011853
-0.011529
-0.010178
-0.008599
-0.007552
-0.008295
-0.007464
-0.006926
-0.006143
-0.006143
-0.005788
-0.005531
-0.005531
-0.005308
-0.005770
-0.005711
-0.005711
-0.003789
-0.003418
-0.003329
-0.002520
-0.002287
-0.002287
-0.004479
-0.006520
-0.008951
-0.010115
-0.010115
-0.008672
-0.007030
-0.004488
-0.004488
-0.004488
-0.003894
-0.003743
-0.002462
-0.001932
-0.001727
-0.001932
-0.001802
-0.001838
-0.001838
-0.002050
-0.002330
-0.002330
-0.002330
-0.002130
-0.002345
-0.002130
-0.002345
-0.002633
-0.002633
-0.002594
-0.002184
-0.002184
-0.002243
-0.002243
-0.000915
-0.000825
-0.000594
-0.000466
-0.000283
-0.000116
-0.000283
-0.000116
-0.000060
0.000416
0.000514
0.000514
0.000648
0.000648
0.000105
-0.000330
0.000011
-0.000360
-0.000661
-0.000907
-0.000661
-0.001035
-0.001035
-0.001429
-0.001429
-0.001326
-0.001326
-0.001476
-0.001577
-0.001476
-0.001147
-0.001147
-0.001896
-0.002202
-0.002471
-0.002471
-0.006895
-0.007784
-0.007784
-0.005281
-0.004619
-0.002121
-0.002036
-0.002036
-0.002288
-0.002565
-0.002565
-0.002906
-0.002906
-0.002899
-0.002448
-0.002427
-0.002006
-0.002427
-0.003353
-0.003472
-0.003647
-0.003750
-0.003647
-0.003640
-0.002661
-0.002661
-0.003534
-0.003575
-0.003575
-0.003575
-0.004778
-0.004778
-0.003908
-0.003908
-0.004463
-0.004463
-0.004328
-0.004095
-0.004040
-0.003951
-0.003951
-0.004062
-0.004603
-0.004793
-0.004603
-0.004512
-0.004479
-0.004512
-0.003367
-0.003367
-0.003367
-0.003699
-0.003699
-0.003260
-0.003260
-0.003368
-0.003368
-0.003306
-0.001717
-0.001717
-0.002802
-0.002802
-0.002308
-0.002226
-0.002078
-0.001843
-0.001597
-0.001519
-0.001047
-0.001519
-0.001047
-0.001063
-0.001063
-0.001086
-0.001339
-0.001528
-0.001946
-0.001946
-0.001723
-0.001723
-0.001723
-0.002207
-0.002506
-0.003139
-0.003139
-0.003139
-0.003104
-0.002772
-0.002658
-0.002658
-0.003107
-0.003195
-0.003107
-0.002474
-0.001973
-0.001873
-0.001494
-0.000786
-0.000786
-0.001843
-0.002465
-0.002465
-0.002086
-0.002086
-0.001706
-0.001598
-0.001598
-0.001884
-0.002358
-0.002850
-0.002850
-0.002648
-0.002096
-0.000908
-0.000908
-0.001152
-0.001152
-0.000966
-0.000782
-0.000321
-0.000036
-0.000036
-0.000579
-0.000579
-0.000579
-0.000632
-0.000632
-0.000766
-0.001157
-0.002245
-0.003034
-0.003658
-0.003869
-0.004077
-0.004086
-0.005021
-0.005021
-0.004988
-0.004401
-0.004988
-0.007493
-0.014043
-0.014043
-0.012256
-0.009240
-0.009051
-0.009240
-0.009379
-0.009590
-0.009379
-0.008452
-0.008452
-0.010353
-0.010819
-0.011672
-0.011672
-0.012972
-0.013829
-0.015058
-0.015458
-0.015458
-0.014776
-0.013189
-0.012995
-0.012243
-0.012243
-0.012243
-0.010962
-0.010962
-0.010032
-0.010021
-0.009938
-0.010021
-0.009938
-0.009245
-0.009245
-0.010587
-0.011163
-0.013843
-0.014211
-0.016596
-0.025200
-0.027070
-0.027070
-0.023756
-0.023403
-0.023403
-0.022594
-0.021928
-0.021643
-0.021643
