-0.024113
-0.023163
-0.022827
-0.022789
-0.022155
-0.021195
-0.020965
-0.020866
-0.020072
-0.019346
-0.018849
-0.018625
-0.016758
-0.015646
-0.015163
-0.013780
-0.013249
-0.012844
-0.012111
-0.011240
-0.008922
-0.008699
-0.007279
-0.006729
-0.006225
-0.005616
-0.005086
-0.004193
-0.003498
-0.001473
0.002083
0.003695
0.003738
0.004610
0.004610
0.004834
0.004834
0.005674
0.007978
0.008041
0.008829
0.010259
0.010266
0.012628
0.013077
0.013193
0.013077
0.011887
0.011887
0.012375
0.012375
0.010847
0.009566
0.008518
0.007755
0.006789
0.005154
0.000505
-0.001026
-0.001823
-0.005463
-0.008101
-0.009612
-0.012075
-0.012614
-0.015952
-0.016745
-0.017010
-0.017216
-0.017595
-0.017987
-0.017987
-0.017987
-0.018448
-0.019365
-0.019842
-0.020037
-0.021159
-0.021159
-0.021159
-0.022471
-0.022670
-0.022670
-0.021963
-0.021791
-0.021963
-0.022151
