-0.019858
-0.018169
-0.018169
-0.018502
-0.018502
-0.018805
-0.018413
-0.018413
-0.018218
-0.018218
-0.017821
-0.017637
-0.016962
-0.015584
-0.015109
-0.014750
-0.014175
-0.012152
-0.009191
-0.008241
-0.006688
-0.005640
-0.004922
-0.004825
-0.004922
-0.005318
-0.005318
-0.004623
-0.004623
-0.004100
-0.004766
-0.004112
-0.004388
-0.004388
-0.004458
-0.005068
-0.005656
-0.005714
-0.005714
-0.005884
-0.005517
-0.005662
-0.005662
-0.006451
-0.006657
-0.007024
-0.007267
-0.007901
-0.007993
-0.007993
-0.007993
-0.007302
-0.005754
-0.004143
-0.003852
-0.002402
-0.001124
-0.000556
0.001472
0.001579
0.002728
0.003230
0.003280
0.003230
0.003194
0.002910
0.002910
0.002910
0.002454
0.002454
0.002421
0.002562
0.002210
0.002562
0.002203
0.002051
0.001085
0.001575
0.001173
0.001173
0.000835
0.000374
-0.000960
-0.000960
-0.000869
-0.000589
-0.000869
-0.001118
-0.001118
0.000757
0.000757
0.000757
0.001219
0.001305
0.001445
0.001979
0.002351
0.002448
0.002448
0.002146
0.002146
0.002882
0.002882
0.002067
0.001892
0.000853
0.000853
0.001279
0.001279
0.001262
0.001262
0.001262
0.001045
0.001045
0.001281
0.001541
0.001541
0.000720
-0.000101
0.000720
0.001031
0.001031
0.000649
0.000649
0.003704
0.003704
0.002831
0.002373
0.002373
0.002649
0.002934
0.003016
0.003015
0.003139
0.003015
0.002631
0.002300
0.002300
0.002300
0.002528
0.002351
0.002770
0.003133
0.004250
0.004250
0.004250
0.003124
0.003645
0.003645
0.003645
0.003639
0.003184
0.002520
0.002321
0.002321
0.002321
0.001483
0.001239
0.001483
0.000723
0.001888
0.001722
0.001722
0.001440
0.000284
0.000284
0.000147
0.000492
0.000492
0.000722
0.000722
0.000672
-0.000601
-0.000601
0.000744
0.000867
0.001109
0.000867
-0.000066
-0.000211
-0.001332
-0.001486
-0.002003
-0.002903
-0.006651
-0.008372
-0.009471
-0.009514
-0.010911
-0.010911
-0.010911
-0.012286
-0.012286
-0.012539
-0.012274
-0.012539
-0.013975
-0.013975
-0.013445
-0.013445
-0.013323
-0.013300
-0.013300
-0.014565
-0.015162
