-0.022388
-0.019960
-0.019765
-0.017581
-0.017581
-0.019316
-0.019316
-0.018745
-0.018745
-0.018745
-0.018636
-0.018636
-0.018901
-0.018901
-0.018765
-0.018678
-0.018678
-0.019281
-0.019301
-0.019301
-0.019301
-0.019285
-0.019210
-0.019285
-0.019626
-0.019660
-0.019948
-0.019948
-0.019995
-0.018820
-0.016779
-0.013601
-0.013470
-0.012249
-0.009129
-0.006677
-0.004231
-0.002982
-0.001856
0.000608
0.000748
0.001705
0.002443
0.003370
0.004246
0.004639
0.006584
0.007129
0.007478
0.008318
0.008489
0.009546
0.009908
0.009908
0.009724
0.009435
0.009435
0.009639
0.009782
0.009782
0.010481
0.010490
0.010786
0.010786
0.010786
0.012317
0.012317
0.012276
0.012276
0.012472
0.013434
0.013307
0.013434
0.014481
0.014701
0.014701
0.014617
0.013631
0.013223
0.013223
0.013071
0.012345
0.012345
0.012871
0.014564
0.014564
0.014564
0.014278
0.014278
0.014278
0.014007
0.014007
0.013196
0.012223
0.012571
0.012571
0.013025
0.013025
0.013398
0.013398
0.014686
0.014686
0.014164
0.013986
0.012673
0.012673
0.013261
0.013285
0.013683
0.014278
0.013683
0.013502
0.013237
0.013502
0.013619
0.013619
0.013189
0.013189
0.012968
0.013246
0.013347
0.013347
0.012891
0.012891
0.013769
0.013769
0.013727
0.013387
0.013288
0.013288
0.013288
0.013422
0.013619
0.013619
0.012877
0.012877
0.012970
0.013348
0.013538
0.014223
0.014552
0.015334
0.015664
0.015871
0.015664
0.015871
0.015645
0.015477
0.015356
0.015371
0.015356
0.014872
0.014198
0.014146
0.014146
0.014146
0.014052
0.014052
0.014709
0.014934
0.015302
0.015602
0.015302
0.014845
0.014488
0.014142
0.014015
0.013182
0.012870
0.012870
0.014421
0.014421
0.013993
0.013993
0.014177
0.015460
0.015460
0.015423
0.014627
0.014627
0.014697
0.015401
0.015512
0.015705
0.016009
0.016009
0.015662
0.015616
0.015662
0.015635
0.015635
0.015635
0.015454
0.015454
0.015454
0.014666
0.015484
0.015484
0.015756
0.015756
0.015456
0.015102
0.015102
0.014904
0.014497
0.014106
0.014106
0.014352
0.014833
0.015131
0.015627
0.015868
0.016117
0.016117
0.016155
0.016037
0.016455
0.015591
0.015591
0.015062
0.015062
0.015861
0.015861
0.015972
0.016409
0.016539
0.016409
0.016539
0.016197
0.016575
0.016796
0.016796
0.016492
0.016185
0.015684
0.015684
0.015684
0.015859
0.014625
0.015271
0.014625
0.014647
0.014647
0.014940
0.014940
0.014737
0.014737
0.014814
0.014814
0.014814
0.015641
0.016304
0.016304
0.016304
0.016297
0.016297
0.016297
0.015628
0.015628
0.015915
0.015946
0.016084
0.016105
0.016105
0.016013
0.016013
0.016090
0.016090
0.016690
0.016642
0.016642
0.016421
0.016192
0.016192
0.016279
0.016279
0.015974
0.015974
0.016182
0.016991
0.016991
0.016338
0.016329
0.015965
0.014538
0.014538
0.014675
0.015263
0.015292
0.015512
0.015596
0.015924
0.015596
0.015301
0.015301
0.014958
0.015459
0.014958
0.015700
0.015413
0.015413
0.015286
0.015286
0.015028
0.015600
0.016233
0.016295
0.016483
0.016483
0.016483
0.016860
0.016860
0.016245
0.015697
0.015977
0.015697
0.015657
0.015626
0.015442
0.015437
0.015437
0.015470
0.015470
0.015203
0.013982
0.013982
0.013982
0.014181
0.013426
0.014022
0.014022
0.014022
0.013324
0.012807
0.012807
0.012807
0.012968
0.013454
0.013217
0.013217
0.013217
0.013079
0.013079
0.012398
0.012350
0.011773
0.011688
0.011688
0.011944
0.011944
0.012034
0.011809
0.011951
0.011951
0.011951
0.010693
0.010693
0.010231
0.008892
0.008308
0.008502
0.008280
0.008235
0.007180
0.006753
0.006753
0.006753
0.006196
0.005829
0.005768
0.004106
0.004106
0.004059
0.003842
0.003555
0.003277
0.002814
0.002550
0.001656
0.000655
-0.000834
-0.001826
-0.002437
-0.002554
-0.002554
-0.003122
-0.003122
-0.004207
-0.004513
-0.004513
-0.004513
-0.004351
-0.005461
-0.004606
-0.004606
-0.004495
-0.004340
-0.004340
-0.004340
-0.004381
-0.004381
-0.004500
-0.006601
