-0.032755
-0.031268
-0.031268
-0.033681
-0.034192
-0.037240
-0.038759
-0.038759
-0.038415
-0.035141
-0.034428
-0.030926
-0.030911
-0.029613
-0.028333
-0.028208
-0.027003
-0.026833
-0.024318
-0.023057
-0.019814
-0.019008
-0.017143
-0.015979
-0.014595
-0.012293
-0.010619
-0.008342
-0.005641
-0.005633
-0.003261
-0.001713
-0.000494
0.000099
0.001703
0.001720
0.002855
0.003146
0.004397
0.005524
0.006068
0.006397
0.007480
0.007480
0.007413
0.007413
0.007679
0.007891
0.007891
0.007898
0.008171
0.008288
0.008288
0.007668
0.007668
0.008046
0.008046
0.008654
0.008194
0.008194
0.007699
0.007699
0.007670
0.007993
0.007708
0.007993
0.009594
0.009827
0.009594
0.010010
0.009455
0.009455
0.009183
0.009183
0.009251
0.009251
0.009251
0.009309
0.009658
0.009960
0.010082
0.010082
0.011335
0.011335
0.010986
0.010986
0.010726
0.011015
0.011367
0.011449
0.011449
0.011431
0.010886
0.010518
0.010518
0.011398
0.011398
0.011358
0.010792
0.011358
0.010792
0.010752
0.009794
0.010752
0.010836
0.010854
0.010836
0.010761
0.010650
0.010761
0.011177
0.011796
0.011992
0.011992
0.011918
0.011720
0.011918
0.011765
0.012636
0.012418
0.012509
0.012418
0.012405
0.012180
0.012005
0.011613
0.011613
0.012068
0.012634
0.013863
0.014527
0.014569
0.014569
0.014569
0.014322
0.013851
0.012909
0.012909
0.013366
0.014449
0.014449
0.014449
0.014550
0.014623
0.014949
0.015826
0.016157
0.016762
0.016886
0.016886
0.015866
0.015866
0.017661
0.018274
0.018707
0.019154
0.019154
0.019154
0.018211
0.018111
0.017806
0.017806
0.017661
0.017661
0.016286
0.017852
0.017852
0.017986
0.019723
0.020110
0.020160
0.023728
0.024074
0.024074
0.021611
0.019147
0.017544
0.015764
0.014953
0.012016
0.007965
0.006258
0.003843
0.001739
-0.001255
-0.001255
0.002898
0.003052
0.003464
0.003464
0.002532
0.001881
0.001785
0.001752
0.001785
0.001752
0.000135
-0.007328
-0.008199
-0.008580
-0.008580
-0.006360
-0.006360
-0.006388
-0.006797
-0.006797
-0.006797
-0.007009
-0.007009
-0.007009
-0.007026
-0.007118
-0.008441
-0.009328
-0.009387
-0.009387
-0.009814
-0.010170
