-0.027110
-0.027016
-0.027016
-0.026218
-0.026218
-0.026490
-0.026490
-0.025037
-0.025037
-0.024921
-0.025770
-0.025409
-0.025571
-0.025571
-0.026250
-0.026250
-0.026029
-0.025444
-0.026029
-0.026693
-0.026778
-0.026778
-0.023145
-0.020897
-0.019988
-0.015447
-0.011666
-0.009778
-0.001527
-0.000314
0.003595
0.004110
0.005486
0.005718
0.005862
0.005786
0.005946
0.005786
0.005967
0.005626
0.005967
0.005704
0.006071
0.005704
0.005346
0.004283
0.001967
0.001219
0.001219
0.000890
-0.000324
-0.002018
-0.002745
-0.003162
-0.004350
-0.004550
-0.005157
-0.006300
-0.006300
-0.005545
-0.005201
-0.005307
-0.005201
-0.005307
-0.005404
-0.005464
-0.006101
-0.006345
-0.006101
-0.006345
-0.006674
-0.007090
-0.007351
-0.008941
-0.009018
-0.010763
-0.010763
-0.011163
-0.011536
-0.012139
-0.014848
-0.014848
-0.015440
-0.014274
-0.013802
-0.013771
-0.013771
-0.014714
-0.014714
-0.014783
-0.014592
-0.013959
-0.013849
-0.013959
-0.014291
-0.015090
-0.015090
-0.015277
-0.015277
-0.015469
-0.015770
-0.017029
-0.017029
-0.017922
-0.018374
-0.018964
-0.019449
-0.019449
-0.017650
-0.017650
-0.017728
-0.019541
-0.020222
-0.021402
-0.020222
-0.021195
-0.021195
-0.021823
-0.022747
-0.023070
-0.023070
-0.023096
-0.023077
-0.023096
-0.023077
-0.023064
-0.022752
-0.023064
-0.023225
-0.024557
-0.024906
-0.024906
-0.024906
