-0.001924
-0.001924
-0.001924
-0.001811
-0.001716
-0.001592
-0.001156
-0.001156
-0.001130
-0.000910
0.000360
0.000475
0.000764
0.000835
0.000835
0.000824
0.000796
0.000796
0.000796
0.000082
0.000082
0.000148
0.000979
0.000992
0.000979
0.001259
0.001174
0.001174
0.000410
0.000410
0.001160
0.001826
0.002385
0.003422
0.006659
0.006659
0.006190
0.006190
0.007741
0.007741
0.008088
0.009639
0.009639
0.009421
0.009336
0.009308
0.009336
0.009981
0.010319
0.010515
0.010319
0.010515
0.010693
0.011364
0.012099
0.012468
0.012582
0.013835
0.016067
0.019658
0.020308
0.020308
0.020308
0.021950
0.022299
0.021950
0.022310
0.023151
0.023151
0.022808
0.022808
0.024885
0.024885
0.024310
0.024310
0.024662
0.024936
0.025131
0.025545
0.025545
0.025651
0.025725
0.025952
0.025952
0.025444
0.025444
0.025784
0.025784
0.026353
0.025639
0.025511
0.024734
0.025511
0.025456
0.026182
0.026407
0.026980
0.026980
0.026980
0.027060
0.027872
0.027902
0.028373
0.028373
0.027499
0.027442
0.026495
0.026329
0.025723
0.025723
0.025723
0.026467
0.026467
0.026771
0.027123
0.027414
0.027123
0.027835
0.027835
0.027835
0.027217
0.026975
0.026584
0.026527
0.026382
0.026382
0.026491
0.026798
0.026798
0.026115
0.025432
0.026115
0.026099
0.026563
0.026145
0.026305
0.026145
0.025582
0.025493
0.025493
0.025592
0.025660
0.026171
0.025660
0.026448
0.025879
0.026099
0.025879
0.025580
0.025335
0.024438
0.024020
0.024020
0.024112
0.024516
0.024516
0.024516
0.024342
0.024342
0.023882
0.023185
0.022617
0.022617
0.022875
0.022875
0.023042
0.023338
0.023342
0.023342
0.023342
0.023627
0.023788
0.023666
0.023666
0.022132
0.022132
0.022338
0.022338
0.021866
0.021314
0.021314
0.021235
0.021235
0.021094
0.021044
0.020864
0.020560
0.019923
0.018946
0.018793
0.018787
0.018307
0.017629
0.016576
0.015079
0.013660
0.012734
0.010815
0.010815
0.010173
0.009450
0.009450
0.009219
0.008744
0.007487
0.006966
0.006510
0.005403
0.004360
0.003868
0.003066
0.002797
0.002221
0.000830
0.000125
0.000123
-0.001614
-0.002777
-0.004246
-0.004769
-0.004986
-0.006615
-0.007133
-0.007809
-0.008381
-0.008619
-0.008970
-0.011248
-0.011248
-0.010466
-0.010273
-0.010151
-0.010273
-0.011162
-0.011302
-0.011809
-0.011809
-0.012019
-0.012019
-0.011304
-0.011304
-0.011304
-0.011054
-0.010625
-0.010625
-0.010548
-0.010574
-0.010574
-0.011049
-0.011049
-0.009653
-0.009653
-0.010120
-0.010120
-0.009773
-0.009773
-0.009822
